
G49-PTC4  	G49-PTC14  	G49-PTC15  	G49-PTC17  	G49-PTC20  	G49-PTC32  	G49-PTC33  	G49-PTC44  	
Deg.F  	     Deg.F  	     Deg.F  	     Deg.F  	     Deg.F  	     Deg.F  	     Deg.F  	     Deg.F  	     
78.1  	     80.1  	     80.4  	     76.2  	     74.9  	     79.3  	     79.2  	     75.6  	     
78.1  	     80.1  	     80.4  	     76.2  	     74.9  	     79.3  	     79.2  	     75.6  	     
78.1  	     80.1  	     80.3  	     76.1  	     74.9  	     79.3  	     79.2  	     75.5  	     
78.4  	     80.3  	     80.3  	     76.4  	     73.5  	     79.5  	     79.5  	     75.7  	     
78.6  	     80.5  	     80.6  	     76.8  	     75.2  	     79.6  	     79.7  	     76.0  	     
78.7  	     80.8  	     80.8  	     77.1  	     75.6  	     79.9  	     79.9  	     76.3  	     
78.9  	     80.9  	     81.0  	     77.2  	     75.8  	     80.2  	     80.2  	     76.5  	     
78.9  	     81.0  	     81.2  	     77.5  	     76.1  	     80.3  	     80.4  	     76.7  	     
79.1  	     81.3  	     81.3  	     77.7  	     76.3  	     80.5  	     80.4  	     76.8  	     
79.4  	     81.4  	     81.5  	     77.9  	     76.6  	     80.6  	     80.6  	     77.0  	     
79.4  	     81.5  	     81.7  	     78.1  	     76.8  	     80.8  	     80.9  	     77.2  	     
79.5  	     81.6  	     81.8  	     78.3  	     77.0  	     80.8  	     80.9  	     77.3  	     
79.6  	     81.8  	     81.9  	     78.5  	     77.3  	     80.8  	     80.9  	     77.4  	     
79.8  	     82.0  	     82.2  	     78.8  	     77.4  	     80.9  	     80.9  	     77.7  	     
79.7  	     82.2  	     82.3  	     79.0  	     77.6  	     81.2  	     81.0  	     77.9  	     
79.8  	     82.3  	     82.5  	     79.2  	     77.8  	     81.3  	     81.3  	     78.0  	     
79.8  	     82.4  	     82.7  	     79.4  	     78.0  	     81.4  	     81.3  	     78.2  	     
79.9  	     82.7  	     82.8  	     79.6  	     78.2  	     81.4  	     81.3  	     78.4  	     
80.0  	     82.6  	     82.7  	     79.6  	     78.2  	     81.5  	     81.3  	     78.4  	     
80.1  	     82.7  	     83.0  	     79.8  	     78.5  	     81.5  	     81.6  	     78.6  	     
80.2  	     83.0  	     83.1  	     80.0  	     78.7  	     81.6  	     81.6  	     78.7  	     
80.3  	     83.1  	     83.2  	     80.2  	     79.0  	     81.8  	     81.7  	     78.9  	     
80.4  	     83.1  	     83.3  	     80.4  	     79.2  	     81.9  	     81.9  	     79.0  	     
80.5  	     83.4  	     83.4  	     80.7  	     79.4  	     81.9  	     82.1  	     79.2  	     
80.4  	     83.3  	     83.5  	     80.6  	     79.5  	     82.2  	     81.9  	     79.4  	     
80.5  	     83.4  	     83.6  	     80.9  	     79.6  	     82.2  	     82.1  	     79.3  	     
80.9  	     83.8  	     83.9  	     81.2  	     80.1  	     82.6  	     82.4  	     79.7  	     
81.3  	     84.3  	     84.3  	     81.7  	     80.4  	     82.8  	     82.6  	     80.1  	     
81.7  	     85.0  	     85.1  	     82.5  	     81.1  	     83.5  	     83.5  	     80.7  	     
82.7  	     85.8  	     85.7  	     83.7  	     82.0  	     84.1  	     84.6  	     81.6  	     
83.6  	     87.0  	     86.8  	     85.4  	     83.3  	     85.3  	     85.9  	     82.9  	     
84.9  	     88.4  	     88.1  	     87.2  	     84.9  	     86.8  	     87.5  	     84.4  	     
86.4  	     90.1  	     89.7  	     89.5  	     86.7  	     88.5  	     89.6  	     86.4  	     
87.8  	     92.2  	     91.6  	     91.8  	     88.9  	     90.6  	     91.6  	     88.3  	     
89.5  	     94.5  	     93.8  	     94.2  	     91.2  	     92.8  	     93.7  	     90.5  	     
91.3  	     96.7  	     95.9  	     96.8  	     93.8  	     95.0  	     96.1  	     93.0  	     
93.3  	     99.3  	     98.4  	     99.6  	     96.5  	     97.6  	     98.6  	     95.6  	     
95.5  	     102.0  	     101.1  	     102.6  	     99.5  	     100.4  	     101.6  	     98.1  	     
97.7  	     104.8  	     103.9  	     105.7  	     102.6  	     103.3  	     104.6  	     101.1  	     
99.7  	     108.0  	     106.8  	     108.8  	     106.0  	     106.2  	     107.7  	     103.9  	     
102.3  	     111.0  	     109.8  	     112.1  	     109.3  	     109.1  	     110.8  	     107.0  	     
104.5  	     114.3  	     113.0  	     115.6  	     112.8  	     112.1  	     113.6  	     110.0  	     
105.3  	     115.4  	     114.1  	     116.6  	     113.9  	     113.1  	     115.0  	     111.1  	     
106.9  	     117.6  	     116.4  	     118.9  	     116.3  	     115.2  	     117.1  	     113.3  	     
109.5  	     121.1  	     119.8  	     122.5  	     120.1  	     118.4  	     120.1  	     116.5  	     
112.0  	     124.4  	     123.0  	     125.9  	     123.8  	     121.7  	     123.5  	     119.9  	     
114.2  	     128.1  	     126.6  	     129.5  	     127.5  	     125.1  	     126.8  	     123.4  	     
117.0  	     131.5  	     130.1  	     133.0  	     131.3  	     128.5  	     130.1  	     126.9  	     
119.6  	     135.1  	     133.6  	     136.6  	     135.1  	     131.8  	     133.2  	     130.2  	     
120.7  	     136.4  	     135.0  	     138.1  	     136.8  	     133.0  	     134.5  	     131.5  	     
122.3  	     138.5  	     137.0  	     140.2  	     138.9  	     134.6  	     136.0  	     133.4  	     
124.9  	     141.9  	     140.4  	     143.5  	     142.5  	     138.1  	     139.0  	     136.7  	     
127.6  	     145.1  	     143.8  	     147.0  	     146.1  	     141.2  	     141.7  	     139.9  	     
130.2  	     148.6  	     147.0  	     150.4  	     149.6  	     144.0  	     144.5  	     143.0  	     
132.5  	     151.7  	     150.3  	     153.5  	     153.2  	     147.0  	     147.2  	     146.0  	     
134.9  	     155.0  	     153.4  	     156.8  	     156.4  	     150.0  	     149.9  	     149.1  	     
137.3  	     157.7  	     156.3  	     159.9  	     159.6  	     152.8  	     152.5  	     151.9  	     
139.5  	     160.6  	     159.3  	     162.8  	     162.9  	     155.6  	     155.2  	     154.7  	     
141.9  	     163.3  	     162.1  	     165.7  	     165.8  	     158.4  	     157.7  	     157.3  	     
144.5  	     166.2  	     164.9  	     168.6  	     168.9  	     161.1  	     160.2  	     160.1  	     
146.6  	     168.7  	     167.4  	     171.3  	     171.7  	     163.4  	     162.4  	     162.8  	     
148.7  	     171.6  	     170.3  	     174.1  	     174.6  	     165.8  	     164.7  	     165.3  	     
150.9  	     174.0  	     172.7  	     176.7  	     177.2  	     168.1  	     166.6  	     167.7  	     
153.1  	     176.4  	     175.2  	     179.5  	     180.0  	     170.3  	     168.7  	     170.3  	     
155.2  	     178.8  	     177.8  	     181.9  	     182.5  	     172.7  	     170.9  	     172.5  	     
157.3  	     181.2  	     180.2  	     184.4  	     185.1  	     175.0  	     173.3  	     174.9  	     
159.3  	     183.5  	     182.5  	     186.7  	     187.4  	     177.2  	     175.2  	     177.2  	     
161.3  	     185.7  	     184.8  	     189.1  	     189.8  	     179.8  	     177.8  	     179.4  	     
163.2  	     187.8  	     187.0  	     191.3  	     191.9  	     181.7  	     179.5  	     181.4  	     
165.1  	     189.7  	     189.0  	     193.4  	     194.2  	     183.5  	     181.9  	     183.8  	     
166.9  	     191.9  	     191.2  	     195.4  	     196.2  	     185.6  	     183.3  	     185.7  	     
169.0  	     193.7  	     193.0  	     197.5  	     198.3  	     187.5  	     185.2  	     187.5  	     
171.0  	     195.6  	     195.0  	     199.4  	     200.2  	     189.5  	     186.8  	     189.5  	     
172.6  	     197.5  	     196.9  	     201.2  	     202.2  	     191.1  	     188.6  	     191.3  	     
174.3  	     199.3  	     198.8  	     203.0  	     204.0  	     193.0  	     190.3  	     193.0  	     
176.0  	     201.0  	     200.5  	     204.8  	     205.6  	     194.7  	     191.9  	     194.8  	     
177.6  	     202.6  	     202.2  	     206.4  	     207.4  	     196.1  	     193.6  	     196.3  	     
179.3  	     204.4  	     203.9  	     208.1  	     209.0  	     197.6  	     195.1  	     198.2  	     
181.2  	     205.9  	     205.6  	     209.9  	     210.7  	     199.3  	     196.5  	     199.8  	     
182.8  	     207.3  	     207.0  	     211.4  	     212.1  	     200.8  	     198.1  	     201.2  	     
184.3  	     208.9  	     208.5  	     212.8  	     213.6  	     202.0  	     199.4  	     202.8  	     
185.0  	     209.4  	     209.2  	     213.4  	     214.1  	     202.4  	     199.8  	     203.5  	     
186.1  	     210.4  	     210.2  	     214.4  	     215.1  	     203.7  	     201.0  	     204.6  	     
187.7  	     211.7  	     211.5  	     215.8  	     216.5  	     205.0  	     202.4  	     206.0  	     
188.4  	     212.4  	     212.1  	     216.4  	     217.2  	     205.4  	     202.7  	     206.8  	     
189.3  	     213.1  	     212.8  	     217.1  	     217.8  	     206.4  	     203.8  	     207.4  	     
190.9  	     214.5  	     214.4  	     218.9  	     219.3  	     207.9  	     205.4  	     209.0  	     
193.3  	     216.3  	     216.2  	     221.0  	     221.1  	     209.7  	     207.5  	     211.2  	     
195.6  	     218.5  	     218.2  	     223.4  	     223.1  	     212.1  	     209.7  	     213.4  	     
198.4  	     220.8  	     220.5  	     226.0  	     225.5  	     214.8  	     212.4  	     216.0  	     
201.1  	     223.5  	     223.1  	     229.1  	     228.4  	     218.1  	     215.5  	     219.0  	     
204.4  	     226.7  	     226.2  	     232.2  	     231.7  	     221.4  	     218.8  	     222.0  	     
207.9  	     230.1  	     229.5  	     235.7  	     235.0  	     224.6  	     222.1  	     225.6  	     
211.6  	     233.9  	     233.3  	     239.4  	     238.9  	     228.7  	     226.0  	     229.4  	     
215.7  	     237.8  	     237.1  	     243.5  	     243.0  	     233.0  	     230.3  	     233.4  	     
220.2  	     242.3  	     241.5  	     247.8  	     247.4  	     237.5  	     234.5  	     237.7  	     
224.6  	     247.0  	     246.0  	     252.4  	     252.2  	     242.4  	     239.5  	     242.2  	     
229.3  	     251.8  	     250.7  	     257.5  	     257.0  	     247.4  	     244.3  	     247.1  	     
234.2  	     256.8  	     255.6  	     261.8  	     262.1  	     252.8  	     249.4  	     251.9  	     
239.5  	     262.1  	     260.7  	     266.8  	     267.7  	     257.7  	     254.5  	     257.1  	     
244.7  	     267.3  	     265.6  	     271.6  	     273.0  	     263.8  	     260.0  	     262.7  	     
249.6  	     272.3  	     270.7  	     276.4  	     278.4  	     269.4  	     265.3  	     267.8  	     
254.9  	     277.4  	     275.8  	     281.8  	     284.0  	     274.7  	     270.7  	     273.2  	     
259.6  	     282.3  	     280.5  	     286.2  	     288.9  	     279.6  	     275.4  	     278.2  	     
264.0  	     287.1  	     285.5  	     290.6  	     294.0  	     284.8  	     280.4  	     283.1  	     
268.5  	     291.4  	     289.9  	     295.2  	     298.5  	     289.0  	     284.8  	     287.6  	     
272.8  	     295.9  	     294.3  	     299.6  	     303.1  	     293.6  	     289.3  	     292.1  	     
277.4  	     300.1  	     298.6  	     303.8  	     307.7  	     297.5  	     293.2  	     296.3  	     
281.4  	     304.1  	     302.7  	     307.6  	     311.9  	     301.3  	     296.9  	     300.2  	     
285.2  	     307.9  	     306.6  	     311.6  	     315.7  	     304.9  	     300.7  	     304.3  	     
289.1  	     311.6  	     310.4  	     315.0  	     319.5  	     308.4  	     304.1  	     308.0  	     
292.2  	     315.0  	     313.7  	     318.0  	     323.0  	     311.0  	     307.1  	     311.2  	     
295.2  	     317.9  	     317.0  	     321.1  	     326.1  	     313.9  	     310.1  	     314.3  	     
298.1  	     320.7  	     319.8  	     323.9  	     329.1  	     316.6  	     312.7  	     317.0  	     
300.5  	     323.1  	     322.3  	     326.3  	     331.6  	     318.8  	     315.2  	     319.5  	     
301.7  	     324.2  	     323.4  	     327.3  	     332.6  	     319.8  	     316.1  	     320.5  	     
303.4  	     325.6  	     324.8  	     328.6  	     333.9  	     321.1  	     317.4  	     321.8  	     
306.2  	     327.8  	     327.1  	     330.6  	     336.5  	     323.0  	     319.6  	     324.0  	     
308.4  	     329.9  	     329.2  	     332.6  	     338.2  	     325.1  	     321.7  	     326.1  	     
310.2  	     331.8  	     331.2  	     334.4  	     339.8  	     326.6  	     323.6  	     327.9  	     
312.5  	     333.5  	     333.0  	     336.0  	     341.6  	     328.3  	     325.1  	     329.5  	     
314.4  	     335.1  	     334.7  	     337.4  	     343.0  	     329.7  	     327.0  	     331.2  	     
315.9  	     336.5  	     336.1  	     338.8  	     344.3  	     331.0  	     328.5  	     332.5  	     
317.6  	     338.0  	     337.6  	     339.9  	     345.5  	     332.5  	     329.8  	     333.9  	     
319.2  	     339.1  	     338.9  	     341.1  	     346.5  	     333.5  	     331.1  	     335.1  	     
320.8  	     340.2  	     340.0  	     342.2  	     347.4  	     334.8  	     332.5  	     336.2  	     
322.4  	     341.2  	     341.0  	     342.9  	     348.3  	     335.6  	     333.4  	     337.2  	     
323.9  	     342.2  	     342.0  	     343.7  	     348.9  	     336.8  	     334.6  	     338.4  	     
325.1  	     343.0  	     342.9  	     344.4  	     349.7  	     337.5  	     335.5  	     339.2  	     
326.3  	     343.8  	     343.7  	     344.9  	     350.3  	     338.5  	     336.7  	     340.0  	     
327.5  	     344.6  	     344.5  	     345.6  	     350.8  	     339.1  	     337.5  	     340.8  	     
328.6  	     345.4  	     345.2  	     346.2  	     351.2  	     339.9  	     338.3  	     341.4  	     
329.9  	     346.1  	     345.9  	     346.7  	     351.7  	     340.5  	     339.0  	     342.1  	     
330.8  	     346.6  	     346.6  	     347.1  	     352.0  	     341.5  	     339.8  	     342.8  	     
331.8  	     347.2  	     347.2  	     347.5  	     352.4  	     342.1  	     340.6  	     343.4  	     
332.7  	     347.6  	     347.7  	     347.8  	     352.6  	     342.4  	     341.0  	     343.9  	     
333.7  	     348.2  	     348.1  	     348.1  	     352.9  	     342.9  	     341.8  	     344.5  	     
334.3  	     348.6  	     348.7  	     348.5  	     353.0  	     343.6  	     342.5  	     344.9  	     
335.2  	     349.0  	     349.1  	     348.8  	     353.3  	     343.9  	     343.0  	     345.3  	     
336.0  	     349.5  	     349.5  	     349.1  	     353.4  	     344.6  	     343.7  	     345.8  	     
336.9  	     349.7  	     349.8  	     349.2  	     353.5  	     345.0  	     344.2  	     346.2  	     
337.6  	     350.0  	     350.2  	     349.4  	     353.7  	     345.5  	     344.6  	     346.5  	     
338.3  	     350.4  	     350.4  	     349.7  	     353.9  	     345.9  	     345.0  	     346.8  	     
338.8  	     350.6  	     350.8  	     349.8  	     354.0  	     346.1  	     345.6  	     347.1  	     
339.4  	     350.7  	     350.9  	     349.7  	     354.1  	     346.4  	     345.8  	     347.3  	     
340.1  	     350.9  	     351.1  	     349.8  	     354.1  	     346.6  	     346.0  	     347.6  	     
340.6  	     351.1  	     351.3  	     349.9  	     354.1  	     346.9  	     346.3  	     347.8  	     
341.2  	     351.3  	     351.5  	     350.0  	     354.1  	     347.4  	     346.7  	     348.1  	     
341.8  	     351.6  	     351.7  	     350.2  	     354.2  	     347.4  	     346.8  	     348.2  	     
342.2  	     351.7  	     351.9  	     350.3  	     354.2  	     348.0  	     347.3  	     348.3  	     
342.7  	     352.0  	     352.1  	     350.3  	     354.2  	     348.1  	     347.6  	     348.5  	     
342.7  	     352.0  	     352.1  	     350.3  	     354.2  	     348.2  	     347.8  	     348.5  	     
343.0  	     352.1  	     352.3  	     350.4  	     354.2  	     348.3  	     347.7  	     348.8  	     
343.5  	     352.2  	     352.4  	     350.3  	     354.3  	     348.6  	     348.0  	     348.9  	     
344.0  	     352.4  	     352.4  	     350.5  	     354.3  	     348.6  	     348.2  	     349.0  	     
344.4  	     352.5  	     352.6  	     350.6  	     354.2  	     348.7  	     348.3  	     349.2  	     
344.8  	     352.6  	     352.7  	     350.6  	     354.3  	     349.0  	     348.6  	     349.2  	     
345.1  	     352.7  	     352.9  	     350.6  	     354.3  	     349.1  	     348.8  	     349.3  	     
345.5  	     352.8  	     353.0  	     350.6  	     354.3  	     349.2  	     348.8  	     349.4  	     
345.7  	     352.9  	     353.1  	     350.6  	     354.1  	     349.5  	     348.9  	     349.5  	     
346.0  	     352.9  	     353.2  	     350.8  	     354.1  	     349.5  	     349.2  	     349.6  	     
346.3  	     353.1  	     353.2  	     350.7  	     354.1  	     349.7  	     349.4  	     349.6  	     
346.7  	     353.2  	     353.2  	     350.8  	     354.1  	     349.9  	     349.2  	     349.6  	     
347.0  	     353.2  	     353.3  	     350.8  	     354.1  	     350.0  	     349.8  	     349.8  	     
347.4  	     353.2  	     353.4  	     350.8  	     354.1  	     350.0  	     349.5  	     349.8  	     
347.5  	     353.3  	     353.4  	     350.6  	     354.1  	     350.2  	     349.9  	     349.8  	     
347.8  	     353.3  	     353.5  	     350.8  	     354.1  	     350.2  	     349.8  	     350.0  	     
347.9  	     353.4  	     353.5  	     350.8  	     354.0  	     350.0  	     349.8  	     350.0  	     
348.1  	     353.4  	     353.5  	     350.8  	     354.0  	     350.2  	     350.0  	     350.1  	     
348.3  	     353.4  	     353.5  	     350.8  	     354.0  	     350.3  	     349.9  	     350.1  	     
348.6  	     353.5  	     353.6  	     350.8  	     354.1  	     350.3  	     350.2  	     350.1  	     
348.6  	     353.5  	     353.6  	     350.8  	     354.0  	     350.5  	     350.1  	     350.0  	     
348.9  	     353.5  	     353.7  	     350.8  	     354.0  	     350.6  	     350.3  	     350.0  	     
349.0  	     353.5  	     353.6  	     350.7  	     354.0  	     350.5  	     350.3  	     350.1  	     
349.3  	     353.5  	     353.6  	     350.8  	     354.0  	     350.5  	     350.4  	     350.1  	     
349.4  	     353.6  	     353.7  	     350.7  	     353.9  	     350.8  	     350.3  	     350.1  	     
349.6  	     353.6  	     353.7  	     350.7  	     354.0  	     350.8  	     350.6  	     350.1  	     
349.6  	     353.5  	     353.6  	     350.6  	     354.0  	     350.5  	     350.5  	     350.0  	     
349.8  	     353.5  	     353.7  	     350.6  	     353.8  	     350.5  	     350.5  	     350.0  	     
349.9  	     353.5  	     353.7  	     350.6  	     353.9  	     350.6  	     350.5  	     350.1  	     
350.0  	     353.6  	     353.7  	     350.7  	     353.9  	     350.6  	     350.4  	     350.0  	     
350.0  	     353.5  	     353.7  	     350.6  	     353.8  	     350.7  	     350.6  	     350.1  	     
350.1  	     353.6  	     353.7  	     350.6  	     353.8  	     350.6  	     350.4  	     350.1  	     
350.3  	     353.6  	     353.7  	     350.7  	     353.8  	     350.7  	     350.5  	     350.2  	     
350.4  	     353.6  	     353.7  	     350.6  	     353.7  	     350.7  	     350.6  	     350.2  	     
350.5  	     353.6  	     353.7  	     350.6  	     353.7  	     350.6  	     350.6  	     350.1  	     
350.7  	     353.6  	     353.6  	     350.6  	     353.7  	     350.8  	     350.6  	     350.1  	     
350.7  	     353.4  	     353.6  	     350.5  	     353.7  	     350.8  	     350.6  	     350.0  	     
350.7  	     353.5  	     353.7  	     350.6  	     353.6  	     350.7  	     350.6  	     350.1  	     
350.9  	     353.4  	     353.7  	     350.4  	     353.6  	     350.8  	     350.6  	     350.1  	     
350.8  	     353.5  	     353.6  	     350.5  	     353.6  	     350.8  	     350.7  	     350.0  	     
350.9  	     353.5  	     353.7  	     350.5  	     353.5  	     350.7  	     350.6  	     350.1  	     
351.0  	     353.6  	     353.7  	     350.6  	     353.6  	     350.7  	     350.7  	     350.1  	     
351.0  	     353.6  	     353.7  	     350.4  	     353.6  	     350.8  	     350.7  	     350.1  	     
351.0  	     353.5  	     353.7  	     350.4  	     353.6  	     350.8  	     350.6  	     350.1  	     
351.0  	     353.5  	     353.7  	     350.4  	     353.5  	     350.8  	     350.8  	     350.1  	     
351.1  	     353.6  	     353.7  	     350.4  	     353.6  	     350.8  	     350.7  	     350.0  	     
351.2  	     353.5  	     353.7  	     350.4  	     353.5  	     350.8  	     350.8  	     350.1  	     
351.2  	     353.5  	     353.7  	     350.4  	     353.4  	     350.8  	     350.6  	     350.1  	     
351.3  	     353.4  	     353.6  	     350.4  	     353.5  	     350.8  	     350.7  	     350.1  	     
351.3  	     353.4  	     353.7  	     350.3  	     353.4  	     350.8  	     350.8  	     350.1  	     
351.4  	     353.4  	     353.5  	     350.4  	     353.4  	     350.8  	     350.8  	     350.1  	     
351.4  	     353.4  	     353.6  	     350.4  	     353.4  	     350.7  	     350.6  	     350.0  	     
351.4  	     353.4  	     353.5  	     350.4  	     353.4  	     350.7  	     350.6  	     350.0  	     
351.5  	     353.5  	     353.5  	     350.3  	     353.4  	     350.8  	     350.5  	     350.0  	     
351.5  	     353.4  	     353.6  	     350.3  	     353.4  	     350.5  	     350.5  	     350.0  	     
351.5  	     353.4  	     353.5  	     350.2  	     353.4  	     350.3  	     350.1  	     349.9  	     
351.6  	     353.4  	     353.5  	     350.3  	     353.4  	     350.8  	     350.5  	     350.0  	     
351.5  	     353.4  	     353.5  	     350.4  	     353.4  	     350.9  	     351.2  	     349.8  	     
351.6  	     353.4  	     353.5  	     350.3  	     353.3  	     350.7  	     350.9  	     349.9  	     
351.5  	     353.4  	     353.5  	     350.2  	     353.4  	     350.9  	     350.6  	     349.9  	     
351.5  	     353.4  	     353.4  	     350.3  	     353.3  	     350.8  	     350.8  	     349.8  	     
351.5  	     353.4  	     353.4  	     350.3  	     353.3  	     350.8  	     350.8  	     349.8  	     
351.4  	     353.4  	     353.5  	     350.3  	     353.2  	     350.6  	     350.4  	     350.0  	     
351.6  	     353.3  	     353.5  	     350.2  	     353.3  	     350.7  	     350.5  	     350.0  	     
351.5  	     353.4  	     353.5  	     350.2  	     353.3  	     350.5  	     350.3  	     349.9  	     
351.6  	     353.3  	     353.5  	     350.1  	     353.3  	     350.5  	     350.4  	     349.9  	     
351.6  	     353.3  	     353.4  	     350.1  	     353.2  	     350.3  	     350.7  	     349.9  	     
351.6  	     353.2  	     353.4  	     350.2  	     353.2  	     350.4  	     350.3  	     349.9  	     
351.7  	     353.3  	     353.4  	     350.1  	     353.2  	     350.6  	     350.6  	     349.8  	     
351.6  	     353.2  	     353.4  	     350.2  	     353.1  	     350.9  	     350.5  	     349.8  	     
351.7  	     353.3  	     353.5  	     350.3  	     353.1  	     350.7  	     350.7  	     349.8  	     
351.6  	     353.2  	     353.4  	     350.1  	     353.1  	     350.7  	     350.7  	     349.8  	     
351.6  	     353.4  	     353.5  	     350.3  	     353.1  	     350.8  	     350.7  	     349.8  	     
351.7  	     353.4  	     353.4  	     350.2  	     353.2  	     350.7  	     350.6  	     349.7  	     
351.7  	     353.3  	     353.4  	     350.3  	     353.1  	     350.6  	     350.6  	     349.7  	     
351.6  	     353.2  	     353.4  	     350.2  	     353.1  	     350.4  	     350.4  	     349.6  	     
351.6  	     353.3  	     353.5  	     350.2  	     353.0  	     350.6  	     350.5  	     349.7  	     
351.7  	     353.2  	     353.5  	     350.2  	     353.0  	     350.6  	     350.6  	     349.7  	     
351.7  	     353.2  	     353.3  	     350.0  	     352.9  	     350.7  	     350.5  	     349.6  	     
351.7  	     353.2  	     353.3  	     350.1  	     353.0  	     350.6  	     350.5  	     349.6  	     
351.7  	     353.1  	     353.3  	     350.0  	     353.0  	     350.6  	     350.6  	     349.7  	     
351.7  	     353.1  	     353.2  	     350.1  	     353.0  	     350.7  	     350.6  	     349.7  	     
351.6  	     353.2  	     353.2  	     350.1  	     353.0  	     350.6  	     350.6  	     349.7  	     
351.7  	     353.2  	     353.3  	     350.1  	     353.1  	     350.4  	     350.1  	     349.6  	     
351.6  	     353.2  	     353.4  	     350.1  	     353.1  	     350.4  	     350.5  	     349.5  	     
351.6  	     353.1  	     353.3  	     350.1  	     353.1  	     350.3  	     350.3  	     349.6  	     
351.8  	     353.1  	     353.4  	     350.1  	     352.9  	     350.4  	     350.4  	     349.5  	     
351.7  	     353.1  	     353.2  	     350.0  	     352.9  	     350.3  	     350.3  	     349.5  	     
351.8  	     353.1  	     353.3  	     350.1  	     352.9  	     350.6  	     350.4  	     349.5  	     
351.6  	     353.1  	     353.3  	     350.1  	     352.8  	     350.5  	     350.3  	     349.6  	     
351.6  	     353.1  	     353.2  	     350.1  	     352.9  	     350.2  	     350.4  	     349.6  	     
351.7  	     353.1  	     353.2  	     350.0  	     352.9  	     350.4  	     350.4  	     349.6  	     
351.6  	     353.1  	     353.2  	     350.0  	     352.9  	     350.3  	     350.4  	     349.5  	     
351.6  	     353.1  	     353.3  	     350.1  	     352.9  	     350.4  	     350.4  	     349.5  	     
351.7  	     353.1  	     353.3  	     350.1  	     352.9  	     350.3  	     350.2  	     349.5  	     
351.7  	     353.0  	     353.4  	     350.1  	     352.8  	     350.3  	     350.5  	     349.5  	     
351.6  	     353.1  	     353.2  	     350.1  	     352.8  	     350.2  	     350.3  	     349.5  	     
351.7  	     353.0  	     353.2  	     350.0  	     352.8  	     350.2  	     350.3  	     349.5  	     
351.6  	     353.2  	     353.3  	     350.1  	     352.8  	     350.2  	     350.1  	     349.6  	     
351.7  	     352.9  	     353.0  	     349.9  	     352.9  	     350.4  	     350.2  	     349.6  	     
351.6  	     352.8  	     353.0  	     349.8  	     352.9  	     350.2  	     350.3  	     349.5  	     
351.6  	     352.9  	     353.1  	     349.8  	     352.9  	     350.2  	     350.1  	     349.5  	     
351.6  	     352.9  	     353.0  	     349.9  	     352.8  	     350.1  	     350.4  	     349.6  	     
351.6  	     352.8  	     353.0  	     349.8  	     352.9  	     350.3  	     350.2  	     349.5  	     
351.6  	     353.0  	     353.2  	     349.9  	     352.9  	     350.4  	     350.5  	     349.6  	     
351.6  	     353.0  	     353.0  	     349.9  	     353.0  	     350.4  	     350.4  	     349.4  	     
351.5  	     352.9  	     353.1  	     349.9  	     352.8  	     350.4  	     350.1  	     349.6  	     
351.7  	     353.0  	     353.1  	     349.9  	     352.8  	     350.3  	     350.4  	     349.5  	     
351.6  	     353.0  	     353.1  	     349.9  	     352.8  	     350.2  	     350.1  	     349.4  	     
351.4  	     353.0  	     353.1  	     350.0  	     352.8  	     350.4  	     350.2  	     349.4  	     
351.5  	     353.0  	     353.0  	     350.0  	     352.8  	     350.5  	     350.4  	     349.4  	     
351.6  	     353.0  	     353.2  	     349.9  	     352.8  	     350.4  	     350.4  	     349.5  	     
351.6  	     353.0  	     353.1  	     350.0  	     352.8  	     350.2  	     350.1  	     349.5  	     
351.5  	     353.0  	     353.0  	     350.0  	     352.8  	     350.4  	     350.5  	     349.5  	     
351.5  	     352.9  	     353.0  	     349.8  	     352.7  	     350.5  	     350.2  	     349.6  	     
351.6  	     352.9  	     353.0  	     349.9  	     352.7  	     350.1  	     350.1  	     349.5  	     
351.6  	     352.9  	     353.0  	     349.9  	     352.7  	     350.1  	     350.1  	     349.4  	     
351.5  	     352.8  	     353.0  	     349.9  	     352.7  	     350.2  	     350.0  	     349.4  	     
351.5  	     352.9  	     353.0  	     349.9  	     352.8  	     350.0  	     350.0  	     349.4  	     
351.4  	     352.9  	     352.9  	     349.9  	     352.6  	     350.1  	     350.1  	     349.4  	     
351.5  	     352.9  	     353.0  	     349.9  	     352.8  	     350.3  	     350.2  	     349.3  	     
351.5  	     352.9  	     353.0  	     349.8  	     352.7  	     350.1  	     350.4  	     349.4  	     
351.5  	     352.8  	     353.0  	     349.8  	     352.7  	     350.0  	     350.1  	     349.3  	     
351.5  	     352.9  	     353.0  	     349.8  	     352.6  	     350.4  	     350.4  	     349.3  	     
351.2  	     352.8  	     352.9  	     349.6  	     352.5  	     349.9  	     350.1  	     349.1  	     
350.3  	     352.3  	     352.5  	     349.2  	     352.2  	     348.9  	     349.2  	     348.5  	     
349.5  	     351.5  	     351.9  	     348.4  	     351.5  	     347.9  	     348.1  	     347.8  	     
348.6  	     350.6  	     351.1  	     347.4  	     350.8  	     346.7  	     347.3  	     347.0  	     
348.0  	     350.0  	     350.5  	     346.8  	     350.2  	     346.2  	     346.5  	     346.2  	     
347.7  	     349.7  	     350.2  	     346.3  	     349.8  	     345.5  	     346.0  	     346.0  	     
346.9  	     348.5  	     349.1  	     345.0  	     348.5  	     344.3  	     344.8  	     344.8  	     
345.4  	     347.3  	     347.9  	     343.6  	     347.2  	     342.8  	     343.4  	     343.5  	     
343.9  	     345.9  	     346.5  	     341.8  	     345.6  	     341.1  	     342.0  	     342.0  	     
342.5  	     344.0  	     344.9  	     339.8  	     343.9  	     339.1  	     340.4  	     340.3  	     
340.7  	     342.1  	     343.0  	     337.8  	     342.0  	     336.9  	     338.6  	     338.7  	     
339.1  	     340.0  	     341.0  	     335.2  	     339.7  	     335.0  	     336.5  	     336.7  	     
337.4  	     338.2  	     339.2  	     333.4  	     338.0  	     333.2  	     335.0  	     335.4  	     
336.9  	     337.7  	     338.7  	     332.7  	     337.5  	     332.6  	     334.6  	     334.8  	     
335.1  	     334.9  	     336.1  	     330.1  	     335.1  	     330.4  	     332.6  	     332.7  	     
332.5  	     332.0  	     333.4  	     327.0  	     332.4  	     327.9  	     330.1  	     330.5  	     
330.4  	     329.0  	     330.6  	     323.9  	     329.5  	     325.4  	     327.9  	     328.0  	     
327.6  	     326.1  	     327.7  	     320.9  	     326.7  	     322.4  	     325.2  	     325.6  	     
325.4  	     322.7  	     324.4  	     317.4  	     323.5  	     319.9  	     322.8  	     323.0  	     
322.9  	     319.6  	     321.3  	     313.9  	     320.2  	     317.4  	     320.0  	     320.4  	     
319.7  	     315.7  	     317.7  	     310.1  	     316.9  	     314.5  	     317.5  	     317.8  	     
317.0  	     312.3  	     314.2  	     306.5  	     313.3  	     311.7  	     314.6  	     315.2  	     
313.9  	     308.5  	     310.6  	     302.5  	     309.6  	     308.7  	     311.8  	     312.4  	     
311.1  	     304.9  	     306.9  	     298.8  	     306.1  	     305.8  	     308.8  	     309.8  	     
308.0  	     301.2  	     303.5  	     294.8  	     302.2  	     302.8  	     305.9  	     306.6  	     
305.2  	     297.7  	     299.8  	     290.9  	     298.4  	     300.2  	     302.9  	     303.8  	     
302.1  	     294.1  	     296.4  	     287.1  	     294.6  	     296.9  	     299.8  	     300.9  	     
298.9  	     290.4  	     292.7  	     283.3  	     291.0  	     293.8  	     296.3  	     298.0  	     
295.7  	     286.5  	     288.7  	     279.5  	     286.9  	     290.7  	     293.8  	     295.0  	     
292.5  	     282.8  	     285.1  	     275.7  	     283.3  	     287.3  	     290.7  	     292.3  	     
289.3  	     279.4  	     281.8  	     272.0  	     279.4  	     284.9  	     288.1  	     289.4  	     
286.4  	     275.8  	     278.1  	     268.2  	     275.7  	     281.7  	     285.0  	     286.2  	     
283.2  	     272.0  	     274.4  	     264.7  	     272.0  	     279.4  	     282.2  	     283.6  	     
280.2  	     268.9  	     271.1  	     261.2  	     268.4  	     276.0  	     279.1  	     280.5  	     
277.1  	     265.3  	     267.7  	     257.8  	     264.7  	     273.3  	     276.2  	     277.7  	     
274.1  	     261.8  	     264.1  	     254.3  	     261.2  	     270.0  	     273.2  	     274.9  	     
271.1  	     258.5  	     260.9  	     250.9  	     257.6  	     267.2  	     270.2  	     271.7  	     
267.9  	     255.3  	     257.5  	     247.4  	     254.1  	     264.3  	     267.5  	     268.8  	     
265.3  	     251.9  	     254.1  	     244.2  	     250.7  	     261.6  	     264.5  	     266.0  	     
262.1  	     248.7  	     250.9  	     241.1  	     247.4  	     258.6  	     261.6  	     263.1  	     
259.4  	     245.8  	     248.0  	     237.9  	     244.1  	     256.1  	     259.0  	     260.3  	     
256.5  	     242.7  	     244.8  	     234.7  	     241.0  	     253.2  	     256.3  	     257.5  	     
253.9  	     239.8  	     241.8  	     231.8  	     237.9  	     250.5  	     253.6  	     254.7  	     
250.9  	     236.8  	     238.8  	     228.9  	     234.7  	     247.5  	     250.7  	     251.8  	     
248.1  	     233.8  	     235.7  	     226.1  	     231.7  	     244.9  	     247.9  	     249.1  	     
245.2  	     230.9  	     233.0  	     223.4  	     228.6  	     242.3  	     245.2  	     246.5  	     
242.5  	     228.3  	     230.2  	     220.5  	     225.7  	     239.4  	     242.4  	     243.5  	     
239.9  	     225.7  	     227.5  	     217.9  	     223.0  	     236.8  	     240.0  	     240.9  	     
237.1  	     223.2  	     224.9  	     215.1  	     220.2  	     234.2  	     237.4  	     238.2  	     
235.0  	     220.7  	     222.5  	     212.6  	     217.5  	     231.8  	     234.8  	     235.8  	     
232.1  	     218.2  	     220.0  	     210.0  	     214.9  	     229.2  	     232.0  	     233.1  	     
229.8  	     215.5  	     217.2  	     207.5  	     212.1  	     226.6  	     229.7  	     230.6  	     
227.3  	     213.1  	     214.9  	     205.0  	     209.6  	     224.2  	     227.4  	     228.0  	     
224.7  	     210.7  	     212.4  	     202.7  	     207.0  	     221.7  	     224.8  	     225.6  	     
222.1  	     208.3  	     209.9  	     200.4  	     204.8  	     219.3  	     222.5  	     223.0  	     
219.9  	     205.8  	     207.4  	     198.1  	     202.3  	     216.6  	     219.8  	     220.6  	     
217.5  	     203.6  	     205.2  	     195.9  	     199.9  	     214.2  	     217.7  	     218.2  	     
215.2  	     201.4  	     202.9  	     193.8  	     197.7  	     212.2  	     215.1  	     215.7  	     
213.1  	     199.3  	     200.9  	     191.7  	     195.6  	     210.0  	     213.0  	     213.4  	     
210.8  	     197.4  	     198.9  	     189.6  	     193.4  	     207.5  	     210.5  	     211.1  	     
208.6  	     195.1  	     196.6  	     187.6  	     191.2  	     205.1  	     208.4  	     208.7  	     
206.4  	     193.2  	     194.7  	     185.7  	     189.2  	     203.1  	     206.2  	     206.5  	     
204.3  	     191.3  	     192.7  	     183.8  	     187.2  	     201.0  	     203.8  	     204.4  	     
202.0  	     189.3  	     190.7  	     181.9  	     185.3  	     199.1  	     201.9  	     202.2  	     
200.3  	     187.5  	     188.6  	     180.1  	     183.2  	     196.8  	     199.8  	     200.1  	     
198.1  	     185.6  	     186.9  	     178.3  	     181.4  	     195.4  	     197.5  	     198.1  	     
196.3  	     183.8  	     185.0  	     176.3  	     179.6  	     193.1  	     196.1  	     196.0  	     
194.4  	     182.1  	     183.4  	     174.7  	     177.8  	     191.1  	     194.0  	     193.9  	     
192.5  	     180.4  	     181.6  	     173.1  	     175.9  	     189.3  	     192.1  	     192.1  	     
190.6  	     178.6  	     179.7  	     171.4  	     174.3  	     187.5  	     190.5  	     190.2  	     
188.9  	     177.0  	     178.1  	     169.8  	     172.6  	     185.8  	     188.7  	     188.4  	     
187.1  	     175.2  	     176.5  	     168.3  	     171.0  	     183.9  	     186.7  	     186.4  	     
185.3  	     173.7  	     174.8  	     166.7  	     169.4  	     182.1  	     185.0  	     184.5  	     
183.7  	     172.0  	     173.2  	     165.1  	     167.8  	     180.3  	     182.9  	     182.6  	     
181.8  	     170.6  	     171.6  	     163.8  	     166.3  	     178.3  	     181.2  	     180.9  	     
180.2  	     169.1  	     170.1  	     162.3  	     164.9  	     176.5  	     179.4  	     179.0  	     
178.8  	     167.5  	     168.5  	     160.8  	     163.5  	     174.9  	     177.6  	     177.5  	     
177.1  	     166.0  	     167.0  	     159.5  	     162.0  	     173.7  	     176.1  	     175.7  	     
175.6  	     164.4  	     165.5  	     158.0  	     160.6  	     175.3  	     173.5  	     174.0  	     
173.9  	     163.2  	     164.3  	     156.8  	     159.3  	     173.1  	     173.0  	     172.5  	     
172.4  	     161.7  	     162.8  	     155.6  	     158.0  	     168.9  	     171.2  	     171.0  	     
171.1  	     160.3  	     161.3  	     154.3  	     156.9  	     167.0  	     169.7  	     169.4  	     
169.6  	     159.2  	     160.0  	     153.2  	     155.6  	     165.6  	     168.3  	     167.9  	     
168.1  	     157.9  	     158.7  	     152.0  	     154.3  	     164.1  	     167.3  	     166.4  	     
167.5  	     157.5  	     158.4  	     151.5  	     153.9  	     164.1  	     166.7  	     165.8  	     
166.8  	     156.6  	     157.5  	     150.9  	     153.2  	     162.9  	     165.6  	     165.0  	     
165.3  	     155.3  	     156.3  	     149.6  	     152.0  	     161.7  	     164.4  	     163.6  	     
164.0  	     154.1  	     155.0  	     148.5  	     150.9  	     160.3  	     162.8  	     162.2  	     
162.8  	     152.9  	     153.8  	     147.4  	     149.8  	     159.0  	     161.5  	     160.7  	     
161.5  	     151.9  	     152.8  	     146.4  	     148.7  	     157.8  	     160.3  	     159.5  	     
160.2  	     150.7  	     151.5  	     145.4  	     147.5  	     156.1  	     158.9  	     158.1  	     
159.0  	     149.7  	     150.5  	     144.1  	     146.5  	     155.0  	     157.6  	     156.9  	     
157.8  	     148.6  	     149.4  	     143.2  	     145.5  	     153.8  	     156.0  	     155.6  	     
156.4  	     147.5  	     148.3  	     142.4  	     144.5  	     152.6  	     154.8  	     154.3  	     
155.3  	     146.5  	     147.2  	     141.3  	     143.6  	     151.2  	     153.6  	     153.0  	     
154.2  	     145.6  	     146.2  	     140.4  	     142.6  	     150.2  	     152.4  	     151.8  	     
153.2  	     144.6  	     145.3  	     139.5  	     141.7  	     148.8  	     151.3  	     150.7  	     
152.0  	     143.7  	     144.4  	     138.6  	     140.8  	     147.9  	     150.0  	     149.6  	     
151.0  	     142.7  	     143.4  	     137.8  	     139.7  	     146.9  	     149.0  	     148.4  	     
149.9  	     141.7  	     142.4  	     136.9  	     138.9  	     145.8  	     147.9  	     147.3  	     
148.9  	     140.9  	     141.6  	     136.2  	     138.0  	     144.8  	     146.7  	     146.3  	     
147.9  	     139.9  	     140.5  	     135.3  	     137.2  	     143.8  	     145.7  	     145.3  	     
146.8  	     139.2  	     139.8  	     134.5  	     136.5  	     142.8  	     144.8  	     144.2  	     
145.9  	     138.2  	     139.0  	     133.6  	     135.6  	     141.9  	     143.7  	     143.3  	     
145.0  	     137.4  	     138.1  	     133.0  	     134.8  	     141.0  	     142.9  	     142.3  	     
143.8  	     136.6  	     137.2  	     132.1  	     134.1  	     140.2  	     142.1  	     141.4  	     
143.0  	     136.0  	     136.5  	     131.5  	     133.4  	     139.2  	     141.1  	     140.4  	     
142.9  	     135.7  	     136.4  	     131.3  	     133.2  	     139.0  	     141.2  	     140.3  	     
142.0  	     134.9  	     135.6  	     130.5  	     132.4  	     138.3  	     139.9  	     139.3  	     
140.7  	     134.1  	     134.6  	     129.6  	     131.5  	     137.0  	     138.8  	     138.2  	     
139.6  	     132.9  	     133.5  	     128.5  	     130.6  	     135.7  	     137.6  	     137.2  	     
138.5  	     131.9  	     132.5  	     127.5  	     129.6  	     134.6  	     136.4  	     136.2  	     
137.6  	     130.8  	     131.5  	     126.5  	     128.8  	     133.4  	     135.2  	     135.2  	     
136.6  	     129.9  	     130.5  	     125.7  	     127.9  	     132.3  	     134.2  	     134.2  	     
135.8  	     128.9  	     129.6  	     124.7  	     127.0  	     131.3  	     133.1  	     133.3  	     
135.1  	     128.1  	     128.7  	     123.9  	     126.3  	     130.2  	     132.3  	     132.5  	     
134.3  	     127.3  	     127.9  	     123.1  	     125.5  	     129.6  	     131.4  	     131.8  	     
133.3  	     126.4  	     127.1  	     122.3  	     124.8  	     128.9  	     130.8  	     131.1  	     
132.7  	     125.7  	     126.2  	     121.6  	     124.2  	     128.2  	     129.9  	     130.4  	     
132.0  	     125.1  	     125.6  	     121.0  	     123.6  	     127.9  	     129.3  	     129.8  	     
131.6  	     124.4  	     125.0  	     120.5  	     123.1  	     127.4  	     128.9  	     129.4  	     
131.1  	     123.9  	     124.5  	     119.9  	     122.7  	     127.1  	     128.3  	     129.0  	     
131.0  	     123.9  	     124.4  	     120.0  	     122.7  	     127.0  	     128.4  	     128.9  	     