
G49-PTC2  	G49-PTC3  	G49-PTC8  	G49-PTC13  	G49-PTC15  	G49-PTC20  	G49-PTC33  	G49-PTC42  	
Deg.F  	     Deg.F  	     Deg.F  	     Deg.F  	     Deg.F  	     Deg.F  	     Deg.F  	     Deg.F  	     
72.8  	     73.2  	     76.6  	     73.9  	     75.2  	     75.5  	     76.0  	     76.7  	     
72.8  	     73.2  	     76.6  	     73.9  	     75.2  	     75.5  	     76.0  	     76.7  	     
72.8  	     73.2  	     76.6  	     73.9  	     75.2  	     75.5  	     76.0  	     76.5  	     
73.1  	     73.5  	     77.0  	     74.1  	     75.3  	     76.1  	     76.1  	     77.0  	     
73.3  	     73.9  	     77.3  	     74.2  	     75.7  	     76.0  	     76.3  	     77.4  	     
73.5  	     74.0  	     77.4  	     74.5  	     75.9  	     76.4  	     76.4  	     77.7  	     
73.8  	     74.2  	     77.5  	     74.6  	     76.1  	     76.4  	     76.6  	     77.9  	     
73.9  	     74.4  	     77.6  	     74.6  	     76.4  	     76.6  	     76.6  	     78.1  	     
74.1  	     74.5  	     77.7  	     74.8  	     76.1  	     76.8  	     76.8  	     78.4  	     
74.2  	     74.7  	     77.9  	     75.0  	     76.8  	     77.0  	     77.0  	     78.7  	     
74.4  	     74.8  	     78.0  	     75.0  	     76.9  	     76.9  	     77.1  	     78.9  	     
74.6  	     75.0  	     78.3  	     75.1  	     77.1  	     77.3  	     77.1  	     79.2  	     
74.8  	     75.2  	     78.3  	     75.2  	     77.3  	     77.5  	     77.3  	     79.4  	     
74.8  	     75.4  	     78.6  	     75.5  	     77.6  	     77.5  	     77.5  	     79.6  	     
74.9  	     75.6  	     78.7  	     75.6  	     77.6  	     77.7  	     77.5  	     80.0  	     
75.3  	     75.7  	     78.7  	     75.8  	     77.9  	     77.9  	     77.7  	     80.1  	     
75.0  	     75.8  	     78.9  	     75.8  	     78.1  	     77.9  	     77.8  	     80.3  	     
75.7  	     76.1  	     79.2  	     76.0  	     78.3  	     78.1  	     77.9  	     80.6  	     
75.7  	     76.1  	     79.2  	     76.0  	     78.3  	     78.1  	     77.9  	     80.6  	     
75.6  	     76.1  	     79.3  	     76.0  	     78.4  	     78.2  	     78.1  	     80.9  	     
76.0  	     76.2  	     79.6  	     76.1  	     79.0  	     78.5  	     78.2  	     81.1  	     
76.1  	     76.5  	     79.6  	     76.3  	     78.9  	     78.5  	     78.2  	     81.2  	     
76.2  	     76.5  	     79.8  	     76.5  	     79.1  	     78.8  	     78.5  	     81.5  	     
76.4  	     76.8  	     80.0  	     76.5  	     79.2  	     79.1  	     78.5  	     81.6  	     
76.5  	     76.9  	     79.8  	     76.6  	     79.3  	     78.9  	     78.6  	     81.6  	     
76.7  	     77.2  	     80.1  	     76.8  	     79.5  	     79.2  	     78.7  	     82.0  	     
77.6  	     77.2  	     80.6  	     77.1  	     79.9  	     79.7  	     78.9  	     82.5  	     
77.6  	     77.8  	     80.9  	     77.6  	     80.4  	     80.3  	     79.4  	     83.2  	     
78.1  	     78.3  	     81.7  	     78.0  	     81.1  	     81.0  	     79.7  	     84.1  	     
79.2  	     79.4  	     82.7  	     78.9  	     81.8  	     81.9  	     80.4  	     85.6  	     
80.5  	     80.5  	     84.0  	     80.0  	     83.1  	     83.4  	     81.5  	     87.4  	     
82.1  	     82.2  	     85.6  	     81.1  	     84.7  	     85.0  	     82.7  	     89.7  	     
83.9  	     83.8  	     87.0  	     82.6  	     86.4  	     87.0  	     84.2  	     91.9  	     
85.8  	     85.7  	     88.5  	     84.1  	     88.7  	     88.8  	     85.7  	     94.3  	     
87.8  	     87.9  	     90.2  	     85.9  	     90.7  	     90.6  	     87.3  	     96.9  	     
89.7  	     89.9  	     92.3  	     87.6  	     93.0  	     93.0  	     88.9  	     100.1  	     
92.0  	     92.2  	     94.2  	     89.5  	     95.5  	     95.3  	     90.7  	     103.4  	     
94.2  	     94.5  	     96.9  	     91.3  	     97.9  	     97.9  	     92.8  	     106.6  	     
96.6  	     97.0  	     99.0  	     93.5  	     100.8  	     100.8  	     95.2  	     110.3  	     
99.1  	     99.5  	     101.5  	     95.6  	     103.5  	     103.2  	     97.5  	     113.6  	     
101.6  	     102.0  	     104.3  	     98.4  	     106.4  	     106.2  	     99.8  	     117.7  	     
103.2  	     103.6  	     105.9  	     99.8  	     108.3  	     108.0  	     101.1  	     119.9  	     
104.2  	     104.8  	     107.1  	     100.7  	     109.6  	     109.3  	     102.0  	     121.3  	     
106.8  	     107.6  	     110.0  	     103.0  	     112.8  	     112.0  	     104.6  	     125.0  	     
109.7  	     110.5  	     113.2  	     105.5  	     116.0  	     115.3  	     107.5  	     129.2  	     
112.3  	     113.2  	     115.9  	     107.8  	     119.3  	     118.4  	     110.4  	     133.1  	     
115.1  	     116.4  	     119.3  	     110.6  	     122.6  	     121.7  	     113.5  	     137.4  	     
118.3  	     119.4  	     122.3  	     113.2  	     126.0  	     125.2  	     116.5  	     141.9  	     
121.1  	     122.3  	     125.4  	     115.8  	     129.5  	     128.8  	     119.8  	     145.5  	     
124.4  	     125.6  	     128.7  	     118.3  	     133.0  	     132.2  	     122.8  	     149.7  	     
127.4  	     128.6  	     131.9  	     121.2  	     136.4  	     135.5  	     126.0  	     153.6  	     
129.8  	     131.1  	     134.8  	     123.6  	     139.5  	     138.5  	     128.7  	     157.4  	     
130.2  	     131.6  	     135.1  	     124.0  	     139.8  	     138.9  	     129.1  	     158.0  	     
133.0  	     134.5  	     138.4  	     126.8  	     143.1  	     142.4  	     132.0  	     162.2  	     
135.9  	     137.4  	     141.4  	     129.1  	     146.4  	     145.2  	     134.9  	     166.1  	     
138.5  	     140.3  	     144.2  	     131.6  	     149.8  	     148.5  	     137.8  	     169.9  	     
141.0  	     143.1  	     147.2  	     134.2  	     153.0  	     151.4  	     140.7  	     173.2  	     
143.8  	     145.8  	     150.3  	     136.7  	     156.2  	     154.3  	     143.5  	     176.9  	     
146.4  	     148.6  	     153.3  	     139.1  	     159.1  	     157.2  	     146.3  	     180.5  	     
148.9  	     151.0  	     156.4  	     141.5  	     162.1  	     159.8  	     148.9  	     183.6  	     
151.5  	     153.5  	     158.9  	     143.7  	     165.1  	     162.8  	     151.7  	     186.8  	     
154.0  	     156.1  	     161.6  	     145.9  	     168.0  	     165.0  	     154.1  	     189.9  	     
156.6  	     158.7  	     164.3  	     148.3  	     170.7  	     167.9  	     156.2  	     192.7  	     
159.0  	     161.0  	     167.3  	     150.6  	     173.5  	     170.1  	     158.8  	     195.3  	     
161.5  	     163.6  	     169.9  	     152.8  	     176.2  	     172.6  	     161.1  	     198.1  	     
163.9  	     165.9  	     172.4  	     155.2  	     178.9  	     175.1  	     163.4  	     200.7  	     
165.9  	     167.9  	     175.0  	     157.2  	     181.4  	     177.3  	     165.8  	     203.0  	     
168.3  	     170.4  	     177.6  	     159.3  	     183.8  	     179.2  	     168.0  	     205.4  	     
170.5  	     172.5  	     180.0  	     161.2  	     186.2  	     181.5  	     170.3  	     207.5  	     
172.4  	     174.5  	     182.3  	     163.2  	     188.6  	     183.7  	     172.3  	     209.6  	     
174.6  	     176.6  	     184.8  	     165.2  	     190.9  	     185.8  	     174.5  	     211.7  	     
176.6  	     178.6  	     187.1  	     167.3  	     193.1  	     187.5  	     176.5  	     213.7  	     
178.6  	     180.5  	     189.2  	     169.0  	     195.2  	     189.4  	     178.4  	     215.4  	     
180.5  	     182.4  	     191.5  	     171.0  	     197.3  	     191.4  	     180.4  	     217.1  	     
182.3  	     184.2  	     193.5  	     172.8  	     199.4  	     193.1  	     182.3  	     218.7  	     
183.7  	     185.4  	     195.0  	     174.2  	     200.8  	     194.5  	     183.5  	     220.1  	     
184.4  	     186.1  	     195.8  	     174.8  	     201.3  	     195.1  	     184.1  	     220.6  	     
186.4  	     187.8  	     197.7  	     176.5  	     203.3  	     196.8  	     186.1  	     222.0  	     
187.7  	     189.2  	     199.2  	     177.8  	     204.7  	     198.1  	     187.5  	     223.0  	     
187.9  	     189.7  	     199.7  	     178.4  	     205.2  	     198.5  	     187.9  	     223.4  	     
190.1  	     191.6  	     202.0  	     180.5  	     206.8  	     200.4  	     189.7  	     225.1  	     
192.2  	     193.7  	     204.1  	     182.7  	     208.7  	     202.5  	     191.7  	     227.1  	     
194.5  	     195.9  	     206.5  	     185.1  	     211.1  	     204.6  	     193.7  	     229.2  	     
196.9  	     198.3  	     209.0  	     187.6  	     213.5  	     207.1  	     195.9  	     231.8  	     
199.6  	     200.9  	     211.7  	     191.1  	     216.1  	     209.7  	     198.3  	     234.7  	     
202.4  	     203.5  	     214.6  	     194.3  	     219.0  	     212.5  	     201.2  	     237.8  	     
205.5  	     206.6  	     217.8  	     197.4  	     222.0  	     215.4  	     203.8  	     241.0  	     
208.7  	     209.8  	     221.5  	     201.5  	     225.1  	     218.7  	     206.9  	     244.5  	     
212.0  	     213.1  	     224.9  	     204.9  	     228.6  	     222.3  	     210.3  	     248.3  	     
215.4  	     216.4  	     228.4  	     209.3  	     232.2  	     225.8  	     214.2  	     252.6  	     
219.2  	     220.0  	     232.1  	     213.1  	     236.1  	     229.8  	     218.1  	     256.5  	     
223.1  	     223.9  	     236.6  	     217.1  	     239.7  	     233.2  	     222.1  	     260.9  	     
227.2  	     227.8  	     240.9  	     221.8  	     243.9  	     237.2  	     226.2  	     265.6  	     
231.1  	     232.0  	     245.5  	     226.9  	     248.1  	     241.1  	     230.1  	     269.9  	     
235.2  	     235.8  	     249.4  	     230.8  	     252.2  	     245.4  	     234.3  	     274.4  	     
239.3  	     240.2  	     253.6  	     234.4  	     256.5  	     249.6  	     238.5  	     279.0  	     
243.5  	     244.4  	     258.0  	     238.3  	     260.7  	     254.1  	     242.5  	     283.7  	     
247.6  	     248.4  	     262.1  	     243.0  	     264.8  	     257.9  	     246.6  	     288.4  	     
251.9  	     252.8  	     266.7  	     247.9  	     269.6  	     262.0  	     251.0  	     292.6  	     
256.2  	     257.1  	     271.3  	     251.9  	     274.9  	     266.3  	     255.2  	     297.3  	     
260.3  	     261.3  	     275.7  	     256.7  	     278.9  	     271.0  	     260.0  	     301.7  	     
264.8  	     265.6  	     280.5  	     261.2  	     283.8  	     275.5  	     264.2  	     306.7  	     
269.1  	     270.2  	     285.3  	     265.4  	     287.9  	     279.6  	     268.0  	     311.2  	     
273.4  	     274.4  	     289.9  	     269.7  	     292.4  	     283.7  	     272.4  	     315.9  	     
277.5  	     278.6  	     294.7  	     274.0  	     296.9  	     288.0  	     276.6  	     320.3  	     
281.3  	     282.5  	     298.8  	     278.0  	     301.1  	     291.7  	     280.6  	     324.0  	     
285.4  	     286.4  	     302.7  	     281.7  	     305.3  	     295.2  	     284.4  	     327.5  	     
288.8  	     290.0  	     307.0  	     285.0  	     308.8  	     299.0  	     288.2  	     330.4  	     
292.2  	     293.4  	     310.2  	     287.7  	     312.3  	     302.0  	     291.5  	     332.8  	     
294.9  	     296.3  	     312.6  	     290.4  	     315.0  	     304.4  	     294.1  	     335.0  	     
295.3  	     296.5  	     313.1  	     290.9  	     315.5  	     304.7  	     294.6  	     335.2  	     
298.2  	     299.4  	     315.9  	     293.8  	     318.5  	     307.6  	     297.5  	     337.3  	     
301.0  	     302.5  	     318.7  	     296.2  	     321.1  	     309.9  	     300.6  	     338.9  	     
303.4  	     304.9  	     321.3  	     298.5  	     323.5  	     312.2  	     303.3  	     340.4  	     
305.8  	     307.3  	     323.9  	     300.5  	     325.6  	     314.6  	     306.0  	     341.6  	     
308.3  	     309.5  	     326.0  	     303.1  	     327.6  	     316.6  	     308.4  	     342.7  	     
310.2  	     311.5  	     327.9  	     305.0  	     329.5  	     318.6  	     310.6  	     343.8  	     
312.5  	     313.5  	     329.5  	     307.0  	     331.1  	     320.3  	     312.9  	     344.6  	     
314.6  	     316.1  	     331.7  	     308.6  	     332.5  	     322.1  	     314.9  	     345.4  	     
316.5  	     317.7  	     333.4  	     310.4  	     334.1  	     323.5  	     316.8  	     345.8  	     
318.1  	     319.3  	     335.0  	     312.0  	     335.0  	     325.0  	     318.7  	     346.1  	     
319.6  	     320.7  	     336.1  	     313.5  	     336.0  	     326.6  	     320.3  	     346.3  	     
321.0  	     322.4  	     337.1  	     315.1  	     336.8  	     327.9  	     322.0  	     346.7  	     
322.3  	     323.8  	     338.7  	     316.6  	     337.8  	     329.0  	     323.7  	     347.1  	     
323.7  	     324.9  	     339.8  	     318.2  	     338.7  	     330.3  	     325.3  	     347.3  	     
324.9  	     326.2  	     340.9  	     319.6  	     339.5  	     331.4  	     326.6  	     347.7  	     
326.1  	     327.3  	     341.4  	     320.8  	     340.3  	     332.4  	     328.1  	     347.7  	     
327.0  	     328.4  	     342.5  	     322.0  	     340.8  	     333.0  	     329.3  	     347.6  	     
328.1  	     329.5  	     343.3  	     323.0  	     341.4  	     334.2  	     330.4  	     347.9  	     
329.5  	     330.6  	     344.8  	     324.1  	     341.9  	     335.0  	     331.4  	     347.9  	     
330.4  	     331.7  	     344.6  	     325.5  	     342.4  	     336.2  	     332.6  	     348.2  	     
331.4  	     332.6  	     344.2  	     326.7  	     342.9  	     336.9  	     333.7  	     348.3  	     
332.4  	     333.5  	     345.9  	     327.7  	     343.5  	     337.6  	     334.7  	     348.5  	     
333.3  	     334.3  	     346.2  	     328.4  	     343.6  	     338.2  	     335.6  	     348.4  	     
333.9  	     335.0  	     346.3  	     329.3  	     344.0  	     338.9  	     336.4  	     348.4  	     
334.5  	     335.7  	     346.8  	     330.1  	     344.3  	     339.4  	     337.2  	     348.4  	     
335.4  	     336.6  	     347.1  	     330.9  	     344.6  	     340.1  	     338.1  	     348.4  	     
336.0  	     337.1  	     347.5  	     331.9  	     344.8  	     340.4  	     338.7  	     348.4  	     
336.8  	     337.9  	     347.7  	     332.6  	     345.2  	     341.2  	     339.5  	     348.5  	     
337.3  	     338.5  	     347.9  	     333.4  	     345.5  	     341.6  	     340.1  	     348.7  	     
338.0  	     339.1  	     348.2  	     334.2  	     345.8  	     342.1  	     340.9  	     348.7  	     
338.5  	     339.7  	     348.6  	     335.0  	     346.2  	     342.5  	     341.4  	     348.8  	     
339.1  	     340.1  	     348.7  	     335.5  	     346.3  	     342.9  	     342.0  	     348.8  	     
339.8  	     340.8  	     348.8  	     336.2  	     346.5  	     343.4  	     342.5  	     348.7  	     
340.4  	     341.5  	     348.9  	     336.9  	     346.6  	     343.7  	     342.9  	     348.8  	     
340.8  	     341.9  	     348.8  	     337.3  	     346.9  	     344.0  	     343.6  	     348.8  	     
341.4  	     342.4  	     349.1  	     338.1  	     347.1  	     344.3  	     344.0  	     349.0  	     
341.9  	     342.7  	     349.4  	     338.5  	     347.3  	     344.6  	     344.5  	     349.1  	     
342.5  	     343.3  	     349.3  	     339.1  	     347.5  	     345.0  	     344.9  	     349.1  	     
342.8  	     343.8  	     349.0  	     339.7  	     347.6  	     345.2  	     345.5  	     349.2  	     
343.2  	     344.2  	     349.6  	     340.2  	     347.6  	     345.4  	     345.8  	     349.3  	     
343.7  	     344.6  	     349.6  	     340.7  	     348.0  	     345.7  	     346.1  	     349.4  	     
344.1  	     345.1  	     349.7  	     341.1  	     348.2  	     345.9  	     346.5  	     349.2  	     
344.4  	     345.4  	     349.7  	     341.5  	     348.3  	     346.2  	     346.8  	     349.4  	     
344.5  	     345.4  	     349.6  	     341.6  	     348.3  	     346.2  	     346.7  	     349.3  	     
344.7  	     345.7  	     349.7  	     341.9  	     348.3  	     346.2  	     347.0  	     349.3  	     
345.1  	     345.9  	     349.8  	     342.3  	     348.5  	     346.4  	     347.3  	     349.4  	     
345.4  	     346.2  	     349.8  	     342.6  	     348.3  	     346.6  	     347.7  	     349.4  	     
345.7  	     346.6  	     349.9  	     343.0  	     348.7  	     346.8  	     347.8  	     349.4  	     
345.9  	     346.7  	     349.8  	     343.3  	     348.8  	     346.6  	     348.0  	     349.3  	     
346.0  	     346.8  	     349.6  	     343.4  	     348.6  	     346.6  	     348.2  	     349.0  	     
346.3  	     347.1  	     349.6  	     343.5  	     348.5  	     347.0  	     348.4  	     349.1  	     
346.5  	     347.3  	     349.7  	     343.9  	     348.7  	     347.1  	     348.5  	     349.2  	     
346.8  	     347.6  	     349.6  	     344.2  	     348.9  	     347.1  	     348.8  	     349.3  	     
346.9  	     347.8  	     349.8  	     344.7  	     348.9  	     347.3  	     349.0  	     349.2  	     
347.0  	     347.8  	     349.7  	     345.0  	     349.0  	     347.2  	     349.3  	     349.2  	     
347.1  	     348.1  	     349.5  	     344.9  	     348.8  	     347.1  	     349.3  	     348.9  	     
347.2  	     348.2  	     349.5  	     345.1  	     348.8  	     347.3  	     349.4  	     349.0  	     
347.5  	     348.4  	     349.5  	     345.3  	     348.8  	     347.3  	     349.4  	     349.0  	     
347.7  	     348.6  	     349.5  	     345.7  	     348.8  	     347.5  	     349.6  	     349.0  	     
348.0  	     348.7  	     349.7  	     345.9  	     349.0  	     347.6  	     349.8  	     349.1  	     
348.1  	     348.9  	     349.7  	     346.1  	     349.0  	     347.7  	     350.0  	     349.2  	     
348.3  	     349.1  	     349.9  	     346.4  	     349.2  	     347.9  	     350.2  	     349.4  	     
348.5  	     349.2  	     349.8  	     346.5  	     349.1  	     348.0  	     350.2  	     349.4  	     
348.6  	     349.5  	     349.9  	     346.8  	     349.3  	     348.0  	     350.4  	     349.4  	     
348.8  	     349.6  	     349.8  	     347.0  	     349.4  	     348.1  	     350.5  	     349.7  	     
349.1  	     349.9  	     349.9  	     347.2  	     349.5  	     348.2  	     350.6  	     349.8  	     
349.3  	     350.1  	     349.8  	     347.4  	     349.5  	     348.1  	     350.7  	     349.9  	     
349.4  	     350.2  	     349.8  	     347.3  	     349.5  	     348.0  	     350.8  	     349.7  	     
349.5  	     350.4  	     348.9  	     347.5  	     349.5  	     348.2  	     350.9  	     349.7  	     
349.5  	     350.6  	     349.8  	     347.7  	     349.5  	     348.3  	     350.9  	     349.6  	     
349.9  	     350.6  	     349.9  	     347.9  	     349.4  	     348.3  	     351.1  	     349.7  	     
349.9  	     350.8  	     350.1  	     348.1  	     349.8  	     348.7  	     351.1  	     349.9  	     
349.9  	     350.7  	     349.8  	     348.3  	     349.8  	     348.4  	     351.1  	     349.7  	     
350.1  	     350.9  	     349.8  	     348.4  	     349.7  	     348.3  	     351.1  	     349.7  	     
350.0  	     351.0  	     349.9  	     348.6  	     349.7  	     348.6  	     351.2  	     349.9  	     
350.4  	     351.0  	     350.0  	     348.6  	     349.7  	     348.6  	     351.4  	     349.9  	     
350.6  	     351.3  	     349.9  	     348.7  	     349.9  	     348.7  	     351.4  	     350.0  	     
350.7  	     351.5  	     350.1  	     348.9  	     349.8  	     348.9  	     351.5  	     350.1  	     
350.7  	     351.6  	     350.0  	     348.8  	     349.7  	     348.6  	     351.5  	     349.9  	     
350.8  	     351.5  	     349.8  	     348.9  	     349.8  	     348.8  	     351.4  	     349.7  	     
350.8  	     351.6  	     349.9  	     348.9  	     349.7  	     348.7  	     351.5  	     349.7  	     
350.8  	     351.4  	     350.0  	     349.1  	     349.9  	     348.8  	     351.6  	     349.7  	     
351.0  	     351.7  	     349.9  	     349.2  	     349.9  	     348.8  	     351.6  	     349.9  	     
351.0  	     351.7  	     350.0  	     349.4  	     350.0  	     349.1  	     351.7  	     350.0  	     
351.0  	     351.7  	     350.0  	     349.5  	     349.9  	     349.1  	     351.7  	     349.8  	     
351.0  	     351.8  	     349.9  	     349.5  	     349.9  	     348.8  	     351.7  	     349.8  	     
351.0  	     351.8  	     349.8  	     349.5  	     349.9  	     348.7  	     351.6  	     349.7  	     
351.1  	     351.7  	     349.8  	     349.6  	     349.9  	     348.8  	     351.7  	     349.7  	     
351.0  	     351.9  	     351.0  	     349.7  	     350.0  	     348.9  	     351.9  	     349.9  	     
351.4  	     352.1  	     350.0  	     349.8  	     350.0  	     348.9  	     351.8  	     350.0  	     
351.3  	     352.0  	     350.1  	     349.9  	     350.1  	     348.9  	     351.9  	     350.2  	     
351.4  	     352.1  	     350.0  	     349.9  	     350.2  	     349.0  	     351.9  	     350.1  	     
351.4  	     352.1  	     350.1  	     350.0  	     350.3  	     349.1  	     352.0  	     350.3  	     
351.3  	     352.1  	     350.0  	     349.9  	     350.1  	     348.9  	     352.0  	     349.8  	     
351.2  	     351.9  	     349.9  	     349.8  	     350.0  	     348.7  	     351.9  	     349.6  	     
351.3  	     352.0  	     349.7  	     349.8  	     349.9  	     348.9  	     351.8  	     349.7  	     
351.3  	     352.0  	     349.8  	     349.8  	     349.9  	     348.9  	     351.8  	     349.8  	     
351.5  	     352.1  	     349.8  	     350.0  	     349.9  	     348.9  	     351.9  	     349.8  	     
351.4  	     352.3  	     350.2  	     350.2  	     350.0  	     349.0  	     352.0  	     349.9  	     
351.5  	     352.2  	     350.1  	     350.2  	     349.9  	     349.1  	     351.9  	     350.1  	     
351.6  	     352.2  	     349.8  	     350.1  	     349.8  	     348.6  	     351.9  	     349.4  	     
351.4  	     352.0  	     349.6  	     349.9  	     349.6  	     348.7  	     351.7  	     349.3  	     
351.4  	     352.1  	     349.6  	     349.9  	     349.8  	     348.9  	     351.7  	     349.4  	     
351.5  	     352.2  	     349.5  	     350.1  	     349.7  	     348.8  	     351.8  	     349.6  	     
351.7  	     352.2  	     349.7  	     350.1  	     349.7  	     348.9  	     351.9  	     349.6  	     
351.6  	     352.3  	     349.8  	     350.3  	     350.0  	     349.2  	     351.9  	     349.7  	     
351.5  	     352.4  	     349.7  	     350.2  	     350.0  	     348.7  	     351.9  	     349.5  	     
351.4  	     352.1  	     349.5  	     350.1  	     349.7  	     348.4  	     351.7  	     349.4  	     
351.5  	     352.2  	     349.6  	     350.1  	     349.7  	     348.6  	     351.7  	     349.6  	     
351.6  	     352.1  	     349.7  	     350.1  	     349.7  	     348.7  	     351.8  	     349.6  	     
351.5  	     352.3  	     349.8  	     350.3  	     349.7  	     348.8  	     351.8  	     349.7  	     
351.7  	     352.3  	     349.8  	     350.3  	     349.9  	     348.9  	     351.9  	     349.8  	     
351.7  	     352.3  	     349.8  	     350.6  	     350.0  	     349.0  	     351.9  	     349.9  	     
351.8  	     352.4  	     350.1  	     350.6  	     350.2  	     349.1  	     352.1  	     349.9  	     
351.7  	     352.3  	     350.0  	     350.6  	     349.9  	     348.9  	     352.1  	     349.8  	     
351.8  	     352.4  	     350.1  	     350.7  	     350.1  	     349.1  	     352.1  	     349.9  	     
351.9  	     352.6  	     350.0  	     350.8  	     350.2  	     349.2  	     352.0  	     350.1  	     
351.9  	     352.6  	     350.0  	     350.8  	     350.0  	     349.3  	     352.2  	     350.2  	     
352.0  	     352.8  	     350.1  	     350.8  	     350.4  	     349.2  	     352.2  	     350.1  	     
351.9  	     352.6  	     349.8  	     350.5  	     350.0  	     348.9  	     352.2  	     349.7  	     
352.0  	     352.6  	     349.8  	     350.5  	     349.9  	     349.0  	     352.1  	     349.8  	     
351.9  	     352.5  	     350.0  	     350.6  	     349.8  	     349.1  	     352.1  	     349.8  	     
352.0  	     352.7  	     349.9  	     350.7  	     350.1  	     349.1  	     352.2  	     349.9  	     
352.1  	     352.8  	     350.0  	     350.9  	     350.2  	     349.2  	     352.1  	     350.1  	     
352.2  	     353.0  	     350.4  	     350.8  	     350.2  	     349.1  	     352.1  	     350.0  	     
352.2  	     352.7  	     350.0  	     350.7  	     350.1  	     349.0  	     352.1  	     349.8  	     
352.2  	     352.6  	     350.0  	     350.8  	     350.1  	     348.9  	     352.1  	     349.9  	     
352.3  	     352.6  	     350.0  	     350.8  	     350.2  	     349.3  	     352.1  	     350.0  	     
352.2  	     352.7  	     350.1  	     351.0  	     350.3  	     349.2  	     352.1  	     350.1  	     
352.1  	     352.8  	     350.1  	     351.1  	     350.5  	     349.3  	     352.2  	     350.2  	     
352.0  	     352.7  	     349.8  	     350.8  	     350.2  	     349.0  	     352.2  	     349.7  	     
352.0  	     352.6  	     349.8  	     350.8  	     350.1  	     348.9  	     352.0  	     349.7  	     
352.1  	     352.6  	     349.8  	     350.8  	     350.1  	     349.0  	     352.1  	     349.7  	     
352.1  	     352.7  	     350.0  	     350.9  	     350.2  	     349.3  	     352.0  	     349.8  	     
352.1  	     352.8  	     350.1  	     351.0  	     350.3  	     349.2  	     352.0  	     350.0  	     
352.2  	     352.9  	     350.1  	     351.1  	     350.3  	     349.3  	     352.2  	     350.0  	     
352.0  	     352.6  	     349.7  	     350.8  	     350.2  	     349.1  	     352.1  	     349.7  	     
352.0  	     352.7  	     349.8  	     350.8  	     350.1  	     348.9  	     352.0  	     349.5  	     
352.1  	     352.7  	     349.8  	     350.8  	     350.1  	     348.9  	     351.9  	     349.7  	     
352.2  	     352.7  	     349.8  	     350.8  	     350.0  	     349.1  	     351.9  	     349.7  	     
352.2  	     352.8  	     349.9  	     350.9  	     350.2  	     349.2  	     352.1  	     349.8  	     
352.2  	     352.9  	     350.0  	     351.1  	     350.1  	     349.2  	     352.1  	     349.9  	     
352.3  	     352.7  	     349.9  	     351.0  	     350.1  	     348.9  	     352.1  	     349.8  	     
352.1  	     352.8  	     349.9  	     350.9  	     350.2  	     349.1  	     352.1  	     349.8  	     
352.1  	     352.6  	     350.0  	     350.9  	     350.2  	     349.2  	     352.1  	     349.9  	     
352.2  	     352.7  	     350.0  	     351.1  	     350.3  	     349.3  	     352.1  	     349.9  	     
352.2  	     352.8  	     350.3  	     351.1  	     350.4  	     349.4  	     352.2  	     350.1  	     
352.3  	     352.9  	     350.1  	     351.2  	     350.4  	     349.3  	     352.2  	     350.1  	     
352.1  	     352.7  	     349.9  	     351.1  	     350.3  	     348.9  	     352.1  	     349.7  	     
352.1  	     352.8  	     349.8  	     350.9  	     350.1  	     349.0  	     352.1  	     349.7  	     
352.2  	     352.7  	     349.8  	     351.0  	     350.2  	     349.0  	     352.0  	     349.7  	     
352.1  	     352.8  	     349.9  	     351.0  	     350.2  	     349.3  	     352.0  	     349.9  	     
352.2  	     352.8  	     350.1  	     351.3  	     350.2  	     349.3  	     352.1  	     350.0  	     
352.3  	     352.8  	     350.1  	     351.2  	     350.2  	     349.3  	     352.1  	     350.1  	     
352.1  	     352.8  	     349.8  	     350.9  	     350.0  	     349.0  	     352.1  	     349.7  	     
352.0  	     352.7  	     349.9  	     350.7  	     349.9  	     348.9  	     352.0  	     349.6  	     
352.1  	     352.8  	     349.8  	     350.8  	     349.9  	     349.1  	     352.1  	     349.7  	     
352.2  	     352.7  	     349.9  	     351.0  	     349.9  	     349.1  	     352.1  	     349.7  	     
352.1  	     352.8  	     350.0  	     351.0  	     350.0  	     349.0  	     352.1  	     349.7  	     
352.2  	     352.7  	     350.1  	     351.1  	     350.1  	     349.3  	     352.2  	     350.0  	     
352.3  	     353.0  	     350.3  	     351.2  	     349.9  	     349.1  	     352.2  	     350.0  	     
352.2  	     352.9  	     350.2  	     351.1  	     350.1  	     349.3  	     352.3  	     350.0  	     
352.4  	     353.0  	     350.3  	     351.3  	     350.3  	     349.4  	     352.3  	     350.1  	     
352.4  	     353.0  	     350.3  	     351.3  	     350.3  	     349.3  	     352.4  	     350.2  	     
352.3  	     353.0  	     350.1  	     351.3  	     350.2  	     349.1  	     352.3  	     350.0  	     
352.4  	     353.0  	     350.0  	     351.2  	     350.3  	     349.1  	     352.3  	     350.1  	     
352.4  	     353.0  	     351.3  	     351.3  	     350.3  	     349.1  	     352.2  	     350.1  	     
352.2  	     352.7  	     350.0  	     351.1  	     350.4  	     348.9  	     352.2  	     349.6  	     
351.5  	     352.1  	     348.9  	     350.1  	     349.4  	     347.9  	     351.8  	     348.2  	     
350.9  	     351.6  	     348.1  	     349.2  	     348.7  	     347.4  	     351.2  	     347.2  	     
350.2  	     351.0  	     347.1  	     348.3  	     347.8  	     346.3  	     350.5  	     346.0  	     
349.0  	     350.0  	     345.7  	     346.8  	     346.5  	     345.1  	     349.6  	     344.0  	     
348.0  	     348.9  	     343.7  	     345.3  	     344.9  	     343.5  	     348.3  	     341.7  	     
347.7  	     348.5  	     343.3  	     344.8  	     344.5  	     343.2  	     348.0  	     341.0  	     
346.5  	     347.6  	     341.9  	     343.7  	     343.1  	     341.9  	     347.0  	     339.4  	     
345.1  	     346.1  	     339.9  	     341.8  	     341.1  	     340.2  	     345.5  	     337.0  	     
343.4  	     344.4  	     337.9  	     339.9  	     339.0  	     338.7  	     343.9  	     334.0  	     
341.7  	     342.4  	     335.3  	     337.9  	     336.5  	     336.5  	     342.0  	     331.3  	     
339.4  	     340.4  	     332.6  	     335.4  	     333.6  	     334.3  	     340.1  	     327.7  	     
339.0  	     339.9  	     331.7  	     334.9  	     333.0  	     333.4  	     339.6  	     327.3  	     
337.2  	     338.3  	     328.8  	     333.1  	     330.4  	     331.5  	     337.8  	     324.3  	     
335.0  	     335.9  	     326.9  	     330.4  	     327.4  	     329.2  	     335.5  	     320.7  	     
332.3  	     333.3  	     323.3  	     327.8  	     323.9  	     326.2  	     332.9  	     317.1  	     
329.7  	     330.6  	     320.2  	     325.1  	     320.3  	     323.2  	     330.0  	     312.9  	     
326.9  	     327.7  	     316.7  	     322.0  	     316.4  	     320.2  	     327.3  	     308.8  	     
324.1  	     324.6  	     312.6  	     318.9  	     312.6  	     316.8  	     324.3  	     304.4  	     
320.8  	     321.4  	     309.7  	     316.1  	     308.6  	     313.7  	     321.3  	     300.2  	     
318.0  	     318.4  	     306.1  	     312.7  	     304.5  	     309.7  	     318.2  	     295.9  	     
314.4  	     315.2  	     302.5  	     309.3  	     300.4  	     306.4  	     314.9  	     291.2  	     
311.1  	     311.7  	     298.0  	     305.9  	     296.1  	     302.8  	     311.4  	     286.9  	     
307.7  	     308.2  	     293.9  	     302.1  	     291.6  	     299.4  	     307.9  	     282.2  	     
304.1  	     304.8  	     289.1  	     298.8  	     287.1  	     295.3  	     304.3  	     277.6  	     
300.5  	     301.1  	     285.4  	     295.1  	     282.6  	     291.6  	     300.6  	     273.0  	     
296.9  	     297.5  	     281.7  	     291.6  	     278.2  	     287.6  	     296.8  	     268.5  	     
293.0  	     293.7  	     277.5  	     288.0  	     273.6  	     283.4  	     293.1  	     264.3  	     
289.3  	     289.9  	     273.9  	     284.5  	     269.3  	     279.7  	     289.4  	     259.4  	     
285.8  	     286.3  	     269.1  	     281.1  	     264.9  	     276.0  	     285.9  	     255.2  	     
281.8  	     282.4  	     265.5  	     277.0  	     260.5  	     271.7  	     281.9  	     250.9  	     
278.4  	     278.8  	     260.8  	     273.6  	     256.1  	     268.0  	     278.4  	     247.0  	     
274.5  	     275.1  	     257.0  	     269.9  	     251.8  	     264.2  	     274.7  	     242.7  	     
271.2  	     271.7  	     252.9  	     266.7  	     247.6  	     260.1  	     271.3  	     238.8  	     
267.8  	     268.1  	     249.3  	     263.0  	     243.6  	     256.4  	     267.6  	     235.0  	     
263.9  	     264.4  	     245.8  	     259.4  	     239.4  	     252.5  	     264.0  	     230.9  	     
260.5  	     260.8  	     242.1  	     256.1  	     235.7  	     248.8  	     260.5  	     227.4  	     
257.0  	     257.1  	     238.4  	     252.7  	     231.8  	     245.0  	     256.7  	     223.9  	     
253.6  	     253.6  	     234.7  	     249.4  	     228.0  	     241.6  	     253.2  	     220.6  	     
249.9  	     250.1  	     231.3  	     245.8  	     224.5  	     238.0  	     249.9  	     217.0  	     
246.8  	     246.8  	     227.8  	     242.6  	     220.8  	     234.6  	     246.5  	     213.6  	     
243.5  	     243.5  	     224.3  	     239.4  	     217.4  	     231.4  	     243.2  	     210.3  	     
240.2  	     240.2  	     221.4  	     236.5  	     214.2  	     227.9  	     239.8  	     207.3  	     
237.0  	     237.0  	     217.9  	     233.6  	     211.2  	     224.8  	     236.5  	     204.2  	     
233.9  	     233.8  	     214.6  	     230.4  	     207.9  	     221.6  	     233.4  	     201.4  	     
230.9  	     230.8  	     211.3  	     227.6  	     205.0  	     218.3  	     230.3  	     198.4  	     
227.7  	     227.7  	     208.9  	     224.5  	     202.0  	     215.4  	     227.2  	     195.9  	     
224.7  	     224.6  	     205.9  	     221.6  	     199.1  	     212.4  	     224.3  	     193.0  	     
222.0  	     221.8  	     202.5  	     218.7  	     196.2  	     209.5  	     221.5  	     190.5  	     
219.0  	     218.7  	     200.1  	     215.8  	     193.5  	     206.7  	     218.5  	     188.1  	     
216.2  	     216.0  	     197.5  	     213.2  	     190.8  	     203.9  	     215.6  	     185.7  	     
213.3  	     213.3  	     195.0  	     210.5  	     188.5  	     201.2  	     212.8  	     183.4  	     
210.7  	     210.7  	     192.0  	     207.9  	     185.9  	     198.5  	     210.2  	     181.0  	     
208.0  	     207.9  	     189.4  	     205.4  	     183.6  	     196.0  	     207.6  	     178.8  	     
205.6  	     205.4  	     187.4  	     203.0  	     181.3  	     193.4  	     205.1  	     176.7  	     
203.1  	     202.8  	     184.9  	     200.6  	     179.1  	     190.9  	     202.4  	     174.4  	     
200.5  	     200.7  	     182.7  	     198.1  	     176.9  	     188.4  	     200.0  	     172.4  	     
198.1  	     197.9  	     180.6  	     195.6  	     174.8  	     185.9  	     197.6  	     170.4  	     
195.7  	     195.6  	     178.3  	     193.3  	     172.7  	     184.1  	     195.1  	     168.5  	     
193.5  	     193.2  	     176.1  	     191.1  	     170.6  	     181.6  	     192.8  	     166.6  	     
191.3  	     191.1  	     174.1  	     188.8  	     168.8  	     179.5  	     190.7  	     164.9  	     
189.1  	     188.9  	     171.9  	     186.8  	     166.8  	     177.4  	     188.4  	     163.4  	     
187.0  	     186.7  	     170.0  	     184.8  	     165.1  	     175.4  	     186.2  	     161.5  	     
184.7  	     184.5  	     168.6  	     182.6  	     163.3  	     173.2  	     184.2  	     159.8  	     
182.5  	     182.2  	     166.7  	     180.6  	     161.6  	     171.3  	     182.1  	     158.3  	     
180.5  	     180.4  	     164.7  	     178.6  	     160.0  	     169.4  	     180.1  	     156.7  	     
178.7  	     178.3  	     163.0  	     176.6  	     158.3  	     167.5  	     178.0  	     155.4  	     
176.8  	     176.2  	     161.4  	     174.6  	     156.9  	     165.6  	     176.1  	     153.7  	     
174.8  	     174.5  	     159.7  	     172.8  	     155.4  	     163.9  	     174.1  	     152.4  	     
173.0  	     172.7  	     158.2  	     171.0  	     153.8  	     162.3  	     172.3  	     151.0  	     
172.4  	     172.0  	     157.4  	     170.2  	     153.4  	     161.6  	     171.5  	     150.5  	     
171.3  	     171.0  	     156.6  	     169.2  	     152.4  	     160.7  	     170.5  	     149.7  	     
169.5  	     169.2  	     156.1  	     167.8  	     151.1  	     159.1  	     168.7  	     148.6  	     
167.9  	     167.4  	     153.6  	     165.9  	     149.7  	     157.5  	     167.0  	     147.3  	     
166.3  	     165.9  	     152.3  	     164.3  	     148.2  	     156.0  	     165.4  	     145.9  	     
164.6  	     164.3  	     151.1  	     162.8  	     146.9  	     154.8  	     163.7  	     144.7  	     
162.8  	     162.6  	     149.9  	     161.3  	     145.9  	     153.4  	     162.1  	     143.7  	     
161.3  	     161.1  	     148.3  	     159.7  	     144.6  	     151.8  	     160.6  	     142.5  	     
159.8  	     159.6  	     147.2  	     158.3  	     143.4  	     150.6  	     159.1  	     141.5  	     
158.5  	     158.3  	     145.9  	     156.9  	     142.4  	     149.3  	     157.7  	     140.4  	     
157.1  	     156.8  	     144.6  	     155.5  	     141.3  	     148.1  	     156.3  	     139.5  	     
155.8  	     155.5  	     143.6  	     154.1  	     140.3  	     146.8  	     154.9  	     138.5  	     
154.5  	     154.1  	     142.4  	     152.8  	     139.2  	     145.5  	     153.4  	     137.5  	     
153.1  	     152.7  	     141.5  	     151.4  	     138.2  	     144.4  	     152.1  	     136.7  	     
151.7  	     151.5  	     140.5  	     150.3  	     137.3  	     143.2  	     150.8  	     135.7  	     
150.5  	     150.3  	     139.4  	     148.9  	     136.5  	     142.2  	     149.7  	     134.8  	     
149.3  	     149.0  	     138.5  	     147.7  	     135.4  	     141.1  	     148.5  	     134.0  	     
148.2  	     147.9  	     137.5  	     146.6  	     134.5  	     140.0  	     147.4  	     133.1  	     
146.9  	     146.6  	     136.7  	     145.5  	     133.8  	     139.1  	     146.2  	     132.4  	     
145.9  	     145.6  	     135.7  	     144.5  	     132.8  	     138.1  	     145.0  	     131.5  	     
144.7  	     144.4  	     134.7  	     143.3  	     132.0  	     137.2  	     143.8  	     130.8  	     
143.6  	     143.3  	     134.0  	     142.1  	     131.3  	     136.2  	     142.8  	     130.1  	     
142.5  	     142.3  	     133.1  	     141.0  	     130.5  	     135.3  	     141.7  	     129.3  	     
141.6  	     141.3  	     132.3  	     140.1  	     129.7  	     134.4  	     140.7  	     128.7  	     
141.6  	     141.3  	     132.3  	     140.2  	     129.7  	     134.4  	     140.7  	     128.7  	     
140.3  	     140.2  	     131.2  	     138.8  	     128.7  	     133.2  	     139.6  	     127.5  	     
139.1  	     138.9  	     129.8  	     137.5  	     127.5  	     132.0  	     138.3  	     126.2  	     
137.9  	     137.8  	     128.6  	     136.4  	     126.6  	     131.0  	     137.1  	     124.9  	     
136.8  	     136.5  	     127.5  	     135.4  	     125.4  	     129.8  	     135.9  	     123.6  	     
135.7  	     135.5  	     126.4  	     134.2  	     124.2  	     128.7  	     134.9  	     122.3  	     
134.8  	     134.3  	     125.2  	     133.2  	     123.1  	     127.8  	     133.7  	     121.1  	     
133.9  	     133.3  	     124.1  	     132.4  	     122.0  	     126.9  	     132.8  	     120.1  	     
133.1  	     132.4  	     123.4  	     131.7  	     121.0  	     126.2  	     132.0  	     119.1  	     
132.3  	     131.8  	     122.5  	     131.2  	     120.4  	     125.6  	     131.3  	     118.1  	     
131.6  	     131.1  	     122.0  	     130.8  	     119.6  	     124.9  	     130.7  	     117.3  	     
130.9  	     130.5  	     121.4  	     130.6  	     119.3  	     124.6  	     130.2  	     116.8  	     