
G49-PTC4  	G49-PTC12  	G49-PTC26  	G49-PTC27  	G49-PTC28  	G49-PTC34  	G49-PTC36  	G49-PTC38  	
Deg.F  	     Deg.F  	     Deg.F  	     Deg.F  	     Deg.F  	     Deg.F  	     Deg.F  	     Deg.F  	     
79.7  	     78.2  	     82.4  	     82.4  	     79.0  	     78.1  	     76.5  	     77.9  	     
79.7  	     78.2  	     82.4  	     82.4  	     79.0  	     78.1  	     76.5  	     77.9  	     
79.7  	     78.2  	     82.3  	     82.4  	     79.0  	     78.2  	     76.5  	     77.9  	     
79.9  	     78.3  	     82.6  	     82.7  	     79.2  	     78.2  	     76.6  	     78.1  	     
80.1  	     78.5  	     82.9  	     82.9  	     79.3  	     78.5  	     77.1  	     78.2  	     
80.2  	     78.6  	     83.0  	     83.0  	     79.7  	     78.6  	     76.9  	     78.4  	     
80.5  	     78.8  	     83.2  	     83.3  	     79.7  	     78.6  	     77.3  	     78.6  	     
80.6  	     78.9  	     83.2  	     83.2  	     79.7  	     78.7  	     77.3  	     78.6  	     
80.8  	     78.9  	     83.3  	     83.4  	     79.9  	     78.8  	     77.4  	     78.8  	     
80.9  	     79.0  	     83.6  	     83.5  	     80.1  	     78.9  	     77.3  	     78.8  	     
81.1  	     79.1  	     83.6  	     83.9  	     80.1  	     79.1  	     77.6  	     79.0  	     
81.3  	     79.3  	     83.9  	     84.0  	     80.3  	     79.1  	     77.7  	     79.0  	     
81.5  	     79.3  	     84.2  	     84.3  	     80.4  	     79.1  	     77.7  	     79.2  	     
81.6  	     79.4  	     84.3  	     84.4  	     80.6  	     79.6  	     78.0  	     79.3  	     
81.7  	     79.6  	     84.5  	     84.5  	     80.8  	     79.6  	     78.1  	     79.3  	     
81.9  	     79.7  	     84.7  	     84.6  	     81.0  	     79.8  	     78.4  	     79.5  	     
82.0  	     79.7  	     84.8  	     84.8  	     81.1  	     79.8  	     78.5  	     79.7  	     
82.3  	     79.9  	     85.0  	     85.0  	     81.3  	     80.1  	     78.5  	     79.7  	     
82.3  	     79.9  	     85.0  	     85.0  	     81.3  	     80.1  	     78.5  	     79.7  	     
82.3  	     80.0  	     85.2  	     85.3  	     81.4  	     80.1  	     78.7  	     79.7  	     
82.5  	     80.1  	     85.3  	     85.4  	     81.6  	     80.1  	     78.5  	     79.9  	     
82.7  	     80.3  	     85.5  	     85.4  	     81.6  	     80.1  	     78.8  	     80.0  	     
82.9  	     80.3  	     85.6  	     85.6  	     81.8  	     80.1  	     78.8  	     80.1  	     
82.9  	     80.5  	     85.7  	     85.7  	     82.0  	     80.4  	     79.0  	     80.2  	     
83.1  	     80.5  	     85.7  	     85.8  	     82.0  	     80.5  	     78.9  	     80.1  	     
83.1  	     80.7  	     85.8  	     85.9  	     82.0  	     80.5  	     79.2  	     80.3  	     
83.2  	     81.0  	     86.0  	     86.1  	     82.2  	     80.8  	     79.4  	     80.8  	     
83.9  	     81.4  	     86.7  	     86.9  	     82.8  	     81.4  	     79.8  	     81.3  	     
85.0  	     82.2  	     88.0  	     88.3  	     83.8  	     82.2  	     80.7  	     82.1  	     
86.5  	     83.4  	     90.0  	     90.4  	     85.3  	     83.4  	     81.8  	     83.2  	     
88.4  	     84.8  	     92.4  	     93.0  	     86.9  	     84.5  	     83.1  	     84.7  	     
90.5  	     86.6  	     95.1  	     95.9  	     88.6  	     86.6  	     85.0  	     86.6  	     
92.7  	     88.5  	     98.4  	     98.9  	     90.5  	     88.6  	     86.9  	     88.3  	     
95.2  	     90.3  	     102.3  	     102.1  	     92.9  	     90.4  	     88.5  	     90.1  	     
98.3  	     92.3  	     106.2  	     106.2  	     95.2  	     92.5  	     90.5  	     91.9  	     
101.7  	     94.4  	     110.5  	     110.4  	     97.9  	     94.7  	     92.8  	     94.1  	     
105.0  	     96.7  	     115.0  	     114.5  	     100.8  	     97.3  	     95.3  	     96.2  	     
107.7  	     98.3  	     118.3  	     117.9  	     102.9  	     98.9  	     96.8  	     97.7  	     
108.7  	     99.0  	     119.6  	     119.4  	     103.7  	     99.7  	     97.7  	     98.3  	     
112.7  	     101.4  	     124.3  	     124.1  	     107.1  	     102.3  	     100.4  	     100.7  	     
116.5  	     103.9  	     129.1  	     129.2  	     110.3  	     104.9  	     102.9  	     103.5  	     
120.6  	     106.4  	     134.2  	     134.2  	     113.7  	     107.8  	     107.3  	     105.9  	     
124.9  	     109.0  	     139.0  	     139.1  	     116.9  	     110.8  	     108.7  	     108.8  	     
129.2  	     111.9  	     144.0  	     144.4  	     120.5  	     113.7  	     113.1  	     111.7  	     
133.7  	     114.6  	     148.7  	     149.4  	     124.1  	     116.9  	     115.9  	     114.9  	     
138.3  	     117.6  	     153.9  	     154.7  	     127.8  	     120.3  	     119.1  	     118.0  	     
142.8  	     120.8  	     158.9  	     159.7  	     131.6  	     123.5  	     122.4  	     121.2  	     
145.3  	     122.3  	     161.5  	     162.3  	     133.4  	     125.3  	     124.0  	     122.8  	     
147.7  	     123.8  	     164.0  	     165.1  	     135.3  	     126.7  	     125.9  	     124.4  	     
152.1  	     126.9  	     169.2  	     170.2  	     139.1  	     130.2  	     129.0  	     127.6  	     
156.7  	     129.6  	     174.0  	     174.8  	     142.7  	     133.5  	     130.5  	     130.8  	     
160.9  	     132.7  	     178.6  	     179.4  	     146.2  	     136.6  	     134.9  	     134.0  	     
164.7  	     135.5  	     183.1  	     183.7  	     149.8  	     139.6  	     137.9  	     136.7  	     
168.7  	     138.3  	     187.3  	     187.8  	     153.1  	     142.7  	     139.3  	     139.8  	     
172.5  	     140.9  	     191.3  	     191.6  	     156.6  	     145.5  	     142.3  	     142.7  	     
175.9  	     143.6  	     195.1  	     195.3  	     159.9  	     148.7  	     145.6  	     145.6  	     
179.5  	     146.3  	     198.8  	     198.9  	     163.1  	     151.4  	     149.9  	     148.7  	     
182.9  	     149.0  	     202.1  	     202.2  	     166.3  	     154.4  	     152.6  	     151.6  	     
186.2  	     151.4  	     205.0  	     205.0  	     169.2  	     157.0  	     155.2  	     153.5  	     
189.3  	     153.8  	     208.0  	     207.9  	     172.1  	     159.5  	     157.8  	     156.1  	     
190.9  	     155.2  	     209.7  	     209.6  	     173.8  	     160.9  	     159.4  	     157.7  	     
192.6  	     156.7  	     211.3  	     211.0  	     175.1  	     161.9  	     160.6  	     158.8  	     
195.5  	     159.1  	     213.8  	     213.5  	     178.3  	     164.3  	     161.1  	     161.4  	     
197.1  	     160.5  	     215.4  	     215.1  	     180.0  	     165.7  	     162.5  	     163.0  	     
198.2  	     161.3  	     216.3  	     216.1  	     181.1  	     166.8  	     163.4  	     163.7  	     
201.3  	     163.9  	     219.2  	     218.7  	     184.0  	     169.2  	     167.7  	     166.7  	     
204.7  	     166.8  	     222.4  	     221.8  	     187.1  	     172.2  	     169.4  	     169.8  	     
208.5  	     169.8  	     226.2  	     225.3  	     190.6  	     175.7  	     174.0  	     173.2  	     
212.8  	     173.4  	     230.6  	     229.5  	     194.3  	     179.5  	     177.9  	     176.9  	     
217.2  	     177.0  	     235.3  	     234.1  	     198.4  	     183.3  	     181.7  	     181.4  	     
221.7  	     181.1  	     240.5  	     239.1  	     202.5  	     187.7  	     186.2  	     184.9  	     
226.6  	     185.3  	     245.8  	     244.4  	     207.2  	     191.7  	     190.4  	     189.1  	     
232.0  	     189.9  	     251.3  	     249.9  	     212.1  	     196.2  	     195.0  	     193.7  	     
237.5  	     194.8  	     257.4  	     256.0  	     217.0  	     200.9  	     199.8  	     198.5  	     
243.3  	     199.9  	     263.5  	     262.1  	     222.5  	     205.7  	     204.9  	     203.5  	     
249.4  	     205.1  	     269.6  	     268.4  	     228.0  	     210.9  	     210.3  	     209.0  	     
255.7  	     210.6  	     276.0  	     274.8  	     233.9  	     216.1  	     215.9  	     214.1  	     
261.8  	     216.2  	     282.5  	     281.5  	     240.0  	     221.8  	     221.8  	     220.1  	     
268.3  	     221.7  	     288.9  	     288.0  	     246.2  	     227.7  	     227.5  	     225.5  	     
275.0  	     227.9  	     295.7  	     294.9  	     252.7  	     233.7  	     233.1  	     231.4  	     
281.5  	     233.8  	     302.1  	     301.4  	     259.0  	     239.6  	     239.2  	     237.1  	     
288.1  	     239.5  	     308.4  	     307.8  	     265.3  	     245.5  	     245.0  	     242.6  	     
294.2  	     245.3  	     315.0  	     314.4  	     271.6  	     251.2  	     248.9  	     248.0  	     
300.5  	     251.2  	     321.4  	     320.8  	     277.9  	     257.1  	     255.0  	     253.6  	     
306.4  	     256.5  	     326.5  	     326.3  	     283.6  	     262.8  	     260.4  	     258.7  	     
311.2  	     261.4  	     330.6  	     330.8  	     288.5  	     266.8  	     265.4  	     263.3  	     
311.9  	     262.0  	     330.8  	     331.2  	     289.2  	     267.4  	     265.9  	     264.1  	     
315.2  	     265.8  	     333.2  	     334.0  	     292.7  	     271.9  	     269.5  	     267.7  	     
318.8  	     270.0  	     336.4  	     337.2  	     297.1  	     276.2  	     273.9  	     271.9  	     
322.2  	     274.0  	     339.0  	     339.8  	     301.0  	     280.4  	     278.0  	     275.9  	     
325.4  	     277.9  	     340.9  	     342.0  	     304.7  	     284.0  	     281.4  	     279.9  	     
328.2  	     281.4  	     342.6  	     343.8  	     308.0  	     287.0  	     284.9  	     283.3  	     
330.4  	     284.5  	     343.9  	     345.1  	     311.1  	     290.6  	     288.0  	     286.6  	     
332.5  	     287.6  	     345.2  	     346.4  	     314.0  	     293.7  	     291.1  	     289.7  	     
334.7  	     290.4  	     346.1  	     347.3  	     316.7  	     296.2  	     293.5  	     292.5  	     
336.3  	     293.1  	     346.9  	     348.2  	     319.0  	     298.9  	     296.4  	     295.5  	     
337.9  	     296.0  	     347.5  	     348.8  	     321.2  	     301.5  	     298.9  	     298.1  	     
339.3  	     298.6  	     348.1  	     349.4  	     323.2  	     303.8  	     301.0  	     300.7  	     
340.7  	     301.0  	     348.6  	     349.9  	     325.6  	     306.2  	     303.3  	     303.4  	     
341.7  	     303.3  	     348.9  	     350.3  	     327.3  	     308.4  	     305.6  	     305.4  	     
342.7  	     305.4  	     349.3  	     350.6  	     328.9  	     310.4  	     307.5  	     307.7  	     
343.6  	     307.5  	     349.6  	     350.7  	     330.7  	     312.5  	     309.4  	     309.9  	     
344.4  	     309.6  	     349.8  	     351.0  	     332.1  	     314.3  	     311.3  	     311.8  	     
345.2  	     311.3  	     349.9  	     351.1  	     333.4  	     316.0  	     313.2  	     313.7  	     
346.0  	     313.1  	     350.1  	     351.2  	     334.8  	     317.9  	     314.9  	     315.3  	     
346.8  	     314.8  	     350.1  	     351.3  	     335.9  	     319.6  	     316.5  	     317.2  	     
347.3  	     316.5  	     350.2  	     351.4  	     337.0  	     321.2  	     318.0  	     318.8  	     
347.8  	     318.0  	     350.3  	     351.4  	     338.2  	     322.8  	     319.4  	     320.4  	     
348.3  	     319.5  	     350.4  	     351.6  	     339.3  	     324.1  	     320.9  	     322.0  	     
348.8  	     321.1  	     350.5  	     351.6  	     340.2  	     325.5  	     322.2  	     323.5  	     
349.2  	     322.4  	     350.5  	     351.7  	     340.9  	     326.8  	     323.6  	     324.8  	     
349.6  	     323.6  	     350.6  	     351.8  	     341.9  	     327.7  	     324.7  	     326.0  	     
349.9  	     324.9  	     350.5  	     351.8  	     342.6  	     329.2  	     325.6  	     327.2  	     
350.2  	     326.2  	     350.6  	     351.8  	     343.2  	     330.2  	     326.9  	     328.4  	     
350.4  	     327.4  	     350.5  	     351.7  	     343.9  	     331.4  	     328.2  	     329.7  	     
350.6  	     328.4  	     350.5  	     351.7  	     344.5  	     332.6  	     329.3  	     330.9  	     
350.9  	     329.6  	     350.6  	     351.6  	     345.1  	     333.4  	     330.2  	     332.0  	     
351.1  	     330.6  	     350.6  	     351.7  	     345.7  	     334.3  	     331.2  	     332.8  	     
351.3  	     331.6  	     350.5  	     351.7  	     346.2  	     335.5  	     331.9  	     333.8  	     
351.5  	     332.5  	     350.5  	     351.6  	     346.6  	     336.3  	     332.9  	     334.6  	     
351.6  	     333.5  	     350.5  	     351.6  	     347.0  	     336.9  	     333.6  	     335.6  	     
351.8  	     334.4  	     350.5  	     351.7  	     347.3  	     337.6  	     334.1  	     336.4  	     
351.8  	     335.2  	     350.5  	     351.6  	     347.7  	     338.5  	     335.0  	     337.4  	     
352.1  	     336.0  	     350.6  	     351.6  	     348.1  	     339.2  	     335.7  	     338.1  	     
352.0  	     336.7  	     350.7  	     351.8  	     348.5  	     339.9  	     336.5  	     338.8  	     
352.2  	     337.4  	     350.6  	     351.9  	     348.7  	     340.5  	     337.3  	     339.5  	     
352.3  	     338.2  	     350.6  	     351.8  	     349.0  	     341.4  	     337.8  	     340.0  	     
352.4  	     338.8  	     350.6  	     351.8  	     349.1  	     341.8  	     338.5  	     340.7  	     
352.5  	     339.4  	     350.7  	     351.8  	     349.5  	     342.2  	     339.0  	     341.3  	     
352.6  	     340.0  	     350.7  	     351.8  	     349.6  	     342.8  	     339.7  	     341.9  	     
352.6  	     340.5  	     350.6  	     351.9  	     349.9  	     343.3  	     340.2  	     342.4  	     
352.6  	     341.0  	     350.7  	     351.8  	     350.0  	     344.0  	     340.8  	     342.9  	     
352.7  	     341.2  	     350.7  	     351.8  	     350.1  	     344.3  	     340.7  	     343.1  	     
352.6  	     341.5  	     350.7  	     351.8  	     350.2  	     344.4  	     341.2  	     343.4  	     
352.7  	     342.0  	     350.7  	     351.9  	     350.3  	     344.8  	     341.4  	     343.8  	     
352.7  	     342.4  	     350.6  	     351.8  	     350.6  	     345.5  	     342.0  	     344.5  	     
352.7  	     342.8  	     350.5  	     351.8  	     350.5  	     345.7  	     342.5  	     344.9  	     
352.7  	     343.4  	     350.6  	     351.6  	     350.6  	     346.0  	     343.0  	     345.3  	     
352.8  	     343.6  	     350.7  	     351.8  	     350.8  	     346.5  	     343.1  	     345.7  	     
352.8  	     344.0  	     350.6  	     351.7  	     351.0  	     346.8  	     343.5  	     345.9  	     
352.8  	     344.4  	     350.6  	     351.7  	     351.0  	     347.2  	     344.0  	     346.3  	     
352.8  	     344.8  	     350.7  	     351.9  	     351.1  	     347.7  	     344.3  	     346.5  	     
352.9  	     345.0  	     350.8  	     351.8  	     351.2  	     347.8  	     344.7  	     346.9  	     
353.0  	     345.4  	     350.7  	     351.8  	     351.3  	     348.0  	     344.8  	     347.3  	     
353.0  	     345.6  	     350.6  	     351.8  	     351.3  	     348.4  	     345.0  	     347.7  	     
353.0  	     345.9  	     350.6  	     351.7  	     351.5  	     348.5  	     345.3  	     347.9  	     
353.0  	     346.3  	     350.7  	     351.8  	     351.6  	     348.8  	     345.5  	     348.2  	     
353.0  	     346.5  	     350.6  	     351.8  	     351.7  	     349.0  	     345.7  	     348.7  	     
352.9  	     346.7  	     350.7  	     351.8  	     351.7  	     349.2  	     345.9  	     348.8  	     
353.0  	     346.9  	     350.6  	     351.8  	     351.8  	     349.4  	     346.3  	     348.9  	     
352.9  	     347.1  	     350.6  	     351.8  	     351.8  	     349.6  	     346.4  	     349.0  	     
352.9  	     347.3  	     350.6  	     351.7  	     351.7  	     349.8  	     346.6  	     349.2  	     
352.9  	     347.5  	     350.6  	     351.7  	     351.8  	     350.1  	     346.7  	     349.4  	     
352.9  	     347.7  	     350.5  	     351.7  	     351.9  	     350.1  	     346.8  	     349.4  	     
352.9  	     347.9  	     350.6  	     351.6  	     351.8  	     350.5  	     346.9  	     349.6  	     
352.9  	     348.0  	     350.6  	     351.7  	     351.9  	     350.4  	     347.1  	     349.9  	     
352.8  	     348.2  	     350.5  	     351.7  	     351.9  	     350.6  	     347.6  	     349.9  	     
352.7  	     348.2  	     350.1  	     351.3  	     351.8  	     350.6  	     347.3  	     349.9  	     
352.6  	     348.4  	     350.1  	     351.2  	     351.8  	     350.9  	     347.6  	     350.1  	     
352.7  	     348.5  	     350.2  	     351.4  	     351.9  	     351.1  	     348.0  	     350.4  	     
352.8  	     348.7  	     350.3  	     351.4  	     351.9  	     351.3  	     348.1  	     350.6  	     
352.9  	     348.8  	     350.4  	     351.4  	     351.9  	     351.5  	     348.0  	     350.5  	     
352.8  	     348.9  	     350.5  	     351.6  	     352.0  	     351.6  	     348.3  	     350.6  	     
352.8  	     349.1  	     350.5  	     351.6  	     352.1  	     351.7  	     348.4  	     350.9  	     
352.8  	     349.3  	     350.5  	     351.6  	     352.1  	     351.6  	     348.4  	     350.8  	     
352.8  	     349.3  	     350.5  	     351.6  	     352.1  	     351.7  	     348.5  	     351.0  	     
352.8  	     349.4  	     350.5  	     351.6  	     352.1  	     352.0  	     348.7  	     351.0  	     
352.8  	     349.6  	     350.5  	     351.6  	     352.2  	     351.8  	     348.9  	     351.2  	     
352.8  	     349.6  	     350.5  	     351.6  	     352.1  	     351.9  	     348.8  	     351.1  	     
352.8  	     349.7  	     350.5  	     351.6  	     352.2  	     352.2  	     348.7  	     351.2  	     
352.8  	     349.8  	     350.6  	     351.6  	     352.3  	     352.3  	     348.9  	     351.5  	     
352.8  	     349.9  	     350.5  	     351.6  	     352.1  	     352.2  	     349.1  	     351.3  	     
352.8  	     350.0  	     350.4  	     351.5  	     352.2  	     352.4  	     349.2  	     351.6  	     
352.6  	     350.0  	     350.4  	     351.5  	     352.2  	     352.6  	     349.1  	     351.7  	     
352.7  	     350.1  	     350.5  	     351.6  	     352.1  	     352.5  	     349.2  	     351.7  	     
352.8  	     350.3  	     350.4  	     351.5  	     352.2  	     352.6  	     349.3  	     351.7  	     
352.8  	     350.3  	     350.5  	     351.5  	     352.1  	     352.5  	     349.3  	     351.9  	     
352.9  	     350.3  	     350.4  	     351.4  	     352.1  	     352.6  	     349.3  	     351.9  	     
352.7  	     350.3  	     350.4  	     351.5  	     352.2  	     352.8  	     349.6  	     351.8  	     
352.7  	     350.3  	     350.4  	     351.5  	     352.1  	     352.8  	     349.5  	     351.9  	     
352.7  	     350.5  	     350.4  	     351.4  	     352.2  	     353.0  	     349.6  	     351.9  	     
352.6  	     350.5  	     350.4  	     351.4  	     352.2  	     353.0  	     349.7  	     351.9  	     
352.7  	     350.5  	     350.3  	     351.4  	     352.1  	     353.1  	     349.8  	     351.8  	     
352.6  	     350.5  	     350.4  	     351.4  	     352.1  	     353.1  	     349.8  	     351.9  	     
352.6  	     350.5  	     350.3  	     351.4  	     352.1  	     353.2  	     349.7  	     352.0  	     
352.6  	     350.6  	     350.3  	     351.4  	     352.2  	     353.0  	     349.9  	     352.1  	     
352.6  	     350.6  	     350.3  	     351.3  	     352.1  	     353.0  	     350.0  	     352.2  	     
352.6  	     350.7  	     350.3  	     351.4  	     352.1  	     353.1  	     349.9  	     352.2  	     
352.7  	     350.7  	     350.2  	     351.3  	     352.2  	     353.1  	     349.9  	     352.2  	     
352.6  	     350.8  	     350.3  	     351.3  	     352.2  	     353.1  	     350.1  	     352.3  	     
352.6  	     350.9  	     350.4  	     351.4  	     352.2  	     353.3  	     350.1  	     352.2  	     
352.6  	     350.8  	     350.3  	     351.3  	     352.2  	     353.3  	     350.4  	     352.1  	     
352.6  	     350.9  	     350.3  	     351.2  	     352.1  	     353.4  	     350.4  	     352.0  	     
352.5  	     350.9  	     350.1  	     351.2  	     352.0  	     353.5  	     350.4  	     352.1  	     
352.5  	     350.9  	     350.1  	     351.2  	     352.1  	     353.6  	     350.2  	     352.1  	     
352.5  	     351.0  	     350.1  	     351.2  	     352.0  	     353.3  	     350.4  	     352.2  	     
352.3  	     350.9  	     350.1  	     351.1  	     352.0  	     353.4  	     350.4  	     352.1  	     
352.5  	     351.0  	     350.1  	     351.1  	     352.0  	     353.4  	     350.2  	     352.2  	     
352.4  	     350.8  	     350.0  	     351.1  	     351.9  	     353.3  	     350.4  	     352.4  	     
352.4  	     350.9  	     350.1  	     351.2  	     352.0  	     353.5  	     350.5  	     352.4  	     
352.4  	     350.9  	     350.0  	     351.2  	     352.0  	     353.4  	     350.5  	     352.3  	     
352.3  	     351.0  	     350.0  	     351.1  	     351.9  	     353.4  	     350.4  	     352.0  	     
352.3  	     350.9  	     350.1  	     351.1  	     351.9  	     353.3  	     350.5  	     352.2  	     
352.3  	     351.0  	     350.1  	     351.0  	     352.1  	     353.5  	     350.5  	     352.2  	     
352.2  	     351.0  	     350.1  	     351.1  	     352.0  	     353.5  	     350.5  	     352.0  	     
352.2  	     350.9  	     349.8  	     351.0  	     351.9  	     353.5  	     350.5  	     352.1  	     
351.9  	     350.9  	     349.6  	     350.7  	     351.6  	     353.1  	     350.1  	     351.8  	     
351.9  	     350.9  	     349.6  	     350.7  	     351.7  	     353.5  	     350.2  	     352.1  	     
352.0  	     350.9  	     349.7  	     350.6  	     351.9  	     353.5  	     350.0  	     352.1  	     
352.0  	     351.0  	     349.6  	     350.7  	     351.7  	     353.3  	     350.2  	     352.0  	     
351.9  	     350.9  	     349.5  	     350.6  	     351.7  	     353.2  	     350.4  	     352.0  	     
351.9  	     350.9  	     349.5  	     350.5  	     351.6  	     353.1  	     350.2  	     352.0  	     
351.9  	     350.9  	     349.6  	     350.6  	     351.7  	     353.1  	     350.1  	     351.9  	     
352.0  	     350.9  	     349.6  	     350.6  	     351.6  	     353.3  	     350.0  	     352.1  	     
351.9  	     350.9  	     349.6  	     350.7  	     351.6  	     353.4  	     350.1  	     352.1  	     
351.9  	     350.9  	     349.6  	     350.6  	     351.6  	     353.1  	     350.1  	     352.0  	     
351.9  	     350.9  	     349.6  	     350.6  	     351.7  	     353.3  	     350.2  	     352.2  	     
352.0  	     351.0  	     349.7  	     350.8  	     351.6  	     353.3  	     350.0  	     352.2  	     
351.9  	     350.9  	     349.7  	     350.7  	     351.6  	     353.3  	     350.0  	     352.0  	     
352.0  	     351.0  	     349.8  	     350.8  	     351.7  	     353.2  	     349.9  	     352.1  	     
352.0  	     351.0  	     349.8  	     350.7  	     351.6  	     353.3  	     350.2  	     352.1  	     
351.9  	     351.0  	     349.6  	     350.7  	     351.7  	     353.5  	     350.4  	     352.0  	     
351.9  	     351.0  	     349.7  	     350.7  	     351.6  	     353.5  	     350.4  	     351.9  	     
351.9  	     350.9  	     349.7  	     350.6  	     351.7  	     353.4  	     350.4  	     351.9  	     
351.8  	     350.9  	     349.7  	     350.7  	     351.6  	     353.5  	     350.4  	     352.0  	     
351.9  	     351.0  	     349.7  	     350.6  	     351.6  	     353.4  	     350.5  	     351.8  	     
351.8  	     351.0  	     349.6  	     350.6  	     351.6  	     353.6  	     350.2  	     351.9  	     
351.8  	     351.0  	     349.6  	     350.6  	     351.6  	     353.3  	     350.4  	     351.9  	     
351.8  	     351.0  	     349.6  	     350.5  	     351.6  	     353.5  	     350.5  	     351.9  	     
351.8  	     351.0  	     349.6  	     350.6  	     351.6  	     353.4  	     350.4  	     352.0  	     
351.8  	     350.9  	     349.6  	     350.6  	     351.6  	     353.2  	     350.4  	     351.8  	     
351.8  	     350.9  	     349.6  	     350.6  	     351.6  	     353.3  	     350.4  	     352.0  	     
351.8  	     351.0  	     349.6  	     350.6  	     351.6  	     353.1  	     350.2  	     351.9  	     
351.8  	     351.0  	     349.7  	     350.6  	     351.6  	     353.2  	     349.9  	     352.0  	     
351.8  	     351.0  	     349.7  	     350.6  	     351.6  	     353.0  	     350.0  	     351.9  	     
351.8  	     350.8  	     349.7  	     350.7  	     351.6  	     353.0  	     350.0  	     352.0  	     
351.9  	     350.9  	     349.7  	     350.6  	     351.6  	     353.1  	     349.9  	     351.9  	     
351.8  	     350.9  	     349.7  	     350.5  	     351.6  	     353.2  	     350.1  	     351.9  	     
351.8  	     350.8  	     349.6  	     350.5  	     351.5  	     353.2  	     350.1  	     351.9  	     
351.8  	     350.8  	     349.6  	     350.6  	     351.6  	     353.2  	     350.0  	     352.0  	     
351.8  	     350.8  	     349.6  	     350.6  	     351.6  	     353.1  	     350.1  	     351.9  	     
351.9  	     350.8  	     349.6  	     350.6  	     351.6  	     353.3  	     350.0  	     351.8  	     
351.8  	     350.9  	     349.6  	     350.6  	     351.3  	     353.1  	     350.0  	     351.8  	     
351.8  	     350.8  	     349.6  	     350.6  	     351.5  	     353.3  	     350.2  	     351.9  	     
351.8  	     350.9  	     349.5  	     350.5  	     351.5  	     353.2  	     350.1  	     351.9  	     
351.8  	     350.8  	     349.6  	     350.6  	     351.5  	     353.1  	     350.0  	     351.8  	     
351.7  	     350.8  	     349.5  	     350.4  	     351.5  	     353.2  	     350.0  	     351.7  	     
351.8  	     350.8  	     349.6  	     350.6  	     351.3  	     353.1  	     350.1  	     351.7  	     
351.8  	     350.7  	     349.6  	     350.6  	     351.3  	     353.3  	     350.2  	     351.8  	     
351.7  	     350.8  	     349.6  	     350.5  	     351.3  	     353.3  	     350.2  	     351.7  	     
351.6  	     350.8  	     349.5  	     350.4  	     351.3  	     353.3  	     350.2  	     351.7  	     
351.7  	     350.8  	     349.5  	     350.3  	     351.3  	     353.1  	     350.2  	     351.7  	     
351.6  	     350.8  	     349.5  	     350.5  	     351.3  	     353.3  	     350.1  	     351.6  	     
351.6  	     350.6  	     349.4  	     350.4  	     351.3  	     353.1  	     350.2  	     351.7  	     
351.6  	     350.8  	     349.5  	     350.6  	     351.3  	     353.1  	     350.1  	     351.8  	     
351.7  	     350.8  	     349.6  	     350.5  	     351.3  	     353.1  	     349.9  	     351.7  	     
351.5  	     350.6  	     349.1  	     350.1  	     351.1  	     353.1  	     350.1  	     351.7  	     
350.6  	     350.0  	     347.6  	     348.9  	     350.3  	     352.6  	     349.4  	     351.0  	     
349.3  	     349.4  	     345.8  	     347.2  	     349.2  	     351.8  	     348.7  	     350.2  	     
347.8  	     348.5  	     343.9  	     345.5  	     348.2  	     351.1  	     348.0  	     349.5  	     
346.0  	     347.5  	     341.8  	     343.4  	     347.0  	     350.2  	     347.2  	     348.9  	     
345.4  	     347.2  	     341.0  	     342.6  	     346.6  	     349.9  	     346.7  	     348.4  	     
344.3  	     346.7  	     339.7  	     341.2  	     345.7  	     349.4  	     346.3  	     348.1  	     
342.4  	     345.3  	     336.8  	     338.5  	     344.0  	     348.4  	     345.2  	     347.1  	     
340.0  	     344.0  	     333.4  	     335.2  	     341.9  	     347.0  	     343.6  	     345.9  	     
337.2  	     342.5  	     330.0  	     331.7  	     339.9  	     345.8  	     342.2  	     344.3  	     
334.2  	     341.0  	     326.3  	     328.2  	     337.7  	     343.8  	     340.7  	     343.0  	     
331.1  	     339.3  	     322.5  	     324.3  	     335.2  	     342.3  	     338.9  	     341.3  	     
329.1  	     338.1  	     319.6  	     321.6  	     333.3  	     341.0  	     337.6  	     340.3  	     
328.0  	     337.5  	     318.3  	     320.3  	     332.4  	     340.4  	     337.0  	     339.8  	     
324.5  	     335.5  	     314.1  	     316.0  	     329.6  	     338.6  	     334.8  	     338.1  	     
320.7  	     333.7  	     309.4  	     311.5  	     326.5  	     336.4  	     332.8  	     336.0  	     
317.0  	     331.4  	     304.7  	     306.7  	     323.2  	     334.0  	     330.6  	     334.6  	     
312.0  	     329.1  	     299.8  	     301.7  	     319.9  	     331.6  	     328.1  	     332.6  	     
308.9  	     326.8  	     295.0  	     297.0  	     316.6  	     329.4  	     325.8  	     330.4  	     
304.6  	     324.4  	     289.9  	     291.9  	     313.0  	     326.6  	     323.1  	     328.3  	     
300.3  	     321.9  	     285.0  	     286.9  	     309.2  	     324.0  	     320.5  	     326.2  	     
296.1  	     319.2  	     280.1  	     282.0  	     305.3  	     321.7  	     317.8  	     323.9  	     
291.9  	     316.6  	     275.0  	     276.8  	     301.4  	     319.0  	     315.3  	     321.4  	     
287.7  	     314.0  	     270.2  	     271.9  	     297.7  	     316.3  	     312.6  	     319.2  	     
283.3  	     311.2  	     265.3  	     267.1  	     293.5  	     313.3  	     309.9  	     316.6  	     
279.1  	     308.6  	     260.7  	     262.3  	     289.7  	     310.7  	     307.2  	     314.4  	     
274.6  	     305.7  	     256.1  	     257.8  	     285.7  	     307.8  	     304.2  	     311.8  	     
270.4  	     302.9  	     251.5  	     253.1  	     281.9  	     305.2  	     301.5  	     309.4  	     
266.1  	     299.9  	     247.1  	     248.7  	     277.9  	     302.1  	     298.4  	     306.5  	     
262.2  	     296.9  	     243.0  	     244.3  	     273.9  	     299.2  	     295.4  	     304.1  	     
258.4  	     294.1  	     239.2  	     240.6  	     270.3  	     296.2  	     292.6  	     301.2  	     
256.0  	     291.4  	     235.3  	     236.7  	     266.5  	     293.3  	     289.6  	     298.4  	     
249.3  	     288.5  	     231.6  	     232.9  	     262.8  	     290.6  	     287.0  	     295.7  	     
246.8  	     285.8  	     228.1  	     229.3  	     259.1  	     287.7  	     284.2  	     293.1  	     
243.5  	     283.0  	     224.8  	     226.1  	     255.7  	     285.0  	     281.4  	     290.7  	     
240.2  	     280.2  	     221.9  	     222.9  	     252.3  	     282.0  	     278.4  	     287.7  	     
235.6  	     277.3  	     218.6  	     219.6  	     248.7  	     279.2  	     275.7  	     284.9  	     
232.9  	     274.5  	     215.6  	     216.7  	     245.4  	     276.2  	     272.8  	     282.7  	     
230.1  	     271.9  	     212.7  	     213.7  	     242.1  	     273.4  	     269.9  	     279.6  	     
226.1  	     269.1  	     209.9  	     211.0  	     238.9  	     270.8  	     267.3  	     276.9  	     
223.9  	     266.4  	     207.2  	     208.2  	     235.7  	     267.8  	     264.5  	     274.3  	     
220.2  	     263.9  	     204.8  	     205.6  	     232.7  	     265.4  	     261.7  	     271.7  	     
218.7  	     261.1  	     202.3  	     203.2  	     229.7  	     262.7  	     259.1  	     269.2  	     
215.2  	     258.4  	     199.9  	     200.8  	     226.7  	     260.1  	     256.7  	     266.3  	     
212.7  	     255.9  	     197.5  	     198.6  	     223.8  	     257.4  	     254.1  	     264.0  	     
210.4  	     253.2  	     195.3  	     196.1  	     221.0  	     254.9  	     251.4  	     261.2  	     
208.0  	     250.6  	     193.2  	     193.9  	     218.4  	     252.4  	     248.7  	     258.7  	     
205.5  	     248.0  	     191.1  	     191.9  	     215.6  	     249.3  	     246.0  	     256.0  	     
203.0  	     245.5  	     189.1  	     189.9  	     213.0  	     246.6  	     243.2  	     253.6  	     
200.8  	     243.0  	     187.2  	     187.9  	     210.5  	     244.2  	     240.9  	     251.2  	     
198.6  	     240.5  	     185.2  	     185.9  	     208.0  	     241.5  	     238.2  	     248.6  	     
196.4  	     238.2  	     183.2  	     184.0  	     205.6  	     239.3  	     236.0  	     246.2  	     
194.3  	     235.8  	     181.5  	     182.3  	     203.2  	     236.8  	     233.5  	     243.6  	     
192.0  	     233.3  	     179.8  	     180.5  	     200.8  	     234.4  	     231.1  	     240.9  	     
190.1  	     231.1  	     178.1  	     178.8  	     198.6  	     232.1  	     229.7  	     238.5  	     
188.2  	     228.7  	     176.5  	     177.1  	     196.4  	     229.9  	     227.3  	     236.2  	     
186.3  	     226.3  	     174.8  	     175.5  	     194.3  	     227.3  	     225.5  	     234.2  	     
184.4  	     224.1  	     173.3  	     173.9  	     192.3  	     225.1  	     223.1  	     231.7  	     
182.7  	     221.9  	     171.7  	     172.4  	     190.3  	     223.1  	     221.3  	     229.6  	     
181.0  	     219.6  	     170.2  	     170.9  	     188.3  	     220.6  	     218.8  	     227.1  	     
179.1  	     217.4  	     168.8  	     169.5  	     186.4  	     218.4  	     216.5  	     224.9  	     
177.4  	     215.1  	     167.3  	     167.9  	     184.5  	     216.1  	     214.3  	     222.6  	     
175.7  	     213.0  	     165.9  	     166.5  	     182.5  	     214.1  	     212.2  	     220.3  	     
174.1  	     210.8  	     164.6  	     165.1  	     180.8  	     211.8  	     210.2  	     218.4  	     
172.6  	     208.8  	     163.2  	     163.7  	     179.0  	     209.8  	     208.1  	     215.9  	     
171.1  	     206.8  	     161.9  	     162.4  	     177.3  	     207.5  	     205.9  	     213.8  	     
169.6  	     204.8  	     160.7  	     161.2  	     175.7  	     205.5  	     203.9  	     211.8  	     
168.1  	     202.8  	     159.6  	     160.1  	     174.0  	     203.5  	     201.9  	     209.4  	     
166.7  	     200.9  	     158.3  	     158.9  	     172.6  	     201.7  	     200.1  	     207.6  	     
165.3  	     198.9  	     157.2  	     157.6  	     171.0  	     199.5  	     198.0  	     205.3  	     
163.9  	     197.1  	     156.2  	     156.5  	     169.5  	     197.7  	     196.2  	     203.6  	     
162.6  	     195.2  	     155.0  	     155.4  	     168.0  	     195.7  	     194.2  	     201.4  	     
161.2  	     193.3  	     153.9  	     154.2  	     166.5  	     194.0  	     192.2  	     199.3  	     
159.8  	     191.5  	     152.8  	     153.2  	     165.2  	     192.2  	     190.5  	     197.6  	     
158.6  	     189.6  	     151.6  	     152.1  	     163.9  	     190.2  	     188.7  	     195.4  	     
157.5  	     187.9  	     150.6  	     151.0  	     162.5  	     188.4  	     186.9  	     193.5  	     
156.8  	     186.8  	     150.0  	     150.3  	     161.6  	     187.5  	     186.0  	     192.5  	     
156.3  	     186.1  	     149.7  	     150.0  	     161.1  	     186.8  	     185.3  	     192.0  	     
155.0  	     184.5  	     148.6  	     149.0  	     159.8  	     184.9  	     183.4  	     190.2  	     
154.0  	     182.7  	     147.5  	     147.9  	     158.5  	     183.3  	     181.7  	     188.1  	     
152.9  	     181.1  	     146.7  	     147.0  	     157.4  	     181.5  	     180.0  	     186.5  	     
151.7  	     179.4  	     145.7  	     146.0  	     156.2  	     179.8  	     178.4  	     185.1  	     
150.7  	     177.7  	     144.9  	     145.1  	     155.1  	     178.2  	     176.8  	     183.3  	     
149.6  	     176.1  	     144.0  	     144.3  	     153.9  	     176.4  	     175.2  	     181.4  	     
148.7  	     174.6  	     143.0  	     143.4  	     152.8  	     174.8  	     173.5  	     179.8  	     
147.8  	     172.9  	     142.2  	     142.5  	     151.7  	     173.3  	     171.9  	     178.3  	     
146.7  	     171.5  	     141.5  	     141.7  	     150.7  	     171.9  	     170.5  	     176.4  	     
145.7  	     169.9  	     140.5  	     140.8  	     149.6  	     170.2  	     168.9  	     175.0  	     
144.8  	     168.6  	     139.7  	     139.9  	     148.6  	     168.9  	     167.7  	     173.4  	     
143.8  	     167.0  	     139.0  	     139.1  	     147.6  	     167.4  	     166.1  	     172.1  	     
143.0  	     165.7  	     138.1  	     138.4  	     146.6  	     165.9  	     164.6  	     170.8  	     
142.1  	     164.2  	     137.4  	     137.6  	     145.7  	     164.6  	     163.3  	     169.2  	     
141.3  	     162.9  	     136.6  	     136.9  	     144.7  	     163.2  	     161.9  	     167.6  	     
140.5  	     161.6  	     135.9  	     136.1  	     143.7  	     161.8  	     160.6  	     165.9  	     
139.6  	     160.2  	     135.2  	     135.4  	     143.0  	     160.6  	     159.4  	     164.7  	     
138.8  	     158.9  	     134.5  	     134.7  	     142.0  	     159.2  	     158.1  	     163.4  	     
138.0  	     157.6  	     133.8  	     134.0  	     141.1  	     158.0  	     156.8  	     162.3  	     
137.3  	     156.5  	     133.2  	     133.3  	     140.3  	     156.7  	     155.7  	     160.7  	     
136.4  	     155.2  	     132.5  	     132.7  	     139.5  	     155.6  	     154.7  	     159.5  	     
135.7  	     154.0  	     131.9  	     132.0  	     138.7  	     154.4  	     153.3  	     158.4  	     
135.0  	     152.8  	     131.2  	     131.3  	     137.9  	     153.4  	     152.1  	     157.0  	     
134.4  	     151.7  	     130.6  	     130.7  	     137.1  	     152.1  	     150.8  	     156.0  	     
133.5  	     150.5  	     130.0  	     130.1  	     136.5  	     151.0  	     149.7  	     154.4  	     
132.8  	     149.4  	     129.3  	     129.4  	     135.6  	     149.8  	     148.8  	     153.4  	     
132.1  	     148.3  	     128.8  	     128.8  	     134.9  	     148.8  	     147.6  	     152.1  	     
131.5  	     147.2  	     128.2  	     128.3  	     134.3  	     147.7  	     146.5  	     151.1  	     
130.9  	     146.1  	     127.6  	     127.7  	     133.4  	     147.0  	     145.7  	     150.2  	     
130.3  	     145.1  	     127.0  	     127.2  	     132.8  	     145.8  	     144.6  	     149.1  	     
130.3  	     145.0  	     127.0  	     127.2  	     132.8  	     145.8  	     144.5  	     148.8  	     
129.5  	     144.0  	     126.2  	     126.3  	     131.8  	     144.7  	     143.4  	     148.0  	     
128.5  	     142.9  	     125.1  	     125.3  	     130.9  	     143.5  	     142.3  	     146.5  	     
127.5  	     141.9  	     123.8  	     124.2  	     129.9  	     142.3  	     141.1  	     145.4  	     
125.2  	     140.9  	     122.6  	     122.9  	     129.0  	     141.3  	     140.1  	     144.1  	     
124.7  	     139.9  	     121.4  	     121.7  	     128.1  	     140.3  	     139.0  	     143.6  	     
123.8  	     138.9  	     120.4  	     120.5  	     127.1  	     139.3  	     138.3  	     142.7  	     
123.0  	     138.1  	     119.2  	     119.4  	     126.2  	     138.5  	     137.2  	     141.8  	     
121.3  	     137.4  	     118.2  	     118.4  	     125.4  	     137.5  	     136.3  	     141.2  	     
120.4  	     136.9  	     117.2  	     117.3  	     124.6  	     136.6  	     135.8  	     140.4  	     
120.3  	     136.2  	     116.2  	     116.4  	     123.8  	     136.1  	     135.3  	     140.0  	     
118.9  	     135.7  	     115.7  	     115.7  	     123.3  	     135.4  	     134.1  	     139.4  	     
118.2  	     135.3  	     115.0  	     115.2  	     122.8  	     134.8  	     133.7  	     138.8  	     
119.1  	     134.8  	     114.4  	     114.4  	     122.3  	     134.2  	     133.0  	     138.3  	     
118.8  	     134.6  	     114.0  	     114.0  	     122.0  	     133.7  	     132.9  	     137.7  	     