
G49-PTC4  	G49-PTC8  	G49-PTC18  	G49-PTC19  	G49-PTC32  	G49-PTC38  	G49-PTC40  	G49-PTC43  	
Deg.F  	     Deg.F  	     Deg.F  	     Deg.F  	     Deg.F  	     Deg.F  	     Deg.F  	     Deg.F  	     
78.4  	     79.8  	     80.6  	     80.4  	     79.5  	     79.0  	     79.4  	     78.6  	     
78.4  	     79.8  	     80.6  	     80.4  	     79.5  	     79.0  	     79.4  	     78.6  	     
78.4  	     79.8  	     80.6  	     80.4  	     79.5  	     79.0  	     79.4  	     78.6  	     
78.5  	     80.0  	     81.0  	     80.5  	     80.0  	     79.3  	     78.7  	     77.0  	     
78.4  	     80.1  	     81.1  	     80.8  	     80.4  	     79.5  	     79.2  	     77.6  	     
78.7  	     80.2  	     81.3  	     80.1  	     80.6  	     79.7  	     79.0  	     77.7  	     
78.5  	     80.2  	     81.4  	     81.4  	     81.0  	     79.8  	     79.4  	     77.8  	     
78.7  	     80.4  	     81.7  	     81.3  	     81.2  	     80.1  	     79.4  	     78.0  	     
78.8  	     80.7  	     81.7  	     81.4  	     81.5  	     80.2  	     79.4  	     78.2  	     
78.7  	     80.7  	     82.0  	     81.6  	     81.6  	     80.3  	     79.6  	     78.6  	     
79.0  	     80.8  	     82.2  	     82.7  	     82.1  	     80.4  	     79.6  	     78.6  	     
79.2  	     81.0  	     82.2  	     81.8  	     82.0  	     80.5  	     79.6  	     78.9  	     
79.2  	     81.2  	     82.4  	     82.6  	     81.9  	     80.7  	     79.9  	     79.0  	     
79.3  	     81.3  	     82.5  	     82.3  	     82.2  	     80.9  	     80.2  	     79.1  	     
79.4  	     81.4  	     82.7  	     82.5  	     82.3  	     81.1  	     80.3  	     79.3  	     
79.6  	     81.7  	     82.8  	     82.8  	     82.4  	     81.3  	     80.3  	     79.5  	     
79.8  	     81.7  	     83.0  	     83.1  	     82.7  	     81.4  	     80.6  	     79.7  	     
80.0  	     82.0  	     83.2  	     82.2  	     83.0  	     81.6  	     80.7  	     80.0  	     
80.0  	     82.0  	     83.2  	     82.2  	     83.0  	     81.6  	     80.7  	     80.0  	     
80.0  	     82.1  	     83.3  	     84.0  	     83.1  	     81.8  	     80.8  	     80.2  	     
80.0  	     82.1  	     83.4  	     83.4  	     83.4  	     81.9  	     80.8  	     80.2  	     
80.3  	     82.3  	     83.7  	     83.5  	     83.5  	     82.2  	     81.2  	     80.5  	     
80.4  	     82.4  	     83.8  	     83.8  	     83.7  	     82.3  	     81.3  	     80.7  	     
80.2  	     82.5  	     83.8  	     84.0  	     84.0  	     82.7  	     81.3  	     80.8  	     
80.3  	     82.7  	     83.9  	     83.9  	     83.9  	     82.7  	     81.6  	     80.9  	     
80.6  	     82.7  	     84.1  	     84.6  	     84.5  	     83.0  	     81.8  	     81.5  	     
81.0  	     83.1  	     84.5  	     84.7  	     85.1  	     83.3  	     82.0  	     81.6  	     
81.6  	     83.4  	     84.8  	     85.2  	     85.2  	     83.5  	     82.2  	     82.1  	     
81.7  	     83.8  	     85.2  	     85.6  	     86.2  	     84.3  	     82.4  	     82.7  	     
82.2  	     84.6  	     86.0  	     86.2  	     87.6  	     85.0  	     83.1  	     83.4  	     
82.6  	     85.8  	     87.0  	     87.7  	     89.3  	     85.8  	     83.5  	     84.6  	     
83.7  	     86.9  	     88.2  	     88.4  	     91.9  	     86.9  	     84.4  	     85.6  	     
84.7  	     88.5  	     89.8  	     89.6  	     94.8  	     88.6  	     86.1  	     87.2  	     
85.8  	     90.1  	     91.7  	     91.7  	     97.5  	     90.1  	     86.8  	     88.7  	     
87.1  	     91.8  	     93.7  	     93.3  	     100.1  	     91.9  	     88.2  	     90.4  	     
87.9  	     93.8  	     95.8  	     95.2  	     103.0  	     93.7  	     89.7  	     92.5  	     
89.2  	     96.0  	     98.3  	     97.4  	     106.0  	     95.7  	     91.3  	     94.6  	     
90.2  	     98.2  	     100.6  	     99.5  	     108.8  	     97.8  	     93.1  	     96.5  	     
91.8  	     100.5  	     103.4  	     101.5  	     111.8  	     99.8  	     94.9  	     99.1  	     
93.4  	     103.1  	     106.2  	     103.3  	     114.8  	     102.2  	     97.3  	     101.6  	     
93.6  	     103.9  	     107.0  	     104.3  	     115.8  	     103.2  	     97.7  	     102.2  	     
94.8  	     105.6  	     109.3  	     106.5  	     118.2  	     105.0  	     99.3  	     104.2  	     
96.4  	     108.4  	     112.3  	     108.7  	     122.0  	     107.3  	     101.4  	     106.6  	     
98.2  	     111.4  	     115.8  	     111.5  	     125.0  	     110.2  	     104.0  	     109.4  	     
100.0  	     114.5  	     119.1  	     114.1  	     129.1  	     112.8  	     106.5  	     112.3  	     
101.7  	     117.6  	     122.7  	     117.1  	     132.3  	     116.0  	     109.0  	     115.1  	     
103.6  	     120.9  	     126.1  	     119.6  	     136.1  	     118.8  	     111.6  	     118.4  	     
105.8  	     124.4  	     129.9  	     122.6  	     139.7  	     122.1  	     114.8  	     121.6  	     
107.6  	     127.7  	     133.6  	     125.2  	     143.2  	     125.2  	     117.4  	     124.2  	     
109.7  	     131.0  	     136.7  	     128.9  	     146.8  	     127.8  	     119.8  	     127.6  	     
112.2  	     134.0  	     140.2  	     130.9  	     149.8  	     130.7  	     122.7  	     130.5  	     
114.5  	     137.0  	     143.3  	     134.4  	     152.5  	     133.6  	     125.6  	     134.2  	     
116.7  	     140.2  	     146.6  	     137.1  	     155.5  	     136.4  	     128.1  	     136.2  	     
118.6  	     143.2  	     149.5  	     139.7  	     158.5  	     139.0  	     130.8  	     139.7  	     
120.9  	     145.1  	     151.9  	     142.0  	     160.7  	     141.1  	     132.9  	     141.7  	     
121.2  	     145.8  	     152.5  	     142.2  	     161.3  	     141.9  	     133.7  	     142.1  	     
123.7  	     148.6  	     155.3  	     144.8  	     164.0  	     144.9  	     135.8  	     145.0  	     
125.4  	     151.2  	     157.8  	     148.3  	     166.3  	     147.3  	     138.7  	     148.2  	     
127.8  	     154.0  	     160.9  	     150.1  	     169.1  	     149.9  	     140.9  	     150.6  	     
130.3  	     156.5  	     163.4  	     153.1  	     171.6  	     152.6  	     143.6  	     153.5  	     
132.4  	     158.8  	     165.8  	     155.6  	     173.9  	     155.1  	     146.4  	     156.1  	     
134.7  	     161.6  	     168.2  	     158.5  	     176.3  	     157.5  	     148.4  	     158.7  	     
136.9  	     163.8  	     170.5  	     161.1  	     178.7  	     159.9  	     150.7  	     161.2  	     
139.3  	     166.0  	     172.9  	     163.7  	     180.8  	     162.6  	     153.2  	     163.8  	     
141.5  	     168.2  	     175.2  	     166.0  	     182.7  	     164.9  	     155.5  	     166.2  	     
143.3  	     170.2  	     177.1  	     168.7  	     185.1  	     167.2  	     157.7  	     168.5  	     
145.7  	     172.4  	     179.3  	     171.2  	     187.0  	     169.2  	     159.7  	     170.8  	     
147.8  	     174.4  	     181.4  	     173.8  	     188.9  	     171.5  	     161.8  	     172.8  	     
150.0  	     176.5  	     183.4  	     176.2  	     190.6  	     173.6  	     164.0  	     175.1  	     
152.0  	     178.4  	     185.2  	     178.3  	     192.2  	     175.7  	     165.9  	     177.4  	     
154.4  	     180.5  	     187.0  	     180.7  	     194.1  	     177.9  	     167.7  	     179.4  	     
155.9  	     182.4  	     188.8  	     183.1  	     195.8  	     179.9  	     170.0  	     181.3  	     
158.1  	     184.3  	     190.5  	     184.7  	     197.5  	     182.0  	     171.9  	     183.3  	     
160.1  	     186.0  	     191.9  	     187.0  	     198.8  	     183.9  	     174.0  	     185.5  	     
162.0  	     187.9  	     193.9  	     189.1  	     200.3  	     185.7  	     175.7  	     186.9  	     
162.6  	     188.3  	     194.2  	     189.2  	     200.4  	     186.2  	     176.1  	     187.5  	     
164.3  	     189.9  	     195.8  	     191.3  	     201.4  	     187.8  	     177.7  	     189.0  	     
165.9  	     191.6  	     197.5  	     193.3  	     203.0  	     189.6  	     179.3  	     191.0  	     
166.7  	     192.1  	     197.9  	     193.8  	     203.4  	     190.1  	     180.0  	     191.8  	     
167.9  	     193.4  	     199.2  	     195.3  	     204.4  	     191.8  	     181.1  	     192.9  	     
170.3  	     195.6  	     201.2  	     197.2  	     206.6  	     194.1  	     183.1  	     195.2  	     
172.6  	     197.9  	     203.3  	     199.6  	     209.1  	     196.4  	     185.4  	     197.5  	     
174.9  	     200.5  	     205.5  	     202.4  	     212.0  	     198.8  	     187.7  	     200.1  	     
177.5  	     203.4  	     207.8  	     205.2  	     215.2  	     201.7  	     190.4  	     202.1  	     
180.4  	     206.6  	     210.7  	     208.1  	     219.4  	     204.9  	     193.2  	     205.4  	     
183.3  	     210.1  	     214.0  	     211.3  	     223.4  	     208.0  	     196.2  	     208.5  	     
186.3  	     213.7  	     217.4  	     214.6  	     227.9  	     211.3  	     199.4  	     211.2  	     
189.8  	     217.7  	     221.1  	     218.4  	     232.5  	     215.8  	     203.1  	     214.4  	     
193.4  	     222.1  	     225.0  	     222.1  	     237.3  	     219.4  	     206.6  	     217.7  	     
197.0  	     225.9  	     229.0  	     226.0  	     242.2  	     223.4  	     210.4  	     221.0  	     
200.9  	     230.4  	     233.5  	     230.4  	     247.4  	     227.1  	     214.4  	     225.2  	     
205.1  	     234.7  	     238.1  	     234.7  	     252.6  	     230.5  	     218.3  	     229.2  	     
208.9  	     239.5  	     242.5  	     239.2  	     259.3  	     235.3  	     222.7  	     233.4  	     
213.0  	     243.9  	     247.3  	     246.0  	     263.4  	     240.3  	     227.3  	     237.8  	     
217.4  	     248.4  	     252.0  	     249.1  	     268.9  	     243.7  	     231.7  	     241.7  	     
222.0  	     253.1  	     256.9  	     254.6  	     274.0  	     248.3  	     235.8  	     245.7  	     
226.2  	     257.7  	     261.7  	     258.9  	     278.7  	     253.1  	     240.3  	     249.8  	     
230.3  	     262.8  	     266.5  	     263.3  	     283.6  	     257.7  	     244.7  	     254.2  	     
234.6  	     267.2  	     271.5  	     268.8  	     288.5  	     262.0  	     249.0  	     259.0  	     
239.0  	     271.3  	     276.3  	     273.4  	     292.1  	     265.9  	     253.6  	     262.7  	     
243.8  	     276.0  	     281.0  	     280.0  	     297.3  	     271.0  	     258.4  	     267.1  	     
248.7  	     281.1  	     285.1  	     282.9  	     301.4  	     275.4  	     262.6  	     271.6  	     
252.1  	     284.5  	     289.6  	     286.7  	     301.8  	     279.0  	     266.7  	     275.1  	     
256.2  	     288.3  	     293.1  	     288.8  	     307.0  	     283.4  	     270.6  	     279.6  	     
259.9  	     291.6  	     296.6  	     294.1  	     310.9  	     288.0  	     274.6  	     283.2  	     
263.5  	     294.7  	     300.2  	     299.2  	     314.4  	     291.2  	     278.2  	     286.4  	     
267.3  	     297.6  	     302.7  	     301.1  	     316.6  	     294.8  	     281.7  	     289.9  	     
269.4  	     299.9  	     304.9  	     303.4  	     318.3  	     297.1  	     283.8  	     292.4  	     
270.5  	     300.5  	     305.6  	     305.6  	     318.9  	     297.7  	     284.6  	     292.7  	     
273.6  	     303.1  	     308.1  	     307.0  	     320.8  	     301.0  	     288.0  	     296.4  	     
276.8  	     305.6  	     310.4  	     307.7  	     322.5  	     303.6  	     290.9  	     298.8  	     
280.0  	     308.3  	     313.0  	     311.8  	     324.1  	     306.2  	     293.6  	     301.8  	     
282.9  	     310.2  	     315.1  	     315.3  	     325.4  	     308.9  	     296.4  	     304.4  	     
285.6  	     312.5  	     317.4  	     318.5  	     327.0  	     311.1  	     298.9  	     306.7  	     
288.3  	     314.3  	     319.1  	     320.9  	     328.3  	     313.2  	     301.4  	     309.3  	     
291.1  	     316.1  	     320.8  	     320.7  	     329.6  	     315.0  	     303.9  	     311.3  	     
293.1  	     317.9  	     322.4  	     322.1  	     330.5  	     317.3  	     306.0  	     313.2  	     
295.6  	     319.5  	     324.0  	     324.1  	     331.7  	     319.1  	     308.3  	     315.6  	     
297.7  	     321.4  	     325.4  	     328.1  	     332.7  	     320.8  	     310.4  	     317.2  	     
299.9  	     323.1  	     326.6  	     326.7  	     333.4  	     322.5  	     312.5  	     319.0  	     
301.7  	     324.4  	     327.9  	     327.6  	     334.3  	     324.0  	     314.2  	     320.7  	     
303.7  	     325.6  	     329.1  	     329.5  	     335.3  	     325.4  	     315.9  	     322.1  	     
305.9  	     327.0  	     330.5  	     332.2  	     336.0  	     326.8  	     317.7  	     323.5  	     
307.2  	     328.0  	     331.6  	     332.0  	     336.6  	     328.1  	     319.5  	     325.2  	     
309.0  	     329.4  	     332.6  	     332.9  	     337.3  	     329.3  	     321.0  	     326.6  	     
310.6  	     330.7  	     333.6  	     333.6  	     337.9  	     330.5  	     322.6  	     327.9  	     
312.2  	     331.8  	     334.4  	     334.7  	     338.5  	     331.6  	     324.2  	     328.9  	     
313.8  	     333.0  	     335.4  	     335.5  	     339.1  	     332.6  	     325.7  	     329.9  	     
315.2  	     333.7  	     336.2  	     338.3  	     339.6  	     333.5  	     326.9  	     331.1  	     
316.6  	     334.7  	     337.0  	     337.1  	     340.2  	     334.8  	     328.2  	     332.1  	     
318.0  	     335.7  	     337.8  	     335.3  	     340.6  	     335.3  	     329.6  	     333.0  	     
319.5  	     336.6  	     338.5  	     336.1  	     341.0  	     336.2  	     330.7  	     334.0  	     
320.7  	     337.4  	     339.2  	     339.0  	     341.6  	     337.2  	     332.0  	     335.1  	     
321.7  	     338.2  	     339.9  	     337.7  	     342.1  	     337.9  	     333.0  	     335.7  	     
322.8  	     338.9  	     340.4  	     340.2  	     342.5  	     338.7  	     334.1  	     336.4  	     
324.1  	     339.7  	     340.9  	     340.8  	     342.8  	     339.4  	     335.1  	     337.1  	     
325.0  	     340.3  	     341.5  	     341.1  	     343.2  	     339.7  	     336.1  	     337.8  	     
326.2  	     341.0  	     342.1  	     342.5  	     343.7  	     340.1  	     337.0  	     338.5  	     
327.1  	     341.6  	     342.5  	     341.9  	     343.9  	     341.6  	     338.0  	     339.1  	     
328.1  	     342.0  	     342.9  	     342.3  	     344.4  	     342.0  	     338.8  	     339.7  	     
329.1  	     342.9  	     343.4  	     343.2  	     344.7  	     341.9  	     339.7  	     340.2  	     
330.0  	     343.2  	     343.7  	     342.6  	     345.0  	     342.6  	     340.4  	     340.6  	     
331.0  	     343.6  	     344.1  	     340.6  	     345.4  	     343.0  	     341.2  	     341.0  	     
331.7  	     344.2  	     344.4  	     343.4  	     345.5  	     343.3  	     341.8  	     341.3  	     
332.7  	     344.8  	     344.8  	     343.9  	     345.7  	     343.8  	     342.3  	     341.9  	     
333.4  	     344.8  	     345.2  	     344.1  	     346.0  	     344.4  	     343.0  	     342.2  	     
334.1  	     345.1  	     345.3  	     343.9  	     346.3  	     344.8  	     343.5  	     342.7  	     
334.8  	     345.4  	     345.7  	     345.9  	     346.6  	     345.0  	     344.1  	     342.9  	     
335.5  	     345.9  	     346.0  	     344.8  	     346.6  	     345.4  	     344.5  	     343.2  	     
336.1  	     346.3  	     346.1  	     345.0  	     347.2  	     345.7  	     345.1  	     343.6  	     
336.9  	     346.5  	     346.4  	     348.1  	     347.3  	     346.0  	     345.5  	     343.8  	     
337.6  	     346.9  	     346.7  	     346.8  	     347.4  	     346.2  	     345.9  	     344.2  	     
338.1  	     347.1  	     347.0  	     342.6  	     347.6  	     346.6  	     346.3  	     344.3  	     
338.9  	     347.4  	     347.0  	     344.0  	     347.9  	     346.7  	     346.6  	     344.5  	     
339.4  	     347.7  	     347.4  	     345.8  	     347.8  	     347.0  	     346.9  	     344.8  	     
339.7  	     347.9  	     347.4  	     344.3  	     348.1  	     347.4  	     347.2  	     344.9  	     
340.1  	     348.1  	     347.6  	     346.0  	     348.3  	     347.2  	     347.5  	     345.1  	     
340.7  	     348.4  	     347.8  	     346.2  	     348.5  	     347.3  	     347.8  	     345.1  	     
341.0  	     348.7  	     348.1  	     349.3  	     347.9  	     347.9  	     348.0  	     344.4  	     
341.2  	     348.6  	     347.9  	     344.0  	     348.6  	     348.0  	     348.2  	     345.3  	     
341.5  	     348.8  	     348.3  	     346.4  	     348.9  	     348.5  	     348.5  	     345.5  	     
342.0  	     348.9  	     348.1  	     346.4  	     349.0  	     347.7  	     348.6  	     345.7  	     
342.5  	     349.1  	     348.3  	     346.5  	     349.1  	     348.2  	     348.9  	     345.9  	     
342.8  	     349.4  	     348.2  	     343.8  	     349.2  	     348.3  	     349.0  	     346.3  	     
343.3  	     349.5  	     348.4  	     346.4  	     349.3  	     348.5  	     349.2  	     346.2  	     
343.7  	     349.6  	     348.7  	     346.7  	     349.5  	     348.6  	     349.4  	     346.3  	     
344.0  	     349.8  	     348.8  	     346.7  	     349.6  	     348.8  	     349.6  	     346.3  	     
344.2  	     349.7  	     348.8  	     345.5  	     349.5  	     348.8  	     349.7  	     346.4  	     
344.6  	     350.0  	     348.8  	     344.2  	     349.7  	     349.0  	     349.9  	     346.6  	     
344.2  	     350.1  	     348.9  	     346.4  	     349.8  	     349.2  	     350.0  	     346.7  	     
345.1  	     350.1  	     349.1  	     347.6  	     350.0  	     349.2  	     350.1  	     346.8  	     
345.3  	     350.3  	     349.1  	     346.9  	     350.0  	     349.2  	     350.4  	     347.0  	     
345.4  	     350.3  	     349.2  	     349.0  	     350.1  	     349.3  	     350.3  	     347.1  	     
345.8  	     350.3  	     349.3  	     347.0  	     350.2  	     349.4  	     350.4  	     347.0  	     
346.1  	     350.4  	     349.3  	     348.6  	     350.3  	     349.5  	     350.6  	     347.0  	     
346.2  	     350.5  	     349.5  	     347.4  	     350.3  	     349.6  	     350.8  	     347.3  	     
346.5  	     350.7  	     349.5  	     347.3  	     350.3  	     349.7  	     350.8  	     347.3  	     
346.7  	     350.7  	     349.7  	     347.4  	     350.5  	     349.8  	     350.9  	     347.2  	     
347.2  	     350.6  	     349.7  	     347.3  	     350.4  	     349.8  	     351.0  	     347.3  	     
347.3  	     350.8  	     349.8  	     347.1  	     350.5  	     349.9  	     351.1  	     347.3  	     
347.4  	     350.8  	     349.8  	     347.4  	     350.6  	     349.8  	     351.1  	     347.5  	     
347.6  	     350.9  	     349.8  	     347.4  	     350.6  	     349.9  	     351.0  	     347.5  	     
347.6  	     351.1  	     349.8  	     344.1  	     350.7  	     349.9  	     351.2  	     347.7  	     
347.9  	     351.2  	     349.8  	     349.8  	     350.9  	     350.0  	     351.3  	     347.5  	     
348.1  	     351.2  	     349.9  	     345.1  	     350.8  	     350.1  	     351.3  	     347.6  	     
348.1  	     351.3  	     350.0  	     347.5  	     350.9  	     350.0  	     351.4  	     347.7  	     
348.3  	     351.3  	     350.0  	     347.6  	     351.0  	     350.2  	     351.3  	     347.8  	     
348.3  	     350.8  	     350.0  	     347.6  	     350.9  	     350.1  	     351.4  	     347.8  	     
348.4  	     351.3  	     350.1  	     345.4  	     350.9  	     350.0  	     351.4  	     347.9  	     
348.7  	     351.4  	     350.0  	     347.9  	     350.9  	     350.2  	     351.5  	     347.9  	     
348.8  	     351.5  	     350.0  	     345.4  	     350.9  	     350.1  	     351.5  	     347.8  	     
348.8  	     351.4  	     350.2  	     347.3  	     350.9  	     350.3  	     351.6  	     347.9  	     
349.6  	     351.7  	     350.1  	     347.6  	     351.4  	     350.2  	     351.6  	     347.8  	     
349.1  	     351.5  	     350.1  	     350.7  	     351.0  	     350.2  	     351.5  	     347.8  	     
349.1  	     351.5  	     350.1  	     346.4  	     351.0  	     350.3  	     351.5  	     347.7  	     
349.3  	     351.8  	     350.1  	     344.5  	     351.2  	     350.3  	     351.5  	     347.8  	     
349.3  	     351.7  	     350.1  	     344.2  	     351.1  	     350.4  	     351.7  	     347.8  	     
349.4  	     351.8  	     350.2  	     344.1  	     351.2  	     350.4  	     351.7  	     347.8  	     
349.5  	     351.5  	     350.2  	     347.2  	     351.2  	     350.3  	     351.8  	     347.8  	     
349.4  	     351.8  	     350.2  	     347.4  	     351.3  	     350.5  	     351.7  	     347.5  	     
349.4  	     351.7  	     350.4  	     347.4  	     351.1  	     350.3  	     351.6  	     348.0  	     
349.5  	     351.7  	     350.3  	     347.2  	     351.1  	     350.3  	     351.7  	     347.8  	     
349.5  	     351.3  	     350.3  	     345.4  	     351.0  	     350.3  	     351.6  	     347.9  	     
349.6  	     351.7  	     350.2  	     347.6  	     350.7  	     350.3  	     351.6  	     347.5  	     
349.6  	     351.7  	     350.1  	     349.1  	     351.1  	     350.3  	     351.6  	     348.0  	     
349.6  	     351.8  	     350.1  	     347.4  	     351.0  	     350.2  	     351.5  	     347.9  	     
349.6  	     351.9  	     350.1  	     347.4  	     351.1  	     350.3  	     351.6  	     347.8  	     
349.8  	     351.7  	     350.1  	     348.3  	     351.1  	     350.2  	     351.5  	     347.8  	     
349.8  	     351.7  	     350.3  	     347.5  	     351.1  	     350.3  	     351.6  	     347.9  	     
349.7  	     351.7  	     350.2  	     347.5  	     351.1  	     350.3  	     351.6  	     347.6  	     
350.0  	     351.7  	     350.2  	     343.7  	     351.2  	     350.1  	     351.5  	     347.9  	     
349.8  	     351.7  	     350.2  	     346.0  	     351.2  	     349.9  	     351.5  	     348.0  	     
349.9  	     351.8  	     350.2  	     343.9  	     351.1  	     350.2  	     351.6  	     348.1  	     
350.0  	     351.9  	     350.3  	     347.2  	     351.0  	     350.3  	     351.6  	     347.9  	     
349.9  	     351.8  	     350.3  	     347.4  	     351.2  	     350.3  	     351.5  	     348.0  	     
349.9  	     351.8  	     350.3  	     347.4  	     351.0  	     350.2  	     351.5  	     347.9  	     
350.0  	     351.5  	     350.2  	     347.3  	     351.0  	     350.4  	     351.5  	     347.9  	     
350.1  	     351.8  	     350.1  	     347.5  	     351.0  	     350.3  	     351.5  	     347.9  	     
350.2  	     351.7  	     350.3  	     347.8  	     351.2  	     350.3  	     351.5  	     347.9  	     
350.2  	     351.7  	     350.2  	     347.3  	     351.2  	     350.2  	     351.5  	     347.9  	     
350.2  	     351.9  	     350.3  	     351.1  	     351.1  	     350.2  	     351.5  	     347.7  	     
350.2  	     351.8  	     350.1  	     351.0  	     351.1  	     350.3  	     351.6  	     347.9  	     
350.2  	     352.0  	     350.2  	     347.5  	     351.1  	     350.3  	     351.5  	     347.9  	     
350.3  	     352.0  	     350.3  	     347.4  	     351.2  	     350.3  	     351.5  	     347.9  	     
350.4  	     351.9  	     350.2  	     351.3  	     351.2  	     350.2  	     351.4  	     348.0  	     
350.4  	     351.7  	     350.1  	     347.2  	     351.1  	     350.2  	     351.4  	     347.7  	     
350.2  	     351.7  	     350.1  	     351.5  	     351.0  	     350.1  	     351.5  	     347.7  	     
350.4  	     352.0  	     350.1  	     344.4  	     351.1  	     350.2  	     351.4  	     347.7  	     
350.3  	     352.0  	     350.2  	     347.7  	     351.2  	     350.2  	     351.5  	     347.8  	     
350.2  	     352.0  	     350.2  	     347.7  	     351.2  	     350.4  	     351.5  	     347.8  	     
350.1  	     351.9  	     350.1  	     351.5  	     351.0  	     350.4  	     351.5  	     347.8  	     
350.4  	     351.9  	     350.0  	     347.5  	     351.1  	     350.3  	     351.5  	     347.9  	     
350.4  	     351.9  	     350.1  	     347.8  	     351.0  	     350.2  	     351.5  	     348.0  	     
350.3  	     352.1  	     350.1  	     349.1  	     351.2  	     350.3  	     351.4  	     347.7  	     
350.5  	     352.1  	     350.2  	     349.7  	     351.0  	     350.3  	     351.5  	     347.9  	     
350.3  	     352.0  	     350.3  	     347.7  	     351.1  	     350.4  	     351.5  	     348.0  	     
350.4  	     351.9  	     350.3  	     347.6  	     351.1  	     350.3  	     351.5  	     347.9  	     
350.4  	     351.9  	     350.2  	     347.5  	     350.9  	     350.3  	     351.5  	     347.9  	     
350.4  	     352.1  	     350.2  	     345.1  	     351.2  	     350.3  	     351.5  	     348.0  	     
350.4  	     352.1  	     350.3  	     346.9  	     351.2  	     350.3  	     351.5  	     348.0  	     
350.5  	     352.0  	     350.3  	     349.7  	     351.2  	     350.3  	     351.6  	     348.0  	     
350.5  	     352.1  	     350.3  	     348.1  	     351.2  	     350.3  	     351.5  	     348.0  	     
350.4  	     352.0  	     350.3  	     347.3  	     351.0  	     350.5  	     351.5  	     348.0  	     
350.5  	     352.2  	     350.3  	     347.6  	     351.1  	     349.9  	     351.5  	     348.0  	     
350.6  	     352.2  	     350.3  	     347.5  	     351.4  	     350.0  	     351.5  	     347.9  	     
350.5  	     352.1  	     350.3  	     343.4  	     351.1  	     349.9  	     351.5  	     347.9  	     
350.5  	     352.1  	     350.3  	     345.8  	     351.3  	     350.6  	     351.6  	     348.0  	     
350.5  	     352.1  	     350.3  	     351.8  	     351.2  	     350.0  	     351.5  	     348.0  	     
350.6  	     352.2  	     350.3  	     344.9  	     351.4  	     350.3  	     351.5  	     348.0  	     
350.5  	     352.2  	     350.4  	     347.0  	     351.2  	     350.0  	     351.4  	     347.9  	     
350.6  	     352.1  	     350.2  	     347.6  	     351.1  	     350.1  	     351.5  	     348.0  	     
350.6  	     352.1  	     350.3  	     351.7  	     351.2  	     350.4  	     351.5  	     347.9  	     
350.6  	     352.2  	     350.2  	     347.6  	     351.2  	     350.3  	     351.5  	     348.0  	     
350.7  	     352.1  	     350.2  	     347.6  	     351.1  	     350.4  	     351.5  	     347.9  	     
350.5  	     352.1  	     350.1  	     347.6  	     351.1  	     350.3  	     351.4  	     348.0  	     
350.3  	     352.0  	     350.3  	     347.5  	     351.0  	     350.2  	     351.3  	     347.9  	     
350.7  	     351.8  	     350.2  	     344.9  	     351.2  	     350.2  	     351.4  	     347.8  	     
350.4  	     351.2  	     350.3  	     347.6  	     351.0  	     350.2  	     351.4  	     347.9  	     
350.3  	     351.7  	     350.3  	     344.2  	     351.2  	     350.2  	     351.3  	     348.0  	     
350.4  	     351.8  	     350.3  	     347.5  	     351.0  	     350.2  	     351.2  	     347.9  	     
350.5  	     351.0  	     350.3  	     347.6  	     351.3  	     350.2  	     351.2  	     348.0  	     
350.6  	     351.8  	     350.2  	     349.0  	     351.2  	     350.2  	     351.3  	     347.9  	     
350.6  	     351.9  	     350.3  	     346.9  	     351.2  	     350.2  	     351.4  	     347.9  	     
350.6  	     351.8  	     350.2  	     342.3  	     351.2  	     350.3  	     351.4  	     347.9  	     
350.6  	     351.9  	     350.3  	     352.1  	     351.3  	     350.3  	     351.4  	     347.8  	     
350.5  	     351.7  	     350.2  	     351.9  	     351.3  	     350.3  	     351.5  	     347.9  	     
350.5  	     351.5  	     350.2  	     347.3  	     351.0  	     350.3  	     351.5  	     347.7  	     
350.4  	     351.8  	     350.1  	     347.4  	     351.1  	     350.3  	     351.3  	     347.8  	     
350.5  	     351.2  	     350.1  	     345.4  	     351.0  	     350.3  	     351.3  	     347.9  	     
350.4  	     352.1  	     350.1  	     343.3  	     351.0  	     350.3  	     351.4  	     347.8  	     
350.5  	     351.5  	     349.9  	     347.4  	     351.0  	     350.3  	     351.4  	     347.9  	     
350.5  	     352.1  	     350.1  	     347.7  	     351.2  	     350.3  	     351.4  	     347.9  	     
350.4  	     352.1  	     350.1  	     347.4  	     351.3  	     350.2  	     351.4  	     347.9  	     
350.6  	     352.0  	     350.3  	     347.2  	     351.2  	     350.2  	     351.3  	     348.1  	     
350.5  	     351.3  	     350.1  	     347.7  	     351.1  	     350.3  	     351.2  	     348.2  	     
350.5  	     351.1  	     350.1  	     347.2  	     350.9  	     350.2  	     351.3  	     348.0  	     
350.5  	     351.4  	     350.2  	     348.4  	     351.1  	     350.3  	     351.3  	     348.0  	     
350.5  	     351.7  	     350.1  	     342.8  	     351.0  	     350.2  	     351.2  	     348.0  	     
350.5  	     351.7  	     350.2  	     347.4  	     351.1  	     350.2  	     351.2  	     348.0  	     
350.5  	     351.7  	     350.2  	     342.7  	     351.2  	     350.3  	     351.3  	     347.7  	     
350.6  	     351.7  	     350.1  	     344.3  	     351.2  	     350.2  	     351.3  	     348.1  	     
350.5  	     351.8  	     350.1  	     347.6  	     351.1  	     350.3  	     351.3  	     348.0  	     
350.5  	     351.7  	     350.1  	     347.4  	     351.1  	     350.2  	     351.3  	     348.0  	     
350.5  	     351.8  	     350.2  	     342.0  	     351.2  	     350.1  	     351.3  	     347.9  	     
350.4  	     351.5  	     350.1  	     347.6  	     350.9  	     350.3  	     351.3  	     347.8  	     
350.3  	     351.4  	     350.0  	     346.0  	     350.7  	     350.2  	     351.1  	     347.9  	     
349.7  	     350.3  	     349.4  	     346.2  	     349.2  	     349.0  	     350.4  	     347.0  	     
348.7  	     348.2  	     347.9  	     343.8  	     346.7  	     347.1  	     348.7  	     345.6  	     
347.6  	     346.5  	     346.6  	     342.6  	     344.5  	     345.2  	     347.3  	     344.4  	     
347.5  	     346.5  	     346.7  	     340.9  	     344.5  	     345.3  	     347.3  	     344.5  	     
346.3  	     345.3  	     345.3  	     340.9  	     342.5  	     343.7  	     346.1  	     343.3  	     
345.0  	     343.3  	     343.8  	     338.6  	     339.9  	     341.6  	     344.4  	     341.7  	     
343.2  	     341.5  	     341.9  	     336.4  	     337.0  	     339.2  	     342.7  	     339.9  	     
341.3  	     339.6  	     340.0  	     334.5  	     334.3  	     336.8  	     340.8  	     338.1  	     
340.5  	     338.5  	     338.9  	     333.3  	     332.9  	     335.5  	     339.7  	     336.6  	     
339.4  	     337.1  	     337.9  	     333.3  	     331.2  	     334.1  	     338.8  	     335.8  	     
337.1  	     334.5  	     335.9  	     329.2  	     328.1  	     331.5  	     336.3  	     333.7  	     
335.0  	     332.1  	     333.4  	     324.4  	     324.8  	     328.3  	     334.2  	     331.4  	     
332.5  	     329.7  	     331.0  	     321.4  	     321.1  	     325.3  	     331.3  	     328.5  	     
329.5  	     326.8  	     328.3  	     319.8  	     317.3  	     322.4  	     328.7  	     325.9  	     
326.8  	     324.3  	     325.6  	     316.3  	     313.6  	     319.1  	     326.0  	     323.2  	     
324.2  	     321.3  	     322.7  	     312.8  	     310.2  	     315.9  	     323.1  	     320.1  	     
321.1  	     318.2  	     319.8  	     309.6  	     305.9  	     312.1  	     320.4  	     317.3  	     
318.2  	     315.2  	     316.7  	     305.6  	     302.2  	     308.7  	     317.4  	     314.4  	     
315.0  	     312.4  	     313.8  	     300.4  	     298.1  	     305.0  	     314.4  	     311.2  	     
311.6  	     308.9  	     310.7  	     298.4  	     294.4  	     301.4  	     311.5  	     308.0  	     
309.0  	     305.6  	     307.6  	     294.9  	     290.5  	     297.7  	     308.2  	     305.1  	     
305.6  	     302.5  	     304.5  	     292.5  	     286.7  	     293.8  	     305.0  	     301.6  	     
302.1  	     299.1  	     301.4  	     287.3  	     283.2  	     290.3  	     301.8  	     298.2  	     
298.7  	     296.0  	     297.7  	     283.7  	     279.5  	     286.6  	     298.7  	     295.1  	     
295.6  	     292.3  	     294.8  	     280.0  	     275.6  	     283.2  	     295.5  	     291.5  	     
292.2  	     289.4  	     291.4  	     276.3  	     271.9  	     279.6  	     292.4  	     288.5  	     
289.0  	     286.2  	     288.2  	     272.9  	     268.3  	     275.9  	     289.0  	     285.1  	     
285.5  	     282.9  	     285.2  	     269.5  	     265.2  	     272.3  	     285.6  	     281.9  	     
282.3  	     279.8  	     282.0  	     265.6  	     261.5  	     268.9  	     282.7  	     278.4  	     
278.9  	     276.8  	     278.9  	     261.9  	     258.2  	     265.6  	     279.5  	     275.2  	     
275.6  	     273.5  	     275.9  	     259.0  	     254.7  	     262.4  	     276.1  	     272.0  	     
272.3  	     270.5  	     272.7  	     255.4  	     251.6  	     259.3  	     273.5  	     268.7  	     
268.8  	     267.4  	     269.5  	     252.1  	     248.3  	     255.9  	     270.2  	     265.6  	     
266.0  	     264.3  	     266.5  	     248.9  	     245.0  	     252.7  	     266.9  	     262.5  	     
262.6  	     261.2  	     263.1  	     245.1  	     242.1  	     249.5  	     264.0  	     259.0  	     
259.9  	     258.3  	     260.4  	     242.5  	     239.1  	     246.5  	     261.3  	     256.2  	     
256.5  	     255.3  	     257.2  	     240.8  	     236.0  	     243.4  	     258.2  	     253.1  	     
253.7  	     252.6  	     254.3  	     236.3  	     233.7  	     240.4  	     255.3  	     250.2  	     
250.8  	     250.1  	     251.4  	     233.4  	     230.9  	     237.3  	     252.2  	     247.0  	     
247.8  	     246.7  	     248.6  	     231.3  	     227.8  	     234.5  	     249.3  	     244.2  	     
244.9  	     244.2  	     245.7  	     228.0  	     225.1  	     231.6  	     246.8  	     241.4  	     
241.6  	     241.2  	     243.0  	     225.2  	     222.5  	     228.8  	     244.1  	     238.3  	     
238.9  	     238.5  	     240.0  	     222.3  	     219.9  	     226.0  	     241.4  	     235.8  	     
236.1  	     235.7  	     237.3  	     220.8  	     217.3  	     223.3  	     238.8  	     232.6  	     
233.6  	     233.1  	     234.7  	     218.7  	     214.9  	     220.8  	     235.9  	     230.0  	     
231.1  	     230.7  	     232.1  	     212.8  	     212.4  	     218.4  	     233.4  	     227.5  	     
228.6  	     228.1  	     229.4  	     211.9  	     210.3  	     215.8  	     230.9  	     225.0  	     
225.6  	     225.7  	     226.9  	     209.0  	     207.8  	     213.4  	     228.3  	     222.4  	     
222.9  	     223.1  	     224.5  	     206.1  	     205.6  	     210.9  	     225.7  	     219.7  	     
220.8  	     221.1  	     221.9  	     204.9  	     203.3  	     208.5  	     223.5  	     217.5  	     
218.4  	     218.6  	     219.7  	     202.6  	     201.3  	     206.4  	     220.9  	     214.9  	     
215.9  	     216.0  	     217.1  	     200.5  	     199.2  	     204.1  	     218.7  	     212.7  	     
213.7  	     213.8  	     214.9  	     198.2  	     196.9  	     201.9  	     216.3  	     210.3  	     
211.9  	     211.6  	     212.4  	     196.2  	     195.0  	     199.7  	     214.4  	     208.3  	     
209.3  	     209.5  	     210.2  	     194.1  	     193.0  	     197.6  	     211.6  	     205.9  	     
206.9  	     207.2  	     208.3  	     192.3  	     190.7  	     195.6  	     209.7  	     203.4  	     
205.0  	     205.0  	     206.0  	     190.3  	     189.3  	     193.7  	     207.4  	     201.4  	     
203.1  	     203.3  	     203.9  	     189.9  	     187.3  	     191.6  	     205.1  	     199.4  	     
200.9  	     201.1  	     201.8  	     186.5  	     185.6  	     189.8  	     203.1  	     197.0  	     
198.9  	     198.8  	     199.9  	     184.9  	     184.0  	     188.1  	     201.1  	     195.1  	     
196.7  	     197.2  	     197.9  	     184.8  	     182.1  	     186.4  	     199.2  	     193.0  	     
194.8  	     195.4  	     196.0  	     181.2  	     180.3  	     184.2  	     197.0  	     191.4  	     
192.9  	     193.4  	     193.8  	     179.2  	     178.8  	     182.8  	     195.3  	     189.0  	     
191.2  	     191.5  	     192.2  	     177.9  	     177.3  	     181.1  	     193.5  	     187.6  	     
189.6  	     189.8  	     190.5  	     176.9  	     175.8  	     179.3  	     191.7  	     185.4  	     
187.9  	     188.0  	     188.5  	     175.8  	     174.3  	     177.6  	     189.6  	     183.8  	     
186.1  	     186.4  	     186.9  	     173.1  	     172.9  	     176.2  	     188.0  	     182.2  	     
183.9  	     184.5  	     185.2  	     169.9  	     171.2  	     174.6  	     186.3  	     180.3  	     
182.3  	     183.0  	     183.6  	     170.7  	     169.7  	     173.2  	     184.6  	     178.8  	     
180.8  	     181.3  	     181.8  	     169.0  	     168.2  	     171.7  	     182.8  	     177.2  	     
179.1  	     179.6  	     180.2  	     167.2  	     167.1  	     170.3  	     181.3  	     175.7  	     
177.5  	     178.2  	     178.7  	     166.1  	     165.8  	     169.1  	     179.9  	     174.2  	     
176.3  	     176.8  	     177.1  	     164.8  	     164.5  	     167.7  	     178.4  	     172.8  	     
174.9  	     175.0  	     175.6  	     162.4  	     163.5  	     166.4  	     176.8  	     171.2  	     
173.5  	     173.7  	     174.3  	     164.1  	     162.3  	     165.0  	     175.4  	     169.8  	     
171.7  	     172.2  	     172.8  	     161.0  	     160.8  	     163.8  	     173.9  	     168.4  	     
170.3  	     170.9  	     171.2  	     159.7  	     159.7  	     162.5  	     172.4  	     166.9  	     
169.1  	     169.3  	     170.0  	     158.8  	     158.7  	     161.3  	     170.9  	     165.8  	     
167.8  	     168.5  	     168.8  	     157.9  	     157.8  	     160.3  	     169.7  	     164.6  	     
167.5  	     168.3  	     168.6  	     157.8  	     157.6  	     160.0  	     169.2  	     164.4  	     
166.6  	     166.8  	     167.3  	     158.1  	     156.5  	     159.0  	     168.2  	     163.2  	     
165.2  	     165.6  	     166.0  	     155.5  	     155.4  	     157.9  	     167.1  	     162.0  	     
163.7  	     164.3  	     164.9  	     156.0  	     154.4  	     156.7  	     165.7  	     160.7  	     
162.7  	     163.3  	     163.6  	     152.2  	     153.5  	     155.6  	     164.4  	     159.5  	     
161.4  	     162.0  	     162.4  	     153.5  	     152.5  	     154.6  	     163.2  	     158.3  	     
160.2  	     160.8  	     161.2  	     151.3  	     151.6  	     153.7  	     162.0  	     157.1  	     
159.1  	     159.9  	     160.1  	     151.9  	     150.4  	     152.6  	     160.6  	     156.0  	     
158.4  	     158.6  	     159.0  	     149.4  	     149.7  	     151.6  	     159.5  	     154.9  	     
157.0  	     157.4  	     157.8  	     148.5  	     148.6  	     150.8  	     158.7  	     153.9  	     
156.1  	     156.5  	     156.9  	     147.7  	     147.7  	     149.9  	     157.6  	     152.8  	     
155.0  	     155.4  	     155.7  	     146.9  	     146.8  	     148.8  	     156.7  	     151.9  	     
153.9  	     154.4  	     154.8  	     147.6  	     146.0  	     148.0  	     155.5  	     150.6  	     
152.7  	     153.5  	     153.7  	     146.7  	     145.2  	     147.1  	     154.5  	     149.8  	     
151.9  	     152.4  	     152.8  	     144.2  	     144.3  	     146.0  	     153.3  	     149.0  	     
150.6  	     151.6  	     151.8  	     143.5  	     143.5  	     145.5  	     152.5  	     147.8  	     
149.8  	     150.5  	     150.9  	     144.3  	     142.8  	     144.5  	     151.6  	     147.1  	     
149.0  	     149.7  	     149.9  	     140.7  	     142.1  	     143.8  	     150.6  	     146.1  	     
148.2  	     148.7  	     149.0  	     141.6  	     141.4  	     142.9  	     149.7  	     145.3  	     
147.5  	     148.2  	     148.2  	     140.8  	     140.8  	     142.3  	     148.9  	     144.6  	     
147.2  	     147.9  	     148.1  	     140.8  	     140.7  	     142.1  	     148.8  	     144.4  	     
146.4  	     146.5  	     146.8  	     139.2  	     139.4  	     141.0  	     147.7  	     143.1  	     
145.4  	     145.3  	     145.7  	     138.3  	     138.4  	     140.0  	     146.6  	     142.1  	     
144.1  	     144.2  	     144.6  	     137.2  	     137.1  	     138.9  	     145.5  	     141.0  	     
143.2  	     143.0  	     143.5  	     136.0  	     136.0  	     137.7  	     144.4  	     140.2  	     
142.3  	     141.8  	     142.4  	     134.9  	     134.9  	     136.9  	     143.2  	     139.1  	     
141.5  	     140.8  	     141.2  	     134.2  	     134.0  	     135.9  	     142.6  	     138.4  	     
140.5  	     139.9  	     140.4  	     133.3  	     133.1  	     134.8  	     141.5  	     137.3  	     
140.0  	     139.3  	     139.5  	     130.6  	     132.1  	     134.1  	     140.6  	     136.7  	     
138.9  	     138.6  	     138.9  	     131.8  	     131.6  	     133.8  	     140.2  	     135.9  	     
138.9  	     138.1  	     138.1  	     131.1  	     130.9  	     133.2  	     139.5  	     135.3  	     
138.6  	     137.6  	     137.6  	     130.5  	     130.5  	     132.7  	     139.0  	     134.8  	     
138.5  	     137.5  	     137.5  	     130.5  	     130.4  	     132.6  	     138.8  	     134.7  	     