
G49-PTC1  	G49-PTC7  	G49-PTC8  	G49-PTC11  	G49-PTC26  	G49-PTC31  	G49-PTC33  	G49-PTC34  	
Deg.F  	     Deg.F  	     Deg.F  	     Deg.F  	     Deg.F  	     Deg.F  	     Deg.F  	     Deg.F  	     
82.4  	     84.0  	     84.5  	     86.2  	     85.1  	     84.8  	     86.2  	     86.3  	     
82.4  	     84.0  	     84.5  	     86.2  	     85.1  	     84.8  	     86.2  	     86.3  	     
82.4  	     84.0  	     84.5  	     86.2  	     85.1  	     84.7  	     86.3  	     86.3  	     
82.5  	     84.2  	     84.7  	     86.4  	     85.4  	     84.9  	     86.3  	     86.4  	     
82.6  	     84.3  	     84.7  	     86.5  	     85.7  	     84.9  	     86.6  	     86.5  	     
82.6  	     84.5  	     84.9  	     86.6  	     85.9  	     85.1  	     86.7  	     86.6  	     
82.7  	     84.5  	     85.1  	     86.7  	     86.2  	     85.1  	     86.8  	     86.7  	     
82.9  	     84.7  	     85.1  	     86.8  	     86.2  	     85.3  	     86.9  	     86.7  	     
82.9  	     84.9  	     85.3  	     87.0  	     86.3  	     85.4  	     87.0  	     86.9  	     
83.0  	     85.0  	     85.4  	     87.1  	     86.5  	     85.5  	     87.1  	     87.0  	     
83.1  	     85.1  	     85.6  	     87.1  	     86.6  	     85.6  	     87.1  	     87.0  	     
83.1  	     85.2  	     85.6  	     87.3  	     86.8  	     85.8  	     87.3  	     87.2  	     
83.2  	     85.6  	     85.8  	     87.3  	     86.9  	     85.9  	     87.3  	     87.3  	     
83.4  	     85.4  	     85.8  	     87.5  	     87.2  	     85.9  	     87.5  	     87.3  	     
83.4  	     85.6  	     85.9  	     87.5  	     87.3  	     86.1  	     87.5  	     87.4  	     
83.5  	     85.7  	     86.1  	     87.6  	     87.4  	     86.1  	     87.6  	     87.5  	     
83.6  	     85.9  	     86.4  	     87.7  	     87.6  	     86.4  	     87.6  	     87.6  	     
83.5  	     85.9  	     86.4  	     87.9  	     87.7  	     86.3  	     87.7  	     87.6  	     
83.7  	     85.9  	     86.4  	     87.7  	     87.6  	     86.3  	     87.7  	     87.6  	     
83.6  	     86.2  	     86.6  	     88.0  	     87.9  	     86.4  	     87.8  	     87.7  	     
83.6  	     86.2  	     86.8  	     88.1  	     87.9  	     86.6  	     87.8  	     87.7  	     
83.9  	     86.5  	     86.8  	     88.2  	     88.1  	     86.6  	     88.0  	     87.9  	     
83.9  	     86.5  	     86.9  	     88.3  	     88.2  	     86.8  	     88.0  	     87.9  	     
84.2  	     86.5  	     87.0  	     88.4  	     88.3  	     86.9  	     88.1  	     88.1  	     
84.1  	     86.6  	     87.1  	     88.4  	     88.3  	     86.9  	     88.1  	     88.0  	     
84.4  	     86.8  	     87.2  	     88.6  	     88.6  	     87.0  	     88.5  	     88.0  	     
84.3  	     87.1  	     87.5  	     88.7  	     89.0  	     87.4  	     88.8  	     88.4  	     
84.5  	     87.4  	     87.8  	     89.0  	     89.6  	     87.8  	     89.4  	     88.7  	     
84.8  	     88.1  	     88.3  	     89.5  	     91.0  	     88.5  	     90.2  	     89.4  	     
85.1  	     88.8  	     89.1  	     90.1  	     92.4  	     89.4  	     91.3  	     90.2  	     
85.6  	     90.1  	     90.1  	     91.1  	     94.3  	     90.7  	     92.9  	     91.3  	     
86.2  	     91.6  	     91.4  	     92.2  	     96.9  	     91.7  	     95.1  	     92.9  	     
87.2  	     93.3  	     92.6  	     93.6  	     99.7  	     92.6  	     97.7  	     94.4  	     
88.1  	     95.4  	     93.3  	     95.4  	     102.3  	     94.8  	     100.0  	     96.3  	     
89.2  	     97.8  	     94.3  	     97.3  	     105.6  	     96.7  	     102.7  	     98.2  	     
90.5  	     100.3  	     96.3  	     99.2  	     109.1  	     99.2  	     105.4  	     100.3  	     
91.7  	     102.8  	     97.6  	     101.3  	     112.6  	     101.8  	     108.5  	     102.5  	     
93.2  	     105.5  	     100.0  	     103.6  	     116.4  	     104.5  	     111.6  	     104.9  	     
94.1  	     106.9  	     101.5  	     104.9  	     118.5  	     105.2  	     113.3  	     106.3  	     
95.0  	     108.1  	     104.3  	     106.1  	     120.4  	     107.3  	     114.9  	     107.4  	     
96.4  	     111.0  	     105.9  	     108.8  	     124.5  	     110.2  	     118.6  	     110.1  	     
98.3  	     114.3  	     112.9  	     111.4  	     128.9  	     112.9  	     122.2  	     112.9  	     
100.2  	     117.6  	     116.1  	     114.2  	     133.2  	     116.2  	     125.1  	     115.7  	     
102.1  	     121.0  	     119.3  	     117.3  	     138.0  	     119.7  	     128.8  	     118.9  	     
104.1  	     124.4  	     122.6  	     120.3  	     142.5  	     123.5  	     132.6  	     122.0  	     
106.2  	     127.9  	     126.1  	     123.6  	     147.6  	     127.1  	     137.3  	     125.6  	     
108.5  	     131.5  	     129.4  	     126.9  	     152.1  	     130.5  	     141.1  	     128.8  	     
111.1  	     135.0  	     132.8  	     130.3  	     157.0  	     134.3  	     145.2  	     132.1  	     
113.6  	     138.6  	     136.5  	     133.7  	     161.3  	     138.4  	     148.9  	     135.5  	     
115.8  	     142.3  	     140.1  	     137.3  	     165.6  	     142.2  	     152.4  	     138.6  	     
118.2  	     145.8  	     143.6  	     140.6  	     169.6  	     145.1  	     155.5  	     141.8  	     
120.0  	     148.3  	     146.1  	     142.9  	     172.4  	     147.8  	     157.8  	     144.0  	     
120.1  	     149.2  	     147.0  	     143.8  	     173.4  	     148.6  	     158.7  	     144.6  	     
122.8  	     152.5  	     150.3  	     147.2  	     177.1  	     151.9  	     161.6  	     147.5  	     
125.1  	     156.0  	     153.9  	     150.6  	     180.7  	     155.4  	     164.0  	     150.4  	     
127.2  	     159.3  	     157.2  	     153.7  	     184.2  	     158.5  	     167.1  	     153.4  	     
129.4  	     162.4  	     160.3  	     157.0  	     187.5  	     161.9  	     169.7  	     156.2  	     
131.6  	     165.5  	     163.4  	     160.1  	     190.5  	     165.1  	     172.7  	     159.0  	     
133.8  	     168.6  	     166.6  	     163.1  	     193.5  	     168.1  	     175.1  	     161.6  	     
136.0  	     171.2  	     169.3  	     166.1  	     196.2  	     171.1  	     177.5  	     164.0  	     
138.2  	     174.0  	     172.1  	     169.0  	     199.0  	     173.8  	     180.0  	     166.5  	     
140.2  	     176.8  	     174.8  	     171.8  	     201.6  	     176.6  	     182.2  	     169.0  	     
142.5  	     179.5  	     177.6  	     174.5  	     203.8  	     179.4  	     184.4  	     171.3  	     
144.6  	     182.1  	     180.3  	     177.3  	     206.3  	     181.7  	     186.5  	     173.4  	     
146.7  	     184.5  	     182.8  	     180.0  	     208.5  	     184.3  	     188.5  	     175.6  	     
148.8  	     187.1  	     185.5  	     182.5  	     210.5  	     186.8  	     190.6  	     177.8  	     
150.9  	     189.4  	     187.7  	     185.1  	     212.4  	     189.1  	     192.4  	     180.0  	     
152.9  	     191.7  	     190.1  	     187.8  	     214.0  	     191.3  	     194.1  	     182.2  	     
153.7  	     192.4  	     190.8  	     188.5  	     220.8  	     192.1  	     195.0  	     186.5  	     
155.1  	     194.1  	     192.5  	     190.4  	     216.3  	     193.8  	     196.2  	     184.6  	     
157.1  	     196.1  	     194.5  	     192.6  	     218.1  	     195.9  	     197.9  	     186.6  	     
157.8  	     196.9  	     195.6  	     193.3  	     218.8  	     196.7  	     198.7  	     187.4  	     
159.2  	     198.2  	     196.8  	     194.7  	     219.6  	     198.0  	     200.1  	     188.7  	     
161.2  	     200.6  	     199.3  	     197.4  	     222.1  	     200.3  	     202.1  	     190.9  	     
163.6  	     203.0  	     201.7  	     199.9  	     225.2  	     203.0  	     204.6  	     193.3  	     
165.7  	     205.8  	     204.4  	     202.6  	     227.9  	     205.6  	     207.2  	     195.9  	     
168.2  	     208.8  	     207.3  	     205.7  	     231.2  	     208.5  	     210.6  	     199.0  	     
170.9  	     212.3  	     210.8  	     209.2  	     235.3  	     211.6  	     214.3  	     202.0  	     
173.7  	     215.9  	     214.3  	     212.7  	     239.4  	     215.1  	     218.1  	     205.6  	     
176.6  	     219.7  	     218.2  	     216.6  	     243.9  	     218.8  	     221.9  	     209.2  	     
179.9  	     224.1  	     222.3  	     220.8  	     248.7  	     222.7  	     226.2  	     213.2  	     
183.7  	     228.4  	     226.6  	     225.3  	     253.5  	     226.7  	     230.9  	     217.2  	     
187.2  	     233.5  	     231.4  	     230.2  	     259.2  	     231.2  	     235.6  	     221.5  	     
190.9  	     238.3  	     236.2  	     234.9  	     265.1  	     235.8  	     240.8  	     226.0  	     
194.8  	     243.2  	     241.0  	     239.8  	     270.5  	     240.8  	     246.1  	     230.6  	     
199.0  	     249.0  	     246.4  	     245.7  	     276.4  	     245.6  	     251.5  	     235.1  	     
202.9  	     254.0  	     251.4  	     250.8  	     283.2  	     250.8  	     256.3  	     239.8  	     
207.1  	     259.3  	     256.6  	     255.6  	     288.6  	     256.2  	     261.7  	     244.5  	     
211.4  	     264.8  	     261.8  	     261.1  	     294.3  	     261.7  	     266.6  	     249.5  	     
215.5  	     270.3  	     267.2  	     266.8  	     300.6  	     267.1  	     271.6  	     254.5  	     
220.1  	     275.3  	     272.3  	     271.9  	     306.6  	     272.5  	     276.9  	     259.3  	     
224.2  	     280.8  	     277.5  	     277.2  	     312.0  	     277.8  	     282.2  	     265.0  	     
228.4  	     286.2  	     282.8  	     282.6  	     317.5  	     283.2  	     287.3  	     269.8  	     
232.9  	     291.3  	     287.8  	     287.4  	     322.0  	     288.4  	     292.1  	     274.6  	     
237.4  	     296.1  	     292.6  	     292.2  	     327.0  	     293.5  	     296.8  	     279.4  	     
241.7  	     301.0  	     297.6  	     296.9  	     330.8  	     298.1  	     301.2  	     283.8  	     
245.5  	     304.8  	     301.4  	     300.8  	     333.7  	     301.9  	     304.4  	     287.8  	     
246.1  	     305.4  	     301.8  	     301.2  	     334.9  	     302.6  	     304.7  	     288.0  	     
250.0  	     309.1  	     305.8  	     304.9  	     336.4  	     306.4  	     307.7  	     291.7  	     
253.9  	     312.6  	     309.2  	     308.3  	     338.3  	     309.8  	     310.2  	     295.2  	     
257.5  	     315.7  	     312.4  	     311.6  	     340.7  	     313.4  	     312.4  	     298.6  	     
261.0  	     318.5  	     315.5  	     314.9  	     342.8  	     316.6  	     314.9  	     301.7  	     
264.2  	     321.3  	     318.2  	     317.7  	     344.5  	     319.6  	     317.3  	     304.8  	     
267.4  	     323.3  	     320.4  	     319.8  	     345.2  	     321.9  	     318.9  	     307.2  	     
270.5  	     325.4  	     322.5  	     322.3  	     346.4  	     324.5  	     320.6  	     309.9  	     
264.1  	     327.4  	     324.7  	     324.7  	     348.0  	     326.7  	     322.5  	     312.5  	     
275.8  	     329.3  	     326.7  	     326.9  	     349.0  	     328.8  	     324.5  	     314.9  	     
279.0  	     331.0  	     328.3  	     328.6  	     349.3  	     330.7  	     326.0  	     316.9  	     
281.4  	     332.4  	     329.7  	     330.1  	     349.8  	     332.2  	     327.2  	     318.8  	     
284.1  	     333.7  	     331.2  	     331.8  	     350.6  	     333.9  	     328.4  	     320.7  	     
286.5  	     335.1  	     332.5  	     333.4  	     351.0  	     335.3  	     329.8  	     322.4  	     
288.8  	     336.3  	     333.7  	     334.9  	     351.7  	     336.6  	     331.0  	     324.2  	     
291.1  	     337.4  	     335.0  	     336.3  	     352.0  	     338.0  	     332.3  	     325.7  	     
293.1  	     338.2  	     335.8  	     337.1  	     351.8  	     338.9  	     333.3  	     327.2  	     
295.3  	     339.0  	     336.6  	     338.0  	     352.3  	     339.8  	     334.0  	     328.6  	     
297.1  	     339.8  	     337.5  	     338.8  	     352.7  	     340.8  	     334.7  	     329.6  	     
299.0  	     340.7  	     338.3  	     340.1  	     352.8  	     341.7  	     335.9  	     331.2  	     
301.1  	     341.4  	     339.1  	     341.0  	     353.3  	     342.6  	     336.8  	     332.5  	     
302.7  	     342.1  	     339.7  	     341.8  	     353.7  	     343.3  	     337.8  	     333.6  	     
304.3  	     342.6  	     340.3  	     342.2  	     353.3  	     343.8  	     338.4  	     334.5  	     
305.8  	     343.0  	     340.9  	     342.9  	     353.5  	     344.5  	     338.8  	     335.4  	     
307.6  	     343.7  	     341.4  	     343.5  	     353.6  	     345.2  	     339.6  	     336.4  	     
309.1  	     344.1  	     342.0  	     344.2  	     353.9  	     345.7  	     340.3  	     337.4  	     
310.4  	     344.7  	     342.5  	     344.9  	     354.0  	     346.4  	     341.1  	     338.5  	     
312.2  	     345.1  	     342.9  	     345.3  	     353.6  	     346.8  	     341.7  	     339.0  	     
313.4  	     345.4  	     343.3  	     345.5  	     353.6  	     347.2  	     342.0  	     339.7  	     
314.7  	     345.8  	     343.8  	     346.1  	     353.5  	     347.7  	     342.4  	     340.5  	     
316.0  	     346.2  	     344.0  	     346.5  	     353.9  	     348.0  	     343.0  	     341.3  	     
317.3  	     346.5  	     344.6  	     347.0  	     354.3  	     348.4  	     343.5  	     341.9  	     
318.7  	     346.9  	     344.9  	     347.3  	     354.5  	     348.7  	     344.1  	     342.6  	     
319.9  	     347.2  	     345.3  	     347.7  	     354.5  	     349.1  	     344.6  	     343.1  	     
320.7  	     347.6  	     345.6  	     348.0  	     354.4  	     349.4  	     345.0  	     343.6  	     
311.7  	     347.6  	     345.6  	     347.8  	     353.6  	     349.5  	     345.2  	     344.0  	     
322.9  	     347.6  	     345.7  	     347.9  	     353.4  	     349.6  	     345.1  	     344.4  	     
329.3  	     348.0  	     346.0  	     348.4  	     353.8  	     349.7  	     345.4  	     344.8  	     
325.1  	     348.1  	     346.2  	     348.8  	     353.8  	     349.9  	     345.9  	     345.5  	     
326.1  	     348.5  	     346.4  	     348.9  	     354.3  	     350.1  	     346.5  	     345.8  	     
327.1  	     348.7  	     346.7  	     349.1  	     354.3  	     350.3  	     346.8  	     346.1  	     
327.9  	     349.0  	     347.0  	     349.4  	     354.9  	     350.6  	     347.1  	     346.6  	     
328.6  	     349.1  	     347.0  	     349.5  	     354.5  	     350.7  	     347.5  	     346.9  	     
329.5  	     349.2  	     347.1  	     349.6  	     354.3  	     350.8  	     347.6  	     347.1  	     
330.4  	     349.3  	     347.4  	     349.8  	     354.5  	     351.0  	     347.8  	     347.6  	     
333.8  	     349.6  	     347.5  	     350.0  	     354.7  	     351.1  	     348.0  	     347.8  	     
323.8  	     349.6  	     347.6  	     350.2  	     354.8  	     351.3  	     348.3  	     348.2  	     
330.1  	     349.8  	     347.9  	     350.3  	     354.9  	     351.4  	     348.6  	     348.4  	     
333.4  	     349.9  	     347.9  	     350.4  	     352.0  	     351.4  	     348.9  	     348.5  	     
0.0  	     349.8  	     347.9  	     350.1  	     353.9  	     351.2  	     348.8  	     348.6  	     
0.0  	     349.9  	     347.9  	     350.3  	     354.1  	     351.3  	     348.8  	     348.8  	     
0.0  	     350.0  	     348.0  	     350.4  	     353.9  	     351.5  	     349.0  	     349.2  	     
195.4  	     350.1  	     348.2  	     350.6  	     354.5  	     351.5  	     349.3  	     349.3  	     
337.3  	     350.2  	     348.2  	     350.8  	     354.4  	     351.6  	     349.5  	     349.5  	     
337.3  	     350.3  	     348.3  	     350.8  	     354.8  	     351.6  	     349.7  	     349.7  	     
0.0  	     350.3  	     348.3  	     350.6  	     354.1  	     351.6  	     349.9  	     349.7  	     
0.0  	     350.2  	     348.2  	     350.4  	     353.3  	     351.4  	     349.6  	     349.7  	     
0.0  	     350.1  	     348.2  	     350.4  	     353.9  	     351.5  	     349.5  	     349.7  	     
0.0  	     350.3  	     348.2  	     350.6  	     353.5  	     351.5  	     349.7  	     349.9  	     
0.0  	     350.2  	     348.3  	     350.8  	     353.9  	     351.6  	     349.8  	     350.1  	     
0.0  	     350.3  	     348.4  	     350.8  	     353.9  	     351.5  	     350.0  	     350.0  	     
0.0  	     350.4  	     348.4  	     351.0  	     354.3  	     351.6  	     350.1  	     350.0  	     
0.0  	     350.6  	     348.7  	     351.1  	     354.1  	     351.6  	     350.4  	     350.4  	     
0.0  	     350.8  	     348.8  	     351.2  	     354.6  	     351.8  	     350.5  	     350.5  	     
0.0  	     350.5  	     348.6  	     351.0  	     353.8  	     351.7  	     350.5  	     350.5  	     
0.0  	     350.3  	     348.6  	     350.8  	     353.4  	     351.6  	     350.2  	     350.5  	     
0.0  	     350.3  	     348.5  	     350.8  	     353.7  	     351.6  	     350.4  	     350.5  	     
0.0  	     350.6  	     348.6  	     351.0  	     354.1  	     351.7  	     350.5  	     350.7  	     
0.0  	     350.6  	     348.7  	     351.0  	     354.3  	     351.8  	     350.6  	     350.8  	     
0.0  	     350.7  	     348.8  	     351.3  	     354.5  	     352.0  	     350.9  	     351.0  	     
0.0  	     350.6  	     348.7  	     351.1  	     353.7  	     351.7  	     351.0  	     351.0  	     
0.0  	     350.6  	     348.6  	     350.8  	     353.7  	     351.6  	     350.7  	     350.9  	     
0.0  	     350.6  	     348.7  	     351.0  	     354.0  	     351.8  	     350.7  	     350.9  	     
0.0  	     350.7  	     348.8  	     351.1  	     354.0  	     351.8  	     350.8  	     351.1  	     
0.0  	     350.7  	     348.8  	     351.2  	     353.9  	     351.8  	     351.0  	     351.2  	     
0.0  	     350.8  	     348.9  	     351.4  	     354.6  	     351.9  	     351.1  	     351.2  	     
0.0  	     350.8  	     348.9  	     351.3  	     353.9  	     351.8  	     351.2  	     351.2  	     
0.0  	     350.6  	     348.8  	     351.0  	     353.3  	     351.6  	     351.0  	     351.1  	     
0.0  	     350.6  	     348.8  	     350.9  	     353.6  	     351.6  	     350.7  	     351.1  	     
0.0  	     350.8  	     348.8  	     351.2  	     353.6  	     351.6  	     350.8  	     351.2  	     
0.0  	     350.7  	     348.8  	     351.2  	     354.0  	     351.7  	     351.0  	     351.3  	     
0.0  	     350.8  	     348.9  	     351.4  	     354.0  	     351.8  	     351.4  	     351.3  	     
0.0  	     350.6  	     348.9  	     351.3  	     353.6  	     351.7  	     351.4  	     351.3  	     
0.0  	     350.6  	     348.9  	     351.0  	     353.2  	     351.5  	     351.1  	     351.3  	     
0.0  	     350.6  	     348.8  	     350.9  	     353.5  	     351.6  	     351.0  	     351.3  	     
0.0  	     350.6  	     348.8  	     351.1  	     353.6  	     351.6  	     351.2  	     351.3  	     
0.0  	     350.7  	     348.9  	     351.2  	     353.8  	     351.7  	     351.4  	     351.4  	     
0.0  	     350.9  	     349.0  	     351.4  	     354.4  	     351.8  	     351.4  	     351.6  	     
0.0  	     350.8  	     348.9  	     351.4  	     353.9  	     351.8  	     351.7  	     351.6  	     
0.0  	     350.8  	     349.0  	     351.2  	     353.6  	     351.7  	     351.6  	     351.4  	     
0.0  	     350.8  	     349.0  	     351.3  	     353.7  	     351.6  	     351.4  	     351.4  	     
0.0  	     350.8  	     349.1  	     351.3  	     353.9  	     351.7  	     351.3  	     351.4  	     
0.0  	     351.1  	     349.3  	     351.6  	     354.1  	     351.7  	     351.5  	     351.4  	     
0.0  	     351.2  	     349.4  	     351.6  	     354.4  	     351.8  	     351.7  	     351.6  	     
0.0  	     351.2  	     349.4  	     351.7  	     353.9  	     351.8  	     351.7  	     351.7  	     
0.0  	     351.4  	     349.6  	     351.8  	     354.7  	     352.0  	     351.9  	     351.7  	     
0.0  	     351.2  	     349.4  	     351.6  	     353.9  	     351.8  	     351.9  	     351.4  	     
0.0  	     350.9  	     349.1  	     351.3  	     353.5  	     351.6  	     351.4  	     351.5  	     
0.0  	     350.9  	     349.2  	     351.2  	     353.7  	     351.7  	     351.3  	     351.4  	     
0.0  	     351.0  	     349.2  	     351.5  	     354.1  	     351.6  	     351.4  	     351.5  	     
0.0  	     351.0  	     349.3  	     351.5  	     354.4  	     351.7  	     351.7  	     351.7  	     
0.0  	     351.1  	     349.3  	     351.7  	     354.4  	     351.8  	     351.8  	     351.6  	     
0.0  	     351.1  	     349.3  	     351.4  	     353.9  	     351.6  	     351.7  	     351.5  	     
0.0  	     350.9  	     349.1  	     351.3  	     353.5  	     351.6  	     351.4  	     351.5  	     
0.0  	     350.9  	     349.2  	     351.2  	     353.8  	     351.5  	     351.3  	     351.4  	     
0.0  	     351.0  	     349.3  	     351.4  	     354.0  	     351.5  	     351.4  	     351.5  	     
0.0  	     351.0  	     349.3  	     351.6  	     354.1  	     351.8  	     351.6  	     351.6  	     
0.0  	     351.2  	     349.4  	     351.6  	     354.7  	     351.8  	     351.9  	     351.8  	     
0.0  	     351.4  	     349.5  	     351.8  	     354.5  	     351.8  	     351.9  	     351.7  	     
0.0  	     351.5  	     349.7  	     351.9  	     354.7  	     352.0  	     352.0  	     352.0  	     
0.0  	     351.4  	     349.5  	     351.7  	     354.1  	     351.9  	     352.1  	     351.7  	     
0.0  	     351.3  	     349.4  	     351.6  	     354.6  	     352.0  	     351.9  	     351.7  	     
0.0  	     351.2  	     349.5  	     351.6  	     354.1  	     351.9  	     351.7  	     351.8  	     
0.0  	     351.2  	     349.4  	     351.7  	     354.6  	     352.0  	     351.7  	     351.9  	     
0.0  	     351.3  	     349.5  	     351.7  	     354.7  	     352.0  	     351.9  	     351.8  	     
0.0  	     351.3  	     349.6  	     351.9  	     354.6  	     352.0  	     352.1  	     351.9  	     
0.0  	     351.3  	     349.5  	     351.7  	     354.3  	     351.8  	     352.1  	     351.8  	     
0.0  	     351.2  	     349.4  	     351.5  	     353.9  	     351.8  	     351.9  	     351.8  	     
0.0  	     351.1  	     349.3  	     351.5  	     354.3  	     351.8  	     351.7  	     351.8  	     
0.0  	     351.2  	     349.5  	     351.7  	     354.0  	     351.9  	     351.9  	     351.8  	     
0.0  	     351.2  	     349.6  	     351.7  	     354.3  	     351.9  	     351.9  	     351.9  	     
0.0  	     351.2  	     349.5  	     351.8  	     354.5  	     352.0  	     352.1  	     351.9  	     
0.0  	     351.2  	     349.6  	     351.9  	     354.5  	     352.0  	     352.2  	     351.9  	     
0.0  	     351.5  	     349.8  	     352.0  	     354.8  	     352.0  	     352.2  	     352.0  	     
0.0  	     351.6  	     349.8  	     352.0  	     354.3  	     352.1  	     352.3  	     352.1  	     
0.0  	     351.7  	     349.9  	     352.1  	     354.9  	     352.2  	     352.4  	     352.1  	     
0.0  	     351.6  	     349.9  	     352.1  	     354.5  	     352.2  	     352.4  	     352.1  	     
0.0  	     351.6  	     349.8  	     351.9  	     354.5  	     352.0  	     352.2  	     351.9  	     
0.0  	     351.5  	     349.8  	     351.7  	     355.0  	     352.0  	     352.0  	     351.8  	     
0.0  	     351.3  	     349.6  	     351.8  	     354.6  	     352.0  	     352.0  	     351.9  	     
0.0  	     351.5  	     349.8  	     351.9  	     354.7  	     352.0  	     352.1  	     352.0  	     
0.0  	     351.5  	     349.8  	     351.9  	     354.9  	     352.2  	     352.2  	     352.1  	     
0.0  	     351.6  	     349.9  	     352.1  	     355.0  	     352.3  	     352.3  	     352.2  	     
0.0  	     351.5  	     349.8  	     352.1  	     354.6  	     352.3  	     352.5  	     352.2  	     
0.0  	     351.5  	     349.7  	     351.8  	     354.6  	     352.1  	     352.2  	     352.1  	     
0.0  	     351.5  	     349.9  	     351.9  	     354.4  	     352.1  	     352.1  	     352.0  	     
0.0  	     351.5  	     349.9  	     351.9  	     354.7  	     352.1  	     352.0  	     352.0  	     
0.0  	     351.5  	     349.9  	     352.0  	     354.4  	     352.0  	     352.1  	     352.1  	     
0.0  	     351.6  	     350.0  	     352.1  	     354.6  	     352.1  	     352.3  	     352.1  	     
0.0  	     351.5  	     349.8  	     352.0  	     354.7  	     352.1  	     352.5  	     352.1  	     
0.0  	     351.4  	     349.6  	     351.7  	     353.5  	     352.0  	     352.2  	     351.9  	     
0.0  	     351.4  	     349.6  	     351.7  	     354.1  	     352.0  	     352.1  	     351.9  	     
0.0  	     351.4  	     349.7  	     351.9  	     354.3  	     352.0  	     352.0  	     352.0  	     
0.0  	     351.4  	     349.6  	     352.0  	     354.5  	     352.0  	     352.1  	     351.9  	     
0.0  	     351.5  	     349.9  	     352.0  	     353.6  	     352.0  	     352.2  	     351.9  	     
0.0  	     351.4  	     349.8  	     352.0  	     354.3  	     352.0  	     352.2  	     352.0  	     
0.0  	     351.3  	     349.6  	     351.7  	     354.1  	     351.8  	     352.0  	     351.8  	     
0.0  	     351.3  	     349.7  	     351.7  	     354.3  	     351.8  	     351.8  	     351.7  	     
0.0  	     351.3  	     349.7  	     351.8  	     354.6  	     351.9  	     351.9  	     351.8  	     
0.0  	     351.3  	     349.7  	     352.0  	     354.8  	     351.9  	     352.1  	     351.8  	     
0.0  	     351.4  	     349.8  	     352.0  	     354.7  	     352.0  	     352.2  	     352.0  	     
0.0  	     351.5  	     349.7  	     351.9  	     354.6  	     352.0  	     352.2  	     352.0  	     
0.0  	     351.3  	     349.6  	     351.7  	     354.0  	     351.8  	     352.1  	     351.9  	     
0.0  	     351.3  	     349.7  	     351.7  	     354.1  	     351.8  	     351.9  	     351.8  	     
0.0  	     351.4  	     349.7  	     351.7  	     354.5  	     351.8  	     351.9  	     351.8  	     
0.0  	     351.3  	     349.7  	     351.9  	     354.7  	     351.8  	     352.1  	     351.9  	     
0.0  	     351.5  	     349.8  	     351.9  	     354.7  	     352.0  	     352.1  	     352.0  	     
0.0  	     351.5  	     349.8  	     351.9  	     354.7  	     352.0  	     352.3  	     351.9  	     
0.0  	     351.3  	     349.7  	     351.7  	     354.1  	     351.9  	     352.1  	     351.9  	     
0.0  	     351.4  	     349.8  	     351.7  	     354.1  	     351.9  	     352.0  	     352.0  	     
0.0  	     351.5  	     349.8  	     351.9  	     354.5  	     351.9  	     352.1  	     351.9  	     
0.0  	     351.5  	     349.8  	     352.1  	     355.0  	     352.0  	     352.1  	     352.0  	     
0.0  	     351.5  	     349.8  	     352.0  	     354.5  	     352.0  	     352.2  	     352.0  	     
0.0  	     351.6  	     349.8  	     352.1  	     354.6  	     352.0  	     352.4  	     352.1  	     
0.0  	     351.4  	     349.8  	     351.8  	     354.3  	     352.0  	     352.1  	     351.9  	     
0.0  	     351.3  	     349.8  	     351.8  	     353.8  	     351.8  	     352.0  	     351.8  	     
0.0  	     351.3  	     349.8  	     352.0  	     354.5  	     352.0  	     352.0  	     351.8  	     
0.0  	     351.5  	     349.9  	     351.9  	     354.5  	     352.0  	     352.1  	     352.1  	     
0.0  	     351.6  	     349.8  	     352.0  	     354.8  	     352.1  	     352.3  	     352.0  	     
0.0  	     351.5  	     349.9  	     351.9  	     354.3  	     352.1  	     352.4  	     352.0  	     
0.0  	     351.3  	     349.8  	     351.8  	     354.3  	     352.0  	     352.2  	     351.8  	     
0.0  	     351.3  	     349.6  	     351.8  	     354.3  	     352.0  	     352.1  	     351.9  	     
0.0  	     351.4  	     349.8  	     351.9  	     354.3  	     352.0  	     352.1  	     351.9  	     
0.0  	     351.4  	     349.8  	     352.0  	     354.5  	     352.0  	     352.2  	     351.9  	     
0.0  	     351.6  	     349.9  	     352.1  	     339.1  	     352.1  	     352.2  	     352.0  	     
0.0  	     351.7  	     349.9  	     352.1  	     355.0  	     352.2  	     352.4  	     352.1  	     
0.0  	     351.5  	     349.8  	     352.0  	     354.4  	     352.0  	     352.3  	     351.9  	     
0.0  	     351.5  	     349.8  	     351.9  	     354.0  	     352.0  	     352.1  	     351.9  	     
0.0  	     351.4  	     349.8  	     351.9  	     355.9  	     351.9  	     352.1  	     351.9  	     
0.0  	     351.5  	     350.0  	     352.1  	     354.7  	     352.0  	     352.1  	     352.0  	     
0.0  	     351.6  	     350.1  	     352.2  	     342.3  	     352.1  	     352.4  	     352.1  	     
0.0  	     351.7  	     350.0  	     352.2  	     351.2  	     352.1  	     352.3  	     352.1  	     
0.0  	     351.5  	     349.8  	     352.1  	     354.6  	     352.1  	     352.4  	     352.1  	     
0.0  	     351.4  	     349.8  	     351.8  	     354.0  	     352.0  	     352.3  	     351.9  	     
0.0  	     351.0  	     349.5  	     351.2  	     353.3  	     351.7  	     351.9  	     351.6  	     
0.0  	     350.1  	     348.7  	     350.4  	     351.3  	     350.8  	     350.8  	     350.9  	     
0.0  	     349.2  	     347.7  	     349.3  	     349.6  	     350.1  	     349.4  	     350.2  	     
332.9  	     347.9  	     346.7  	     348.3  	     346.5  	     349.1  	     348.0  	     349.3  	     
0.0  	     346.5  	     345.2  	     346.6  	     343.7  	     347.7  	     346.3  	     348.1  	     
303.1  	     344.8  	     343.5  	     345.0  	     343.1  	     346.2  	     344.5  	     346.8  	     
0.0  	     344.7  	     343.5  	     344.8  	     342.3  	     346.0  	     344.4  	     346.7  	     
0.0  	     342.7  	     341.6  	     343.0  	     340.1  	     344.4  	     342.3  	     345.1  	     
0.0  	     340.5  	     339.4  	     340.8  	     337.1  	     342.3  	     340.0  	     343.5  	     
0.0  	     337.9  	     337.1  	     338.5  	     334.1  	     340.2  	     337.5  	     341.7  	     
0.0  	     335.4  	     334.6  	     336.4  	     330.8  	     337.9  	     335.0  	     339.8  	     
0.0  	     332.6  	     331.9  	     333.6  	     327.0  	     335.3  	     332.4  	     337.7  	     
0.0  	     332.1  	     331.4  	     333.1  	     326.8  	     334.8  	     331.9  	     337.2  	     
0.0  	     329.6  	     329.1  	     330.7  	     323.0  	     332.5  	     329.4  	     335.5  	     
0.0  	     326.4  	     326.0  	     327.7  	     319.1  	     329.3  	     326.3  	     332.9  	     
338.1  	     323.2  	     322.6  	     324.9  	     315.1  	     326.5  	     323.3  	     330.5  	     
336.0  	     319.6  	     319.2  	     321.6  	     310.9  	     323.1  	     319.9  	     328.0  	     
333.8  	     316.0  	     315.8  	     318.2  	     306.7  	     319.7  	     316.5  	     325.3  	     
331.3  	     312.3  	     312.1  	     314.8  	     302.2  	     316.1  	     313.0  	     322.2  	     
329.1  	     308.3  	     308.4  	     311.2  	     297.8  	     312.5  	     309.4  	     319.6  	     
326.3  	     304.5  	     304.5  	     307.2  	     293.2  	     308.6  	     305.5  	     316.2  	     
323.8  	     300.0  	     300.1  	     303.1  	     288.5  	     304.8  	     301.9  	     313.1  	     
321.0  	     295.7  	     295.8  	     299.2  	     283.8  	     300.7  	     297.6  	     309.8  	     
318.1  	     291.4  	     291.6  	     295.5  	     279.1  	     296.5  	     293.6  	     306.5  	     
315.1  	     287.2  	     287.5  	     291.4  	     274.3  	     292.3  	     289.9  	     303.2  	     
311.9  	     282.4  	     282.8  	     287.0  	     269.4  	     288.1  	     285.5  	     299.7  	     
308.6  	     278.2  	     278.7  	     282.8  	     264.6  	     283.8  	     281.4  	     296.2  	     
305.6  	     273.8  	     274.4  	     278.9  	     260.2  	     279.5  	     277.4  	     292.3  	     
302.3  	     269.3  	     270.0  	     274.5  	     255.5  	     275.0  	     273.1  	     288.6  	     
298.7  	     264.7  	     265.5  	     270.3  	     250.8  	     270.9  	     269.0  	     285.0  	     
295.1  	     260.5  	     261.0  	     266.2  	     246.1  	     266.4  	     264.9  	     281.4  	     
291.9  	     256.0  	     256.8  	     262.0  	     241.6  	     262.4  	     261.0  	     277.6  	     
288.7  	     251.7  	     252.4  	     257.9  	     237.2  	     258.0  	     257.1  	     273.9  	     
285.4  	     247.3  	     248.2  	     253.5  	     233.0  	     253.8  	     253.2  	     270.2  	     
282.1  	     243.1  	     243.9  	     249.5  	     228.8  	     249.6  	     249.6  	     266.6  	     
278.6  	     239.0  	     239.9  	     245.6  	     224.8  	     245.4  	     245.4  	     263.0  	     
275.1  	     235.2  	     236.3  	     241.6  	     220.8  	     241.6  	     241.9  	     259.5  	     
271.9  	     231.4  	     232.4  	     237.9  	     217.4  	     237.6  	     238.4  	     255.6  	     
268.6  	     227.6  	     228.5  	     234.1  	     213.3  	     233.4  	     234.8  	     252.2  	     
265.3  	     223.9  	     224.8  	     230.4  	     209.7  	     229.8  	     231.0  	     248.6  	     
261.9  	     219.9  	     221.1  	     226.7  	     206.4  	     226.1  	     227.6  	     245.2  	     
258.7  	     216.4  	     217.5  	     223.2  	     202.9  	     222.7  	     224.3  	     241.8  	     
255.5  	     213.0  	     214.2  	     219.7  	     199.7  	     219.0  	     220.7  	     238.2  	     
252.1  	     209.5  	     212.8  	     216.4  	     196.4  	     215.4  	     217.5  	     234.9  	     
248.9  	     206.2  	     218.3  	     212.8  	     193.3  	     212.1  	     214.4  	     231.6  	     
246.1  	     202.9  	     206.5  	     209.8  	     191.0  	     208.9  	     211.4  	     228.4  	     
243.0  	     199.8  	     212.9  	     206.7  	     187.5  	     205.3  	     208.3  	     225.3  	     
239.8  	     196.7  	     211.6  	     203.3  	     184.6  	     202.5  	     205.5  	     222.0  	     
236.9  	     194.0  	     198.2  	     200.5  	     182.1  	     199.5  	     202.7  	     219.0  	     
233.8  	     191.0  	     192.2  	     197.4  	     179.5  	     196.4  	     199.8  	     215.7  	     
231.2  	     188.3  	     189.6  	     194.6  	     177.0  	     193.5  	     197.2  	     212.9  	     
228.2  	     185.8  	     187.0  	     192.0  	     174.5  	     190.7  	     194.7  	     210.0  	     
225.4  	     183.1  	     184.4  	     189.1  	     172.3  	     188.1  	     192.2  	     207.1  	     
222.7  	     180.5  	     181.8  	     186.7  	     170.2  	     185.5  	     189.7  	     204.2  	     
219.8  	     178.1  	     179.3  	     183.9  	     167.9  	     183.0  	     187.5  	     201.5  	     
217.4  	     175.6  	     176.9  	     181.5  	     165.9  	     180.5  	     185.0  	     198.6  	     
214.6  	     173.3  	     174.7  	     179.3  	     163.8  	     178.2  	     182.3  	     196.0  	     
211.9  	     171.2  	     172.6  	     177.0  	     161.8  	     175.8  	     180.2  	     193.5  	     
209.5  	     169.3  	     170.6  	     174.8  	     160.1  	     173.6  	     178.1  	     190.8  	     
207.0  	     167.4  	     168.6  	     172.6  	     158.3  	     171.4  	     176.0  	     188.4  	     
204.5  	     165.3  	     166.7  	     170.4  	     156.7  	     169.2  	     174.0  	     186.2  	     
202.1  	     163.5  	     164.8  	     168.3  	     154.8  	     167.1  	     172.1  	     183.9  	     
199.8  	     161.7  	     162.9  	     166.5  	     153.3  	     165.3  	     170.1  	     181.5  	     
197.6  	     160.1  	     161.3  	     164.6  	     151.6  	     163.2  	     168.1  	     179.2  	     
197.1  	     159.6  	     160.9  	     164.3  	     151.3  	     162.8  	     167.8  	     178.8  	     
195.3  	     158.4  	     159.7  	     162.9  	     150.2  	     161.5  	     166.4  	     176.9  	     
193.2  	     156.7  	     158.0  	     161.0  	     148.7  	     159.8  	     164.4  	     174.8  	     
191.0  	     155.0  	     156.3  	     159.3  	     147.5  	     158.0  	     163.1  	     172.7  	     
188.9  	     153.6  	     154.8  	     157.7  	     146.2  	     156.3  	     161.2  	     170.8  	     
186.9  	     152.1  	     153.3  	     156.1  	     144.8  	     154.8  	     159.6  	     168.9  	     
184.8  	     150.7  	     151.8  	     154.5  	     143.6  	     153.1  	     158.0  	     167.1  	     
182.9  	     149.2  	     150.4  	     153.0  	     142.4  	     151.6  	     156.5  	     165.3  	     
181.1  	     147.8  	     149.2  	     151.5  	     141.3  	     150.2  	     155.0  	     163.5  	     
179.1  	     146.5  	     147.8  	     150.0  	     140.1  	     148.9  	     153.8  	     161.9  	     
177.3  	     145.1  	     146.5  	     148.7  	     139.1  	     147.6  	     152.2  	     160.2  	     
175.5  	     143.8  	     145.0  	     147.3  	     138.2  	     146.3  	     151.0  	     158.6  	     
173.7  	     142.7  	     143.8  	     146.0  	     137.2  	     145.1  	     149.7  	     157.0  	     
172.0  	     141.5  	     142.7  	     144.7  	     136.2  	     143.8  	     148.3  	     155.5  	     
170.3  	     140.5  	     141.6  	     143.6  	     135.2  	     142.6  	     147.2  	     154.1  	     
168.6  	     139.3  	     140.6  	     142.5  	     134.3  	     141.6  	     146.1  	     152.7  	     
167.1  	     138.4  	     139.8  	     141.5  	     133.4  	     140.6  	     145.0  	     151.3  	     
165.7  	     137.5  	     138.7  	     140.4  	     132.6  	     139.4  	     143.7  	     149.9  	     
164.2  	     136.5  	     137.8  	     139.4  	     131.9  	     138.5  	     142.6  	     148.5  	     
162.7  	     135.7  	     136.8  	     138.5  	     131.1  	     137.3  	     141.5  	     147.2  	     
161.2  	     134.7  	     136.0  	     137.5  	     130.4  	     136.3  	     140.4  	     145.9  	     
159.9  	     133.9  	     135.0  	     136.5  	     129.7  	     135.5  	     139.5  	     144.8  	     
158.5  	     133.1  	     134.2  	     135.5  	     128.9  	     134.6  	     138.5  	     143.6  	     
157.2  	     132.4  	     133.5  	     134.8  	     128.3  	     133.7  	     137.7  	     142.3  	     
155.9  	     131.6  	     132.6  	     134.0  	     127.7  	     133.0  	     136.7  	     141.5  	     
154.6  	     130.7  	     131.9  	     133.1  	     127.2  	     132.2  	     135.9  	     140.4  	     
153.4  	     130.0  	     131.1  	     132.3  	     126.6  	     131.4  	     135.1  	     139.5  	     
152.2  	     129.3  	     130.4  	     131.5  	     125.9  	     130.7  	     134.3  	     138.5  	     
151.6  	     129.0  	     130.1  	     131.3  	     125.6  	     130.4  	     134.0  	     138.1  	     
151.0  	     128.5  	     129.6  	     130.8  	     125.2  	     129.8  	     133.6  	     137.5  	     
149.8  	     127.5  	     128.7  	     129.6  	     123.9  	     128.8  	     132.2  	     136.4  	     
148.4  	     126.5  	     127.7  	     128.3  	     122.6  	     127.8  	     130.8  	     135.0  	     
147.3  	     125.4  	     126.6  	     127.3  	     121.4  	     126.7  	     129.6  	     134.0  	     
146.1  	     124.2  	     125.4  	     126.2  	     120.0  	     125.6  	     128.3  	     132.9  	     
145.0  	     123.2  	     124.3  	     125.2  	     118.6  	     124.7  	     127.1  	     131.8  	     
144.0  	     122.0  	     123.1  	     124.0  	     117.4  	     123.6  	     126.0  	     130.9  	     
143.1  	     121.0  	     122.3  	     123.1  	     116.2  	     122.8  	     125.2  	     130.0  	     
142.5  	     120.2  	     121.3  	     122.4  	     115.3  	     121.9  	     124.3  	     129.1  	     
141.7  	     119.3  	     120.6  	     121.6  	     114.6  	     121.1  	     123.7  	     128.3  	     
141.2  	     118.7  	     119.9  	     121.0  	     114.1  	     120.5  	     123.2  	     127.7  	     
141.0  	     118.5  	     119.9  	     120.9  	     114.0  	     120.2  	     123.2  	     127.5  	     