
G49-PTC9  	G49-PTC18  	G49-PTC20  	G49-PTC31  	G49-PTC34  	G49-PTC36  	G49-PTC40  	G49-PTC47  	
Deg.F  	     Deg.F  	     Deg.F  	     Deg.F  	     Deg.F  	     Deg.F  	     Deg.F  	     Deg.F  	     
70.9  	     71.7  	     71.1  	     69.4  	     71.2  	     70.7  	     72.0  	     68.5  	     
70.9  	     71.7  	     71.1  	     69.4  	     71.2  	     70.7  	     72.0  	     68.5  	     
70.9  	     71.7  	     71.1  	     69.4  	     71.2  	     70.6  	     72.1  	     68.7  	     
71.3  	     72.2  	     71.2  	     69.4  	     71.8  	     70.5  	     72.1  	     68.8  	     
71.4  	     72.3  	     71.5  	     69.7  	     72.3  	     70.5  	     72.2  	     69.1  	     
71.6  	     72.5  	     71.7  	     69.8  	     72.6  	     70.9  	     72.5  	     69.1  	     
71.8  	     72.6  	     71.9  	     69.8  	     73.0  	     70.9  	     72.5  	     69.1  	     
71.8  	     72.7  	     72.0  	     69.9  	     73.3  	     71.1  	     72.6  	     69.3  	     
71.9  	     72.9  	     72.3  	     70.0  	     73.6  	     71.0  	     72.6  	     69.5  	     
72.2  	     72.9  	     72.4  	     70.0  	     74.1  	     71.5  	     72.9  	     69.8  	     
72.4  	     73.1  	     72.6  	     70.2  	     74.3  	     71.4  	     73.0  	     69.7  	     
72.4  	     73.2  	     72.7  	     70.2  	     74.6  	     71.5  	     73.3  	     69.8  	     
72.7  	     73.3  	     72.9  	     70.4  	     75.0  	     71.7  	     73.3  	     70.2  	     
72.7  	     73.5  	     73.0  	     70.5  	     75.2  	     71.8  	     73.5  	     70.4  	     
72.9  	     73.5  	     73.3  	     70.7  	     75.6  	     71.9  	     73.8  	     70.5  	     
72.9  	     73.7  	     73.3  	     70.7  	     75.9  	     72.1  	     74.0  	     70.7  	     
73.3  	     73.9  	     73.5  	     70.8  	     76.1  	     72.1  	     74.1  	     71.1  	     
73.2  	     74.0  	     73.6  	     71.0  	     76.4  	     72.1  	     74.2  	     71.1  	     
73.2  	     74.0  	     73.6  	     71.0  	     76.4  	     72.1  	     74.2  	     71.1  	     
73.1  	     74.1  	     73.9  	     70.9  	     76.7  	     72.3  	     74.4  	     71.4  	     
73.7  	     74.3  	     74.1  	     71.2  	     77.0  	     72.4  	     74.5  	     71.6  	     
73.9  	     74.4  	     74.2  	     71.4  	     77.2  	     72.7  	     74.7  	     71.7  	     
74.0  	     74.6  	     74.4  	     71.4  	     77.4  	     72.6  	     74.8  	     72.0  	     
74.3  	     74.8  	     74.5  	     71.5  	     77.8  	     72.8  	     75.0  	     72.4  	     
74.1  	     74.8  	     74.5  	     71.6  	     77.8  	     72.8  	     75.0  	     71.9  	     
74.7  	     75.3  	     75.0  	     71.7  	     78.4  	     72.9  	     75.3  	     72.2  	     
74.9  	     75.6  	     75.4  	     71.9  	     79.0  	     73.3  	     75.7  	     72.5  	     
75.4  	     76.3  	     76.0  	     72.2  	     79.9  	     73.6  	     75.9  	     73.1  	     
76.4  	     77.1  	     76.7  	     72.3  	     81.4  	     73.8  	     76.6  	     73.4  	     
77.8  	     78.4  	     77.9  	     73.1  	     83.3  	     74.8  	     77.4  	     74.4  	     
79.6  	     79.7  	     79.5  	     73.4  	     86.0  	     75.3  	     78.2  	     75.1  	     
81.1  	     81.4  	     81.3  	     74.1  	     88.7  	     76.2  	     79.6  	     76.7  	     
83.3  	     83.3  	     83.5  	     74.9  	     92.2  	     77.4  	     81.2  	     78.3  	     
85.3  	     85.1  	     85.5  	     75.8  	     95.4  	     78.4  	     82.8  	     80.0  	     
87.5  	     87.0  	     87.7  	     77.1  	     98.7  	     79.9  	     84.9  	     81.6  	     
89.9  	     88.9  	     90.3  	     78.5  	     102.1  	     81.2  	     86.8  	     83.5  	     
92.6  	     91.6  	     92.9  	     78.9  	     105.5  	     82.6  	     88.7  	     85.8  	     
94.6  	     93.7  	     95.8  	     80.9  	     109.0  	     84.3  	     91.6  	     87.8  	     
97.8  	     96.4  	     98.7  	     82.4  	     112.9  	     85.6  	     93.9  	     90.5  	     
100.2  	     99.4  	     101.7  	     84.0  	     116.8  	     87.4  	     96.6  	     93.8  	     
101.3  	     100.1  	     102.7  	     84.4  	     118.1  	     88.2  	     97.3  	     93.4  	     
103.9  	     102.1  	     105.1  	     85.7  	     120.8  	     89.4  	     99.4  	     95.8  	     
106.9  	     105.1  	     108.8  	     87.5  	     125.0  	     91.5  	     102.1  	     98.6  	     
109.6  	     108.5  	     112.5  	     89.6  	     129.6  	     93.5  	     105.2  	     101.8  	     
112.7  	     111.7  	     116.6  	     91.7  	     134.3  	     95.7  	     108.8  	     104.5  	     
116.6  	     115.0  	     120.5  	     94.0  	     139.0  	     98.2  	     112.0  	     108.1  	     
119.7  	     118.6  	     124.4  	     96.3  	     142.8  	     100.6  	     115.4  	     111.0  	     
122.7  	     121.8  	     128.4  	     98.6  	     146.9  	     102.8  	     118.8  	     114.7  	     
125.5  	     125.2  	     132.5  	     100.9  	     151.8  	     105.2  	     122.5  	     117.8  	     
129.3  	     128.3  	     135.6  	     103.5  	     156.1  	     107.7  	     126.0  	     121.1  	     
132.0  	     131.4  	     139.1  	     107.1  	     160.7  	     110.2  	     129.0  	     124.4  	     
134.8  	     134.4  	     142.0  	     108.3  	     164.5  	     112.3  	     132.5  	     128.0  	     
137.7  	     137.2  	     145.6  	     112.2  	     168.3  	     114.7  	     135.5  	     131.1  	     
140.6  	     140.6  	     148.5  	     113.0  	     172.1  	     117.3  	     138.7  	     134.1  	     
143.4  	     143.4  	     151.6  	     116.1  	     175.6  	     119.6  	     142.1  	     137.1  	     
145.8  	     146.2  	     154.6  	     118.9  	     179.6  	     121.5  	     145.3  	     140.3  	     
146.6  	     147.2  	     155.5  	     120.0  	     180.4  	     122.4  	     146.3  	     141.6  	     
148.8  	     149.0  	     157.5  	     121.0  	     182.8  	     124.3  	     148.2  	     143.2  	     
151.1  	     151.7  	     160.3  	     122.8  	     185.8  	     126.4  	     151.0  	     145.8  	     
153.7  	     153.6  	     163.0  	     125.8  	     188.7  	     128.6  	     153.6  	     148.9  	     
156.0  	     156.3  	     165.9  	     127.7  	     191.9  	     131.2  	     156.6  	     151.8  	     
158.7  	     158.9  	     168.5  	     130.3  	     194.7  	     133.4  	     159.4  	     154.6  	     
161.1  	     161.7  	     171.3  	     132.8  	     198.1  	     135.6  	     162.1  	     157.1  	     
163.4  	     164.1  	     173.9  	     135.2  	     201.2  	     138.0  	     164.6  	     159.5  	     
165.9  	     166.4  	     176.5  	     137.6  	     203.7  	     140.4  	     167.1  	     162.2  	     
168.1  	     168.5  	     179.3  	     140.1  	     206.3  	     142.6  	     169.6  	     164.6  	     
170.7  	     171.2  	     181.3  	     142.5  	     208.8  	     144.8  	     172.3  	     167.2  	     
172.7  	     173.3  	     183.9  	     144.6  	     210.9  	     147.0  	     174.8  	     169.3  	     
174.9  	     175.3  	     186.1  	     147.0  	     213.2  	     149.1  	     177.1  	     171.9  	     
176.8  	     177.4  	     188.3  	     149.5  	     215.5  	     151.4  	     179.4  	     174.2  	     
179.2  	     179.1  	     190.5  	     151.6  	     217.2  	     153.5  	     181.5  	     176.3  	     
180.9  	     181.2  	     192.5  	     153.9  	     219.1  	     155.4  	     183.7  	     178.4  	     
181.2  	     181.2  	     192.4  	     153.9  	     219.2  	     155.6  	     183.7  	     178.4  	     
183.1  	     183.6  	     194.7  	     156.2  	     221.1  	     157.8  	     186.1  	     180.8  	     
184.9  	     185.6  	     196.6  	     158.4  	     222.9  	     159.7  	     187.9  	     182.7  	     
184.9  	     185.6  	     196.6  	     158.4  	     222.9  	     159.7  	     187.9  	     182.7  	     
187.2  	     188.2  	     198.9  	     160.4  	     224.7  	     162.0  	     190.2  	     184.5  	     
189.8  	     190.5  	     201.4  	     162.8  	     227.4  	     164.3  	     192.8  	     186.9  	     
192.8  	     193.9  	     204.9  	     165.5  	     230.6  	     166.9  	     195.6  	     189.3  	     
195.8  	     196.7  	     208.3  	     168.2  	     233.9  	     169.5  	     198.5  	     192.0  	     
199.2  	     200.1  	     212.0  	     171.1  	     238.0  	     172.5  	     201.5  	     194.9  	     
203.0  	     204.1  	     216.3  	     174.1  	     242.3  	     175.5  	     205.0  	     198.3  	     
207.0  	     207.6  	     219.9  	     177.7  	     246.8  	     178.9  	     208.6  	     201.4  	     
211.4  	     212.6  	     224.6  	     181.3  	     252.0  	     182.4  	     212.5  	     205.0  	     
215.9  	     216.4  	     229.4  	     185.3  	     257.2  	     186.2  	     216.2  	     208.9  	     
220.3  	     221.1  	     233.8  	     189.5  	     262.0  	     189.9  	     220.4  	     213.0  	     
225.6  	     225.5  	     238.9  	     193.8  	     267.5  	     194.3  	     225.0  	     217.4  	     
230.2  	     230.3  	     243.5  	     198.1  	     273.5  	     198.7  	     229.5  	     221.7  	     
235.2  	     235.8  	     248.6  	     203.9  	     279.3  	     203.8  	     234.0  	     226.1  	     
240.0  	     240.2  	     253.5  	     208.8  	     284.9  	     208.5  	     238.6  	     230.9  	     
245.1  	     245.2  	     258.3  	     213.6  	     290.1  	     213.2  	     243.2  	     235.6  	     
249.8  	     250.7  	     263.4  	     218.9  	     295.6  	     218.7  	     247.7  	     240.5  	     
255.3  	     255.5  	     268.1  	     223.7  	     301.1  	     223.8  	     252.4  	     245.4  	     
260.1  	     260.7  	     273.1  	     228.8  	     306.7  	     228.9  	     257.3  	     249.9  	     
265.7  	     265.9  	     277.7  	     233.3  	     312.5  	     234.1  	     262.4  	     254.9  	     
270.7  	     271.5  	     282.6  	     238.5  	     316.8  	     239.2  	     266.9  	     260.1  	     
276.3  	     276.4  	     287.2  	     243.7  	     322.5  	     244.6  	     271.9  	     264.7  	     
281.3  	     280.5  	     291.8  	     248.7  	     327.7  	     249.8  	     276.3  	     269.6  	     
285.5  	     285.3  	     296.1  	     253.4  	     332.0  	     254.5  	     280.8  	     274.1  	     
289.8  	     289.1  	     298.3  	     258.0  	     335.0  	     259.2  	     284.7  	     278.2  	     
293.8  	     292.4  	     301.3  	     261.9  	     337.9  	     263.3  	     288.6  	     282.3  	     
296.1  	     295.2  	     303.7  	     264.9  	     339.5  	     266.5  	     291.2  	     285.1  	     
296.6  	     296.2  	     304.3  	     266.0  	     340.0  	     267.7  	     292.1  	     286.2  	     
300.0  	     299.2  	     307.1  	     269.7  	     341.9  	     271.4  	     295.4  	     289.6  	     
302.7  	     302.2  	     309.8  	     273.5  	     343.4  	     275.3  	     298.2  	     292.4  	     
306.2  	     305.0  	     312.4  	     276.9  	     344.7  	     278.8  	     301.4  	     295.6  	     
308.2  	     307.4  	     314.2  	     280.2  	     346.1  	     282.0  	     304.5  	     298.5  	     
310.4  	     310.0  	     316.5  	     283.9  	     347.0  	     285.4  	     306.9  	     301.4  	     
312.3  	     312.1  	     318.7  	     287.0  	     348.0  	     288.5  	     309.4  	     303.8  	     
314.8  	     314.4  	     320.5  	     289.8  	     348.4  	     291.5  	     311.8  	     306.3  	     
316.5  	     316.4  	     322.4  	     292.7  	     349.1  	     294.1  	     314.1  	     308.4  	     
318.4  	     318.1  	     323.8  	     295.4  	     349.7  	     296.8  	     316.2  	     310.5  	     
320.1  	     319.7  	     325.4  	     298.1  	     350.0  	     299.5  	     318.2  	     312.7  	     
321.5  	     321.7  	     327.0  	     300.7  	     350.4  	     302.0  	     320.3  	     314.1  	     
322.9  	     323.2  	     328.4  	     302.9  	     350.7  	     304.2  	     321.9  	     315.9  	     
324.3  	     324.7  	     329.6  	     305.2  	     351.0  	     306.6  	     323.8  	     317.6  	     
326.1  	     326.1  	     330.8  	     307.5  	     351.1  	     308.7  	     325.2  	     318.9  	     
326.8  	     327.3  	     331.8  	     309.1  	     351.2  	     310.4  	     326.7  	     320.3  	     
328.0  	     328.6  	     333.2  	     311.2  	     351.4  	     312.3  	     328.1  	     322.0  	     
329.4  	     329.8  	     334.2  	     312.9  	     351.6  	     314.0  	     329.5  	     323.3  	     
330.2  	     331.1  	     335.3  	     314.7  	     351.7  	     315.8  	     331.0  	     324.5  	     
331.2  	     332.1  	     336.2  	     316.5  	     351.8  	     317.6  	     332.2  	     325.6  	     
332.3  	     333.2  	     337.0  	     318.1  	     351.9  	     319.1  	     333.3  	     326.6  	     
333.2  	     334.1  	     337.7  	     319.5  	     352.0  	     320.7  	     334.3  	     327.9  	     
334.0  	     335.1  	     338.6  	     321.0  	     352.2  	     322.2  	     335.4  	     328.9  	     
335.1  	     336.0  	     339.3  	     322.5  	     352.2  	     323.6  	     336.4  	     329.8  	     
335.9  	     336.6  	     339.9  	     323.7  	     352.1  	     324.8  	     337.2  	     330.8  	     
336.5  	     337.5  	     340.6  	     325.0  	     352.3  	     326.1  	     338.2  	     331.5  	     
337.3  	     338.2  	     341.3  	     326.2  	     352.4  	     327.4  	     339.1  	     332.6  	     
337.9  	     338.9  	     341.8  	     327.3  	     352.3  	     328.4  	     339.7  	     333.2  	     
338.8  	     339.7  	     342.3  	     328.4  	     352.4  	     329.5  	     340.5  	     334.1  	     
339.4  	     340.1  	     342.8  	     329.5  	     352.4  	     330.5  	     341.0  	     334.5  	     
339.8  	     340.9  	     343.3  	     330.5  	     352.6  	     331.7  	     341.8  	     335.6  	     
340.5  	     341.5  	     343.8  	     331.6  	     352.5  	     332.7  	     342.3  	     336.2  	     
341.1  	     342.1  	     344.1  	     332.6  	     352.6  	     333.6  	     343.0  	     336.8  	     
341.5  	     342.5  	     344.5  	     333.5  	     352.7  	     334.4  	     343.4  	     337.5  	     
342.2  	     343.2  	     344.8  	     334.4  	     352.8  	     335.2  	     343.8  	     338.0  	     
342.7  	     343.6  	     345.2  	     335.2  	     352.7  	     336.1  	     344.4  	     338.6  	     
343.5  	     344.1  	     345.6  	     335.8  	     352.7  	     336.8  	     344.7  	     339.2  	     
343.9  	     344.7  	     345.9  	     336.6  	     352.9  	     337.5  	     345.3  	     339.8  	     
344.3  	     345.0  	     346.3  	     337.4  	     352.9  	     338.4  	     345.7  	     340.2  	     
344.9  	     345.5  	     346.6  	     338.2  	     352.9  	     339.1  	     346.1  	     340.8  	     
345.1  	     346.0  	     346.9  	     338.9  	     353.1  	     339.7  	     346.5  	     341.4  	     
345.5  	     346.2  	     347.2  	     339.5  	     353.3  	     340.5  	     347.0  	     341.8  	     
345.9  	     346.7  	     347.5  	     340.2  	     353.4  	     341.1  	     347.3  	     342.3  	     
346.3  	     347.1  	     347.8  	     340.7  	     353.4  	     341.6  	     347.6  	     342.4  	     
346.3  	     347.0  	     347.4  	     341.3  	     352.8  	     342.0  	     347.6  	     343.9  	     
346.5  	     346.9  	     347.1  	     341.5  	     352.2  	     342.3  	     347.7  	     343.2  	     
346.7  	     347.1  	     347.0  	     341.8  	     352.0  	     342.6  	     347.7  	     343.3  	     
346.9  	     347.5  	     347.4  	     342.1  	     352.1  	     343.0  	     347.9  	     343.5  	     
347.1  	     347.7  	     347.7  	     342.6  	     352.2  	     343.5  	     348.2  	     344.0  	     
348.2  	     348.0  	     347.8  	     343.0  	     351.9  	     343.9  	     348.3  	     344.2  	     
347.5  	     348.2  	     347.9  	     343.4  	     352.2  	     344.4  	     348.4  	     344.5  	     
347.9  	     348.4  	     348.1  	     343.8  	     352.2  	     344.6  	     348.7  	     344.8  	     
347.9  	     348.5  	     348.1  	     343.7  	     352.1  	     344.7  	     348.6  	     344.8  	     
348.0  	     348.6  	     348.1  	     344.0  	     352.1  	     344.9  	     348.8  	     345.0  	     
348.4  	     348.9  	     348.2  	     344.4  	     352.2  	     345.3  	     348.9  	     345.6  	     
348.5  	     349.1  	     348.3  	     344.7  	     352.2  	     345.7  	     349.0  	     345.5  	     
348.7  	     349.2  	     348.4  	     345.1  	     352.3  	     346.1  	     349.1  	     345.7  	     
348.9  	     349.4  	     348.8  	     345.3  	     352.3  	     346.3  	     349.3  	     345.8  	     
349.0  	     349.6  	     348.8  	     345.8  	     352.5  	     346.7  	     349.4  	     346.0  	     
349.5  	     349.8  	     349.1  	     346.0  	     352.6  	     347.0  	     349.5  	     346.4  	     
349.1  	     350.1  	     349.1  	     346.4  	     352.8  	     347.3  	     349.7  	     346.5  	     
349.7  	     350.2  	     349.2  	     346.8  	     352.8  	     347.6  	     349.8  	     346.8  	     
350.1  	     350.5  	     349.3  	     347.1  	     353.0  	     348.0  	     349.9  	     347.0  	     
350.2  	     350.6  	     349.5  	     347.6  	     353.2  	     348.4  	     350.1  	     347.4  	     
350.5  	     350.8  	     349.5  	     347.9  	     353.3  	     348.5  	     350.3  	     347.6  	     
350.3  	     350.5  	     349.4  	     347.8  	     352.6  	     348.6  	     350.2  	     347.4  	     
350.2  	     350.3  	     348.7  	     347.8  	     352.0  	     348.5  	     350.1  	     347.5  	     
350.2  	     350.2  	     348.6  	     347.6  	     351.9  	     348.4  	     349.8  	     347.5  	     
350.2  	     350.5  	     348.7  	     347.6  	     351.7  	     348.5  	     349.9  	     347.6  	     
350.3  	     350.6  	     348.9  	     348.0  	     352.0  	     348.8  	     350.0  	     347.7  	     
350.4  	     350.7  	     349.1  	     348.0  	     351.9  	     348.8  	     350.1  	     347.8  	     
350.6  	     350.6  	     349.1  	     348.0  	     351.8  	     349.0  	     350.1  	     347.8  	     
350.6  	     350.7  	     349.2  	     348.4  	     351.9  	     349.2  	     350.1  	     348.0  	     
350.6  	     351.0  	     349.2  	     348.3  	     352.0  	     349.2  	     350.1  	     348.0  	     
350.8  	     350.9  	     349.1  	     348.6  	     352.0  	     349.6  	     350.3  	     348.2  	     
350.9  	     351.1  	     349.3  	     348.8  	     352.1  	     349.6  	     350.3  	     348.1  	     
350.9  	     351.2  	     349.4  	     348.8  	     352.2  	     349.7  	     350.4  	     348.3  	     
351.2  	     351.3  	     349.6  	     349.1  	     352.4  	     349.8  	     350.5  	     348.4  	     
351.2  	     351.4  	     349.5  	     349.1  	     352.6  	     350.0  	     350.5  	     348.5  	     
351.3  	     351.5  	     349.7  	     349.2  	     352.7  	     350.1  	     350.5  	     348.5  	     
351.5  	     351.7  	     349.8  	     349.4  	     352.8  	     350.3  	     350.6  	     348.6  	     
351.8  	     352.0  	     350.0  	     349.5  	     353.0  	     350.4  	     350.8  	     348.8  	     
351.7  	     352.1  	     350.1  	     349.7  	     353.2  	     350.5  	     350.8  	     349.0  	     
351.4  	     351.9  	     349.9  	     349.8  	     352.7  	     350.5  	     350.7  	     349.1  	     
351.3  	     351.4  	     349.2  	     349.7  	     352.1  	     350.5  	     350.6  	     348.8  	     
351.2  	     351.2  	     348.9  	     349.5  	     351.6  	     350.2  	     350.6  	     348.7  	     
351.3  	     351.3  	     349.0  	     349.4  	     351.6  	     350.2  	     350.4  	     348.6  	     
351.2  	     351.5  	     349.2  	     349.5  	     351.7  	     350.2  	     350.5  	     348.9  	     
351.6  	     351.5  	     349.3  	     349.6  	     351.7  	     350.4  	     350.5  	     349.0  	     
351.8  	     351.5  	     349.2  	     349.6  	     351.8  	     350.4  	     350.4  	     348.9  	     
351.7  	     351.5  	     349.2  	     349.7  	     351.7  	     350.4  	     350.4  	     348.8  	     
351.7  	     351.5  	     349.3  	     349.7  	     351.7  	     350.5  	     350.5  	     348.8  	     
351.8  	     351.5  	     349.3  	     349.8  	     351.9  	     350.6  	     350.4  	     348.9  	     
351.4  	     351.5  	     349.4  	     349.9  	     352.0  	     350.7  	     350.4  	     348.9  	     
351.6  	     351.6  	     349.4  	     349.8  	     352.1  	     350.8  	     350.6  	     349.0  	     
351.6  	     351.7  	     349.5  	     350.0  	     352.2  	     350.8  	     350.5  	     349.1  	     
351.6  	     352.0  	     349.6  	     350.1  	     352.5  	     351.0  	     350.6  	     349.1  	     
351.8  	     352.1  	     349.8  	     350.3  	     352.6  	     351.0  	     350.6  	     349.2  	     
352.0  	     352.1  	     349.9  	     350.3  	     352.9  	     351.2  	     350.8  	     349.3  	     
352.1  	     352.3  	     350.1  	     350.6  	     353.1  	     351.4  	     350.8  	     349.4  	     
352.1  	     352.3  	     350.2  	     350.6  	     352.9  	     351.4  	     350.9  	     349.5  	     
352.1  	     351.7  	     349.6  	     350.4  	     352.2  	     351.1  	     350.7  	     349.4  	     
351.9  	     351.5  	     349.1  	     350.2  	     351.8  	     351.0  	     350.4  	     349.3  	     
351.6  	     351.5  	     348.9  	     350.1  	     351.4  	     350.7  	     350.4  	     349.5  	     
351.9  	     351.5  	     349.1  	     350.0  	     351.6  	     350.7  	     350.3  	     349.1  	     
351.6  	     351.5  	     349.2  	     350.3  	     351.7  	     350.9  	     350.4  	     349.2  	     
351.7  	     351.6  	     349.2  	     350.0  	     351.6  	     350.7  	     350.4  	     349.3  	     
351.6  	     351.6  	     349.2  	     350.0  	     351.7  	     351.0  	     350.4  	     349.1  	     
351.6  	     351.7  	     349.4  	     350.0  	     351.7  	     350.9  	     350.4  	     349.1  	     
351.7  	     351.7  	     349.4  	     350.1  	     351.8  	     350.9  	     350.4  	     349.2  	     
351.7  	     351.7  	     349.3  	     350.1  	     351.6  	     351.0  	     350.5  	     349.2  	     
351.7  	     351.7  	     349.6  	     350.1  	     352.0  	     350.8  	     350.4  	     349.3  	     
351.8  	     352.0  	     349.5  	     350.3  	     352.1  	     351.1  	     350.6  	     349.3  	     
351.9  	     352.1  	     349.7  	     350.4  	     352.2  	     351.2  	     350.6  	     349.4  	     
351.9  	     352.1  	     349.8  	     350.4  	     352.5  	     351.1  	     350.7  	     349.4  	     
352.1  	     352.4  	     349.9  	     350.6  	     352.6  	     351.3  	     350.8  	     349.4  	     
352.2  	     352.5  	     350.1  	     350.8  	     353.0  	     351.5  	     350.9  	     349.6  	     
352.1  	     352.2  	     350.0  	     351.0  	     352.6  	     351.5  	     350.9  	     349.6  	     
351.7  	     351.7  	     349.3  	     350.6  	     351.8  	     351.2  	     350.6  	     349.6  	     
351.7  	     351.3  	     349.0  	     350.3  	     351.5  	     351.0  	     350.4  	     349.4  	     
351.8  	     351.6  	     348.9  	     350.2  	     351.4  	     351.0  	     350.3  	     349.5  	     
351.7  	     351.5  	     349.1  	     350.1  	     351.4  	     351.0  	     350.3  	     349.1  	     
351.7  	     351.6  	     349.2  	     350.4  	     351.5  	     351.1  	     350.4  	     349.2  	     
351.8  	     351.7  	     349.3  	     350.3  	     351.6  	     351.0  	     350.4  	     349.2  	     
351.7  	     351.7  	     349.2  	     350.4  	     351.7  	     351.1  	     350.4  	     349.1  	     
351.6  	     351.7  	     349.3  	     350.4  	     351.7  	     351.1  	     350.3  	     349.1  	     
351.7  	     351.7  	     349.4  	     350.2  	     351.7  	     351.0  	     350.3  	     349.3  	     
351.7  	     351.9  	     349.4  	     350.2  	     351.9  	     351.1  	     350.4  	     349.2  	     
351.7  	     351.9  	     349.5  	     350.3  	     352.1  	     351.1  	     350.6  	     349.3  	     
351.8  	     351.9  	     349.6  	     350.6  	     352.2  	     351.2  	     350.6  	     349.3  	     
351.9  	     352.0  	     349.6  	     350.5  	     352.2  	     351.3  	     350.5  	     349.4  	     
352.0  	     352.1  	     349.8  	     350.6  	     352.5  	     351.4  	     350.6  	     349.5  	     
352.0  	     352.2  	     349.7  	     350.6  	     352.9  	     351.5  	     350.7  	     349.5  	     
351.9  	     352.3  	     350.0  	     350.8  	     352.7  	     351.5  	     350.7  	     349.6  	     
351.7  	     351.9  	     349.6  	     350.6  	     352.0  	     351.3  	     350.5  	     349.6  	     
351.7  	     351.5  	     349.1  	     350.4  	     351.6  	     351.1  	     350.3  	     349.3  	     
351.7  	     351.5  	     349.0  	     350.4  	     351.4  	     350.8  	     350.2  	     349.5  	     
351.6  	     351.7  	     349.1  	     350.2  	     351.6  	     350.9  	     350.3  	     349.2  	     
351.7  	     351.6  	     349.3  	     350.2  	     351.6  	     350.9  	     350.3  	     349.2  	     
351.7  	     351.7  	     349.3  	     350.3  	     351.7  	     351.0  	     350.3  	     349.4  	     
351.7  	     351.7  	     349.4  	     350.3  	     351.6  	     351.0  	     350.2  	     349.2  	     
351.7  	     351.9  	     349.1  	     350.3  	     351.7  	     351.0  	     350.4  	     349.3  	     
351.8  	     351.7  	     349.3  	     350.5  	     351.9  	     351.1  	     350.4  	     349.3  	     
351.8  	     352.0  	     349.4  	     350.5  	     352.1  	     351.1  	     350.5  	     349.4  	     
351.9  	     351.9  	     349.6  	     350.4  	     352.2  	     351.2  	     350.4  	     349.4  	     
351.9  	     352.0  	     349.5  	     350.6  	     352.1  	     351.4  	     350.5  	     349.5  	     
351.9  	     352.1  	     349.7  	     350.5  	     352.4  	     351.2  	     350.5  	     349.5  	     
352.0  	     352.2  	     349.9  	     350.6  	     352.6  	     351.4  	     350.6  	     349.7  	     
352.0  	     352.4  	     350.0  	     350.8  	     352.8  	     351.5  	     350.8  	     349.8  	     
352.2  	     352.3  	     350.1  	     350.9  	     352.9  	     351.5  	     350.8  	     350.0  	     
352.0  	     352.0  	     349.7  	     350.9  	     352.3  	     351.5  	     350.8  	     349.6  	     
351.9  	     351.5  	     349.1  	     350.4  	     351.6  	     351.1  	     350.4  	     349.6  	     
351.8  	     351.4  	     348.9  	     350.2  	     351.5  	     350.8  	     350.3  	     349.6  	     
351.9  	     351.4  	     349.1  	     350.2  	     351.4  	     350.8  	     350.3  	     349.5  	     
351.5  	     351.6  	     349.3  	     350.3  	     351.5  	     351.0  	     350.4  	     349.2  	     
351.7  	     351.7  	     349.4  	     350.5  	     351.4  	     351.1  	     350.3  	     349.4  	     
351.5  	     351.6  	     349.3  	     350.3  	     351.4  	     351.0  	     350.4  	     349.1  	     
351.6  	     351.5  	     349.4  	     350.4  	     351.5  	     351.1  	     350.4  	     349.3  	     
351.7  	     351.7  	     349.4  	     350.4  	     351.7  	     351.1  	     350.5  	     349.3  	     
351.8  	     351.6  	     349.5  	     350.4  	     352.0  	     351.0  	     350.4  	     349.3  	     
351.7  	     352.0  	     349.6  	     350.4  	     351.9  	     351.1  	     350.4  	     349.4  	     
351.9  	     351.9  	     349.7  	     350.6  	     352.1  	     351.3  	     350.5  	     349.3  	     
352.0  	     352.0  	     349.8  	     350.6  	     352.2  	     351.3  	     350.5  	     349.4  	     
352.0  	     352.1  	     350.0  	     350.7  	     352.5  	     351.4  	     350.6  	     349.6  	     
352.0  	     352.2  	     350.0  	     350.8  	     352.7  	     351.4  	     350.6  	     349.4  	     
352.0  	     352.3  	     350.2  	     350.9  	     352.6  	     351.5  	     350.8  	     350.0  	     
352.1  	     351.7  	     349.7  	     350.8  	     352.0  	     351.5  	     350.6  	     349.9  	     
351.9  	     351.3  	     349.2  	     350.4  	     351.6  	     351.1  	     350.4  	     349.3  	     
351.7  	     351.3  	     349.0  	     350.4  	     351.2  	     351.0  	     350.3  	     349.4  	     
351.6  	     351.5  	     349.6  	     350.3  	     351.3  	     350.9  	     350.3  	     349.2  	     
351.6  	     351.6  	     349.3  	     350.3  	     351.6  	     350.8  	     350.3  	     349.4  	     
351.6  	     351.5  	     349.3  	     350.3  	     351.2  	     351.0  	     350.3  	     349.3  	     
351.6  	     351.5  	     349.3  	     350.4  	     351.4  	     351.0  	     350.3  	     349.2  	     
351.7  	     351.7  	     349.4  	     350.4  	     351.6  	     350.9  	     350.3  	     349.2  	     
351.6  	     351.6  	     349.4  	     350.3  	     351.6  	     350.8  	     350.3  	     349.5  	     
351.4  	     351.7  	     349.6  	     350.3  	     351.7  	     350.9  	     350.5  	     349.2  	     
351.6  	     351.9  	     349.6  	     350.3  	     351.8  	     350.9  	     350.4  	     349.4  	     
351.7  	     351.7  	     349.6  	     350.4  	     351.9  	     351.0  	     350.4  	     349.4  	     
351.8  	     352.0  	     349.8  	     350.4  	     351.9  	     351.1  	     350.4  	     349.5  	     
352.0  	     351.7  	     349.7  	     350.5  	     351.8  	     351.1  	     350.6  	     350.0  	     
350.2  	     349.3  	     346.6  	     349.7  	     347.8  	     350.0  	     349.3  	     348.4  	     
348.6  	     346.9  	     343.5  	     347.9  	     343.7  	     348.0  	     347.5  	     347.1  	     
348.2  	     346.4  	     343.0  	     347.5  	     342.9  	     347.7  	     347.3  	     347.2  	     
346.0  	     344.1  	     340.0  	     345.0  	     338.9  	     345.1  	     345.3  	     345.5  	     
344.2  	     342.2  	     337.6  	     342.9  	     335.2  	     343.0  	     343.6  	     344.2  	     
341.2  	     339.4  	     334.6  	     340.9  	     330.6  	     340.8  	     341.2  	     342.2  	     
339.1  	     336.9  	     331.5  	     338.6  	     326.2  	     338.7  	     338.8  	     339.7  	     
337.6  	     335.4  	     329.9  	     337.4  	     323.8  	     337.9  	     337.6  	     338.5  	     
336.3  	     334.0  	     328.3  	     336.3  	     321.7  	     336.4  	     336.2  	     337.2  	     
333.5  	     331.1  	     324.7  	     333.6  	     316.9  	     333.5  	     333.7  	     334.8  	     
330.5  	     327.8  	     322.1  	     330.7  	     312.1  	     330.8  	     330.8  	     332.4  	     
327.4  	     324.5  	     317.5  	     327.9  	     307.0  	     328.1  	     327.9  	     329.3  	     
324.4  	     321.2  	     313.6  	     324.7  	     302.4  	     324.9  	     324.7  	     326.0  	     
320.4  	     317.7  	     309.6  	     321.7  	     297.0  	     321.9  	     321.1  	     323.4  	     
316.7  	     314.1  	     305.6  	     318.7  	     292.1  	     318.6  	     317.7  	     320.3  	     
313.4  	     310.0  	     301.3  	     315.4  	     286.8  	     315.3  	     314.2  	     316.3  	     
309.7  	     306.3  	     297.4  	     312.3  	     281.9  	     312.5  	     310.9  	     313.5  	     
305.8  	     302.5  	     293.2  	     308.9  	     277.1  	     308.9  	     306.9  	     310.0  	     
301.8  	     298.8  	     288.9  	     305.6  	     272.1  	     305.6  	     303.5  	     306.2  	     
298.3  	     294.7  	     285.1  	     302.3  	     267.5  	     302.1  	     299.7  	     302.6  	     
294.5  	     291.2  	     281.2  	     298.6  	     262.8  	     298.7  	     295.9  	     299.0  	     
290.2  	     287.2  	     277.1  	     295.2  	     258.2  	     295.5  	     292.2  	     295.6  	     
286.4  	     283.1  	     273.1  	     291.8  	     253.8  	     292.1  	     288.1  	     292.1  	     
282.5  	     279.8  	     269.1  	     288.1  	     249.5  	     288.2  	     284.6  	     287.8  	     
278.8  	     275.7  	     264.9  	     285.1  	     245.4  	     285.1  	     281.0  	     284.2  	     
275.1  	     272.2  	     261.5  	     281.3  	     241.5  	     281.5  	     277.1  	     280.7  	     
271.4  	     268.8  	     257.8  	     278.0  	     237.6  	     278.2  	     273.5  	     277.2  	     
267.8  	     265.0  	     254.1  	     274.5  	     233.9  	     275.0  	     269.8  	     273.7  	     
264.1  	     261.5  	     250.7  	     271.5  	     230.4  	     271.7  	     266.3  	     270.3  	     
260.6  	     258.1  	     247.4  	     268.4  	     227.0  	     268.7  	     262.6  	     266.9  	     
257.4  	     254.8  	     243.9  	     265.1  	     223.6  	     265.2  	     259.2  	     263.5  	     
253.8  	     251.2  	     240.3  	     261.9  	     220.5  	     262.1  	     255.8  	     260.2  	     
250.3  	     247.9  	     237.1  	     258.6  	     217.3  	     258.8  	     252.4  	     256.7  	     
247.0  	     244.7  	     233.8  	     255.9  	     214.3  	     255.9  	     249.2  	     253.5  	     
243.7  	     241.6  	     230.7  	     252.8  	     211.5  	     252.8  	     245.8  	     250.2  	     
240.6  	     238.4  	     227.7  	     249.7  	     208.7  	     249.7  	     242.6  	     247.1  	     
237.4  	     235.4  	     224.6  	     246.5  	     205.9  	     246.5  	     239.4  	     244.0  	     
234.4  	     232.1  	     221.6  	     243.6  	     203.2  	     243.6  	     236.2  	     240.9  	     
231.4  	     229.4  	     218.8  	     240.6  	     200.7  	     240.6  	     233.2  	     237.9  	     
228.4  	     226.4  	     216.2  	     237.6  	     198.2  	     237.5  	     230.3  	     234.9  	     
225.7  	     223.9  	     213.3  	     235.0  	     195.8  	     235.0  	     227.3  	     232.0  	     
223.2  	     221.3  	     210.5  	     232.3  	     193.4  	     232.3  	     224.4  	     228.9  	     
220.3  	     218.6  	     207.9  	     229.6  	     191.2  	     229.6  	     221.7  	     226.3  	     
217.4  	     216.1  	     205.6  	     227.0  	     189.2  	     227.0  	     218.8  	     223.5  	     
214.4  	     213.1  	     203.2  	     224.5  	     187.1  	     224.5  	     216.2  	     220.9  	     
212.3  	     210.6  	     200.9  	     222.0  	     185.0  	     222.0  	     213.5  	     218.4  	     
209.7  	     208.3  	     198.4  	     219.3  	     183.0  	     219.4  	     211.0  	     216.0  	     
207.0  	     205.9  	     196.3  	     216.9  	     181.0  	     216.9  	     208.6  	     213.3  	     
204.7  	     203.5  	     194.0  	     214.5  	     179.3  	     214.2  	     205.9  	     210.7  	     
202.6  	     201.2  	     192.0  	     211.9  	     177.2  	     211.9  	     203.7  	     208.6  	     
200.3  	     199.0  	     189.7  	     209.5  	     175.4  	     209.5  	     201.4  	     206.2  	     
197.8  	     196.9  	     187.7  	     207.0  	     173.7  	     207.1  	     198.8  	     203.8  	     
195.7  	     195.0  	     185.7  	     204.8  	     172.1  	     204.9  	     196.8  	     201.4  	     
193.4  	     192.9  	     183.8  	     202.8  	     170.3  	     202.6  	     194.6  	     199.2  	     
191.5  	     190.9  	     181.9  	     200.5  	     168.9  	     200.4  	     192.4  	     197.1  	     
189.4  	     188.7  	     180.0  	     198.3  	     167.4  	     198.2  	     190.4  	     194.7  	     
187.7  	     186.9  	     178.2  	     196.2  	     165.9  	     196.2  	     188.3  	     192.8  	     
185.5  	     184.8  	     176.4  	     194.3  	     164.4  	     194.3  	     186.4  	     190.8  	     
183.5  	     183.2  	     174.6  	     192.1  	     163.0  	     192.0  	     184.4  	     188.7  	     
181.8  	     181.3  	     172.8  	     190.4  	     161.5  	     190.3  	     182.5  	     186.7  	     
180.1  	     179.5  	     171.3  	     188.4  	     160.2  	     188.1  	     180.6  	     184.8  	     
178.1  	     177.8  	     169.8  	     186.8  	     159.1  	     186.5  	     178.8  	     183.1  	     
176.5  	     176.0  	     168.0  	     184.7  	     157.8  	     184.6  	     177.3  	     181.4  	     
174.8  	     174.6  	     166.6  	     182.8  	     156.6  	     182.8  	     175.4  	     179.4  	     
173.2  	     172.8  	     165.1  	     180.9  	     155.3  	     180.8  	     173.6  	     177.6  	     
171.7  	     171.2  	     163.7  	     179.2  	     154.2  	     179.3  	     172.1  	     175.9  	     
170.1  	     169.8  	     162.4  	     177.5  	     153.0  	     177.4  	     170.5  	     174.1  	     
168.6  	     168.3  	     161.0  	     175.8  	     151.9  	     175.8  	     168.9  	     172.4  	     
167.2  	     167.0  	     159.6  	     174.8  	     151.1  	     174.5  	     167.6  	     171.2  	     
167.0  	     166.7  	     159.6  	     174.5  	     151.0  	     174.4  	     167.3  	     170.7  	     
165.5  	     165.4  	     158.4  	     172.9  	     149.8  	     172.7  	     166.0  	     169.5  	     
164.2  	     164.1  	     157.1  	     171.2  	     148.6  	     170.9  	     164.5  	     167.8  	     
162.8  	     162.7  	     156.0  	     169.5  	     147.5  	     169.6  	     163.0  	     166.4  	     
161.6  	     161.4  	     154.8  	     168.1  	     146.7  	     168.1  	     161.6  	     165.0  	     
160.1  	     160.1  	     153.6  	     166.8  	     145.6  	     166.8  	     160.2  	     163.7  	     
158.9  	     158.7  	     152.5  	     165.3  	     144.6  	     165.3  	     159.1  	     162.3  	     
157.4  	     157.6  	     151.4  	     163.8  	     143.8  	     163.7  	     157.8  	     161.0  	     
156.5  	     156.4  	     150.4  	     162.5  	     142.9  	     162.3  	     156.5  	     159.5  	     
155.2  	     155.3  	     149.3  	     161.3  	     142.0  	     161.1  	     155.2  	     158.4  	     
154.1  	     154.2  	     148.3  	     159.9  	     141.0  	     159.8  	     154.0  	     157.1  	     
152.9  	     153.1  	     147.3  	     158.6  	     140.3  	     158.6  	     153.0  	     155.9  	     
151.9  	     151.9  	     146.4  	     157.7  	     139.6  	     157.5  	     151.9  	     154.7  	     
150.7  	     150.8  	     145.3  	     156.3  	     138.7  	     156.4  	     150.8  	     153.7  	     
149.5  	     149.6  	     144.3  	     155.2  	     138.1  	     155.1  	     149.7  	     152.5  	     
148.7  	     148.7  	     143.4  	     154.0  	     137.2  	     154.0  	     148.5  	     151.2  	     
147.6  	     147.8  	     142.5  	     153.0  	     136.7  	     152.9  	     147.5  	     150.2  	     
146.8  	     146.6  	     141.5  	     151.9  	     136.0  	     152.0  	     146.5  	     149.2  	     
145.8  	     145.8  	     141.0  	     150.9  	     135.3  	     151.0  	     145.6  	     148.1  	     
144.9  	     144.9  	     140.1  	     149.7  	     134.7  	     149.8  	     144.6  	     146.9  	     
143.9  	     143.8  	     139.3  	     148.8  	     134.1  	     148.7  	     143.8  	     146.2  	     
142.8  	     143.1  	     138.6  	     147.8  	     133.4  	     147.7  	     142.9  	     145.1  	     
142.4  	     142.6  	     138.1  	     147.2  	     132.9  	     147.0  	     142.3  	     144.4  	     
141.9  	     142.0  	     137.8  	     146.8  	     132.6  	     146.7  	     141.9  	     144.2  	     
140.6  	     140.5  	     136.0  	     145.2  	     130.9  	     144.9  	     140.5  	     142.8  	     
139.6  	     139.0  	     134.4  	     143.9  	     129.4  	     143.8  	     139.3  	     141.8  	     
138.4  	     137.7  	     133.0  	     142.5  	     127.8  	     142.5  	     138.2  	     140.6  	     
137.3  	     136.2  	     131.5  	     141.1  	     126.2  	     141.3  	     137.0  	     139.6  	     
136.1  	     135.2  	     130.1  	     140.1  	     124.7  	     140.2  	     136.0  	     138.6  	     
134.8  	     134.1  	     128.9  	     138.9  	     123.3  	     139.0  	     135.1  	     137.6  	     
134.0  	     133.4  	     128.0  	     138.4  	     122.0  	     138.4  	     134.0  	     136.6  	     
133.3  	     132.7  	     127.3  	     137.5  	     121.0  	     137.6  	     133.3  	     136.0  	     
132.5  	     132.1  	     126.5  	     136.4  	     120.1  	     136.7  	     132.5  	     135.2  	     
132.1  	     131.5  	     126.0  	     136.0  	     119.5  	     136.2  	     132.0  	     134.7  	     
131.4  	     131.2  	     125.7  	     135.8  	     119.1  	     136.0  	     131.5  	     134.0  	     