
G49-PTC5  	G49-PTC11  	G49-PTC15  	G49-PTC16  	G49-PTC26  	G49-PTC27  	G49-PTC32  	G49-PTC37  	
Deg.F  	     Deg.F  	     Deg.F  	     Deg.F  	     Deg.F  	     Deg.F  	     Deg.F  	     Deg.F  	     
72.3  	     71.9  	     72.8  	     71.4  	     71.6  	     71.7  	     70.8  	     73.1  	     
72.3  	     71.9  	     72.8  	     71.4  	     71.6  	     71.7  	     70.8  	     73.1  	     
72.3  	     71.9  	     72.8  	     71.4  	     71.6  	     71.7  	     70.9  	     73.2  	     
72.4  	     72.1  	     72.9  	     71.4  	     71.9  	     71.8  	     71.0  	     73.2  	     
72.5  	     72.6  	     73.0  	     71.6  	     72.0  	     72.0  	     71.3  	     73.5  	     
72.7  	     72.8  	     73.1  	     71.8  	     72.3  	     72.1  	     71.5  	     73.6  	     
72.8  	     72.8  	     73.1  	     71.9  	     72.4  	     72.4  	     71.6  	     73.8  	     
72.9  	     73.0  	     73.4  	     72.0  	     72.5  	     72.6  	     72.0  	     73.9  	     
73.0  	     73.1  	     73.4  	     72.2  	     72.7  	     72.7  	     72.0  	     73.9  	     
73.2  	     73.3  	     73.5  	     72.4  	     72.8  	     72.8  	     72.2  	     74.1  	     
73.2  	     73.3  	     73.8  	     72.6  	     73.0  	     73.0  	     72.4  	     74.1  	     
73.2  	     73.5  	     74.0  	     72.9  	     73.1  	     73.1  	     72.5  	     74.4  	     
73.3  	     73.6  	     74.0  	     73.0  	     73.4  	     73.3  	     72.7  	     74.5  	     
73.4  	     73.8  	     74.1  	     73.2  	     73.5  	     73.5  	     72.9  	     74.6  	     
73.5  	     73.8  	     74.3  	     73.4  	     73.6  	     73.6  	     73.1  	     74.6  	     
73.7  	     74.0  	     74.4  	     73.5  	     73.7  	     73.7  	     73.4  	     74.9  	     
73.8  	     74.1  	     74.5  	     73.8  	     73.9  	     73.9  	     73.4  	     74.9  	     
73.9  	     74.3  	     74.6  	     73.8  	     74.1  	     74.0  	     73.5  	     75.1  	     
73.9  	     74.3  	     74.6  	     73.8  	     74.1  	     74.0  	     73.5  	     75.1  	     
74.1  	     74.4  	     74.7  	     74.0  	     74.2  	     74.2  	     73.7  	     75.2  	     
74.2  	     74.5  	     74.8  	     74.2  	     74.4  	     74.4  	     74.0  	     75.3  	     
74.2  	     74.6  	     74.9  	     74.3  	     74.4  	     74.3  	     74.1  	     75.3  	     
74.4  	     74.6  	     75.0  	     74.5  	     74.6  	     74.5  	     74.1  	     75.5  	     
74.5  	     74.9  	     75.1  	     74.6  	     74.8  	     74.7  	     74.4  	     75.6  	     
74.6  	     74.8  	     75.1  	     74.6  	     74.7  	     74.7  	     74.4  	     75.7  	     
74.6  	     74.9  	     75.3  	     74.7  	     74.8  	     74.8  	     74.6  	     75.8  	     
74.7  	     75.3  	     75.7  	     74.9  	     75.1  	     75.0  	     74.8  	     75.9  	     
75.0  	     75.6  	     76.1  	     75.1  	     75.4  	     75.6  	     75.0  	     76.2  	     
75.3  	     76.3  	     76.4  	     75.7  	     76.0  	     76.0  	     76.1  	     76.6  	     
75.8  	     77.1  	     76.9  	     76.2  	     76.8  	     76.9  	     76.9  	     76.9  	     
76.6  	     78.3  	     77.9  	     77.0  	     77.8  	     77.8  	     78.2  	     77.4  	     
77.5  	     80.0  	     78.8  	     78.0  	     79.1  	     79.0  	     79.9  	     78.2  	     
78.8  	     81.7  	     79.9  	     79.3  	     80.6  	     80.5  	     81.5  	     79.2  	     
80.2  	     83.5  	     81.3  	     80.8  	     82.2  	     82.2  	     84.0  	     80.3  	     
81.8  	     85.5  	     82.7  	     82.3  	     84.2  	     84.1  	     86.8  	     81.5  	     
83.4  	     87.7  	     84.1  	     83.9  	     85.9  	     85.9  	     89.7  	     83.0  	     
85.0  	     90.0  	     85.9  	     85.6  	     87.9  	     88.0  	     92.7  	     84.3  	     
86.7  	     92.4  	     87.5  	     87.3  	     90.3  	     90.3  	     96.2  	     86.0  	     
88.8  	     95.1  	     89.5  	     89.3  	     92.8  	     92.8  	     99.1  	     87.9  	     
89.9  	     97.1  	     90.7  	     90.4  	     94.4  	     94.6  	     101.6  	     88.8  	     
90.6  	     98.2  	     91.5  	     91.2  	     95.1  	     95.4  	     102.8  	     89.6  	     
92.6  	     100.9  	     93.8  	     93.3  	     97.4  	     97.8  	     106.4  	     91.5  	     
94.7  	     103.8  	     96.0  	     95.4  	     100.1  	     100.5  	     109.9  	     93.6  	     
97.2  	     106.9  	     98.4  	     97.6  	     102.8  	     103.1  	     113.7  	     95.6  	     
99.4  	     110.1  	     100.7  	     99.8  	     105.4  	     105.8  	     117.6  	     97.8  	     
101.7  	     113.2  	     103.2  	     102.4  	     108.3  	     108.7  	     121.3  	     100.3  	     
104.1  	     116.5  	     106.0  	     104.7  	     111.4  	     111.7  	     125.1  	     102.6  	     
106.8  	     120.0  	     108.7  	     107.3  	     114.4  	     114.8  	     129.3  	     104.8  	     
109.4  	     123.3  	     111.6  	     109.8  	     117.5  	     117.8  	     133.1  	     107.5  	     
112.0  	     126.6  	     114.3  	     112.5  	     120.5  	     120.8  	     137.2  	     110.1  	     
114.5  	     129.5  	     117.1  	     115.1  	     123.6  	     123.9  	     140.6  	     112.6  	     
117.1  	     132.7  	     120.0  	     117.7  	     126.6  	     126.9  	     144.4  	     115.4  	     
119.8  	     135.7  	     122.8  	     120.4  	     129.7  	     129.8  	     148.3  	     118.0  	     
121.9  	     138.1  	     125.1  	     122.7  	     132.2  	     132.2  	     151.3  	     120.3  	     
122.1  	     138.4  	     125.3  	     123.0  	     132.6  	     132.5  	     151.9  	     120.5  	     
124.6  	     141.3  	     128.1  	     125.5  	     135.2  	     135.0  	     155.1  	     123.2  	     
127.3  	     144.1  	     130.5  	     128.2  	     138.1  	     137.7  	     158.8  	     125.8  	     
129.9  	     146.8  	     133.1  	     130.7  	     140.9  	     140.5  	     162.1  	     128.5  	     
132.2  	     149.3  	     135.5  	     133.3  	     143.5  	     143.3  	     165.2  	     131.2  	     
134.6  	     151.9  	     137.8  	     135.7  	     146.0  	     145.8  	     168.4  	     133.7  	     
137.1  	     154.3  	     140.3  	     138.2  	     148.9  	     148.3  	     171.4  	     136.3  	     
139.5  	     156.7  	     142.7  	     140.6  	     150.8  	     150.8  	     174.3  	     138.7  	     
141.9  	     159.0  	     144.9  	     143.0  	     153.5  	     153.3  	     177.2  	     141.2  	     
144.2  	     161.2  	     147.2  	     145.4  	     155.5  	     155.5  	     179.9  	     143.6  	     
146.5  	     163.5  	     149.5  	     147.8  	     157.9  	     157.8  	     182.6  	     146.2  	     
148.8  	     165.8  	     151.8  	     150.0  	     160.1  	     159.9  	     185.1  	     148.4  	     
151.1  	     168.2  	     153.8  	     152.3  	     162.3  	     162.2  	     187.6  	     150.9  	     
153.4  	     170.2  	     156.1  	     154.7  	     164.3  	     164.2  	     190.0  	     153.2  	     
153.3  	     170.2  	     156.1  	     154.7  	     164.4  	     164.2  	     190.1  	     153.2  	     
155.4  	     172.8  	     158.4  	     157.3  	     166.8  	     166.4  	     192.7  	     156.1  	     
157.5  	     175.0  	     160.4  	     159.3  	     168.7  	     168.4  	     195.0  	     158.4  	     
157.6  	     175.0  	     160.5  	     159.3  	     168.8  	     168.4  	     195.0  	     158.4  	     
159.6  	     177.4  	     162.4  	     161.3  	     170.9  	     170.4  	     197.4  	     160.7  	     
161.8  	     179.9  	     164.8  	     163.8  	     173.1  	     172.7  	     199.7  	     162.9  	     
164.7  	     182.5  	     167.5  	     166.4  	     176.1  	     175.3  	     202.1  	     165.5  	     
167.5  	     185.3  	     170.1  	     169.1  	     179.6  	     178.6  	     205.1  	     168.2  	     
170.5  	     188.4  	     173.2  	     171.9  	     183.2  	     182.1  	     208.5  	     170.9  	     
173.5  	     191.9  	     176.8  	     175.1  	     187.3  	     185.6  	     212.4  	     174.1  	     
176.9  	     195.6  	     180.1  	     178.3  	     191.3  	     189.6  	     216.5  	     177.4  	     
180.4  	     199.7  	     184.3  	     181.9  	     195.2  	     193.5  	     220.8  	     181.0  	     
184.1  	     204.1  	     188.1  	     185.6  	     200.6  	     198.0  	     225.4  	     184.9  	     
188.2  	     208.4  	     192.5  	     189.4  	     205.0  	     202.6  	     230.1  	     189.2  	     
192.2  	     213.1  	     197.1  	     193.3  	     210.3  	     207.4  	     235.4  	     193.3  	     
196.4  	     217.9  	     201.5  	     197.5  	     215.1  	     212.2  	     240.6  	     197.8  	     
201.0  	     222.9  	     206.6  	     201.9  	     220.6  	     217.3  	     246.2  	     202.5  	     
205.4  	     228.1  	     212.0  	     206.4  	     225.7  	     222.7  	     251.6  	     207.2  	     
210.2  	     232.8  	     216.8  	     210.9  	     230.5  	     227.5  	     257.2  	     212.1  	     
214.8  	     238.2  	     221.9  	     215.4  	     235.6  	     232.5  	     263.2  	     217.3  	     
219.5  	     243.5  	     226.6  	     220.0  	     240.5  	     237.2  	     268.9  	     222.3  	     
224.0  	     248.9  	     231.9  	     224.4  	     245.8  	     242.3  	     274.7  	     227.1  	     
228.8  	     254.1  	     237.0  	     228.9  	     250.5  	     247.3  	     280.6  	     232.3  	     
233.1  	     259.4  	     241.5  	     233.3  	     255.1  	     252.0  	     285.5  	     236.8  	     
237.8  	     264.3  	     246.9  	     237.9  	     260.4  	     257.2  	     291.6  	     241.8  	     
242.3  	     269.2  	     251.0  	     242.5  	     265.0  	     261.6  	     296.0  	     246.4  	     
246.7  	     273.4  	     255.7  	     246.8  	     268.3  	     265.7  	     300.6  	     250.9  	     
251.1  	     277.5  	     259.7  	     250.8  	     271.9  	     269.6  	     305.1  	     255.3  	     
255.3  	     281.4  	     263.7  	     254.9  	     275.5  	     273.4  	     309.1  	     259.7  	     
259.3  	     284.6  	     267.2  	     258.9  	     279.2  	     277.0  	     312.6  	     263.8  	     
262.3  	     287.1  	     270.1  	     261.9  	     281.7  	     279.7  	     315.1  	     266.6  	     
262.9  	     287.9  	     270.6  	     262.7  	     282.3  	     280.4  	     315.6  	     267.5  	     
266.5  	     291.0  	     274.4  	     266.7  	     284.7  	     283.4  	     318.4  	     271.1  	     
270.0  	     293.8  	     277.2  	     270.3  	     287.5  	     286.2  	     321.1  	     275.1  	     
273.3  	     296.5  	     280.2  	     273.6  	     289.7  	     288.9  	     323.3  	     278.1  	     
276.5  	     299.1  	     283.1  	     276.9  	     292.9  	     291.7  	     325.6  	     281.5  	     
279.6  	     301.6  	     286.0  	     280.2  	     294.8  	     294.0  	     327.8  	     284.7  	     
282.6  	     304.1  	     288.7  	     283.3  	     297.2  	     296.4  	     329.4  	     287.6  	     
285.4  	     306.4  	     291.3  	     286.1  	     298.8  	     298.3  	     331.0  	     290.3  	     
288.1  	     308.5  	     293.8  	     289.2  	     300.5  	     300.2  	     332.3  	     293.0  	     
290.8  	     310.5  	     296.2  	     292.0  	     302.6  	     302.4  	     334.0  	     295.5  	     
293.2  	     312.3  	     298.5  	     294.5  	     304.9  	     304.5  	     335.1  	     297.8  	     
295.5  	     314.3  	     300.7  	     297.2  	     306.5  	     306.2  	     336.2  	     300.3  	     
297.8  	     316.1  	     303.0  	     299.6  	     308.1  	     307.9  	     337.2  	     302.4  	     
300.2  	     317.7  	     305.0  	     301.8  	     310.0  	     309.8  	     338.1  	     304.6  	     
302.3  	     319.4  	     306.9  	     304.2  	     311.2  	     311.2  	     339.0  	     306.6  	     
304.0  	     321.0  	     309.0  	     306.3  	     312.7  	     312.6  	     339.8  	     308.6  	     
306.1  	     322.4  	     310.9  	     308.2  	     314.1  	     314.2  	     340.4  	     310.4  	     
308.0  	     323.8  	     312.4  	     310.2  	     315.5  	     315.6  	     341.4  	     312.2  	     
309.7  	     325.2  	     314.1  	     312.0  	     316.7  	     316.8  	     341.5  	     314.0  	     
311.5  	     326.6  	     315.8  	     313.6  	     318.0  	     318.0  	     342.2  	     315.6  	     
313.1  	     327.8  	     317.3  	     315.3  	     319.2  	     319.3  	     342.9  	     317.3  	     
314.7  	     329.0  	     319.0  	     317.0  	     320.3  	     320.4  	     343.2  	     318.8  	     
316.3  	     330.1  	     320.2  	     318.6  	     321.6  	     321.6  	     343.6  	     320.2  	     
317.8  	     331.3  	     321.8  	     320.2  	     322.4  	     322.7  	     344.1  	     321.6  	     
319.2  	     332.2  	     323.1  	     321.4  	     323.8  	     323.8  	     344.8  	     323.1  	     
320.6  	     333.3  	     324.6  	     323.0  	     324.6  	     324.7  	     345.0  	     324.3  	     
321.9  	     334.2  	     325.7  	     324.1  	     325.7  	     325.8  	     345.1  	     325.4  	     
323.0  	     335.0  	     326.9  	     325.5  	     326.6  	     326.7  	     345.6  	     326.6  	     
324.3  	     335.8  	     327.9  	     326.6  	     327.5  	     327.7  	     345.9  	     327.7  	     
325.6  	     336.7  	     329.0  	     327.8  	     328.3  	     328.5  	     346.4  	     328.8  	     
326.7  	     337.5  	     330.0  	     328.8  	     329.3  	     329.4  	     346.4  	     329.9  	     
327.8  	     338.2  	     331.1  	     330.0  	     330.1  	     330.2  	     346.7  	     330.9  	     
328.9  	     338.9  	     332.3  	     330.8  	     330.8  	     330.9  	     347.2  	     331.8  	     
329.8  	     339.6  	     333.1  	     331.9  	     331.6  	     331.6  	     347.1  	     332.8  	     
330.8  	     340.3  	     333.9  	     332.9  	     332.4  	     332.5  	     347.1  	     333.6  	     
331.7  	     340.8  	     334.8  	     333.7  	     333.1  	     333.2  	     347.6  	     334.5  	     
332.5  	     341.4  	     335.6  	     334.4  	     333.8  	     333.9  	     347.7  	     335.2  	     
333.4  	     341.9  	     336.4  	     335.3  	     334.4  	     334.6  	     347.9  	     336.0  	     
334.3  	     342.3  	     337.1  	     336.0  	     335.1  	     335.2  	     348.0  	     337.0  	     
335.1  	     342.6  	     337.9  	     336.9  	     335.9  	     335.9  	     348.1  	     337.5  	     
335.8  	     343.0  	     338.6  	     337.5  	     336.1  	     336.2  	     348.0  	     338.1  	     
336.6  	     343.5  	     339.2  	     338.2  	     336.8  	     336.9  	     348.3  	     338.7  	     
337.3  	     343.9  	     339.8  	     338.8  	     337.3  	     337.6  	     348.4  	     339.3  	     
338.0  	     344.4  	     340.5  	     339.4  	     338.0  	     338.2  	     348.5  	     339.9  	     
338.6  	     344.7  	     341.0  	     340.0  	     338.6  	     338.7  	     348.7  	     340.3  	     
339.2  	     345.1  	     341.6  	     340.7  	     339.1  	     339.3  	     348.8  	     340.9  	     
339.8  	     345.3  	     342.2  	     341.2  	     339.5  	     339.8  	     348.8  	     341.4  	     
340.3  	     345.6  	     342.6  	     341.7  	     339.9  	     340.2  	     349.0  	     341.8  	     
340.8  	     345.9  	     343.0  	     342.1  	     340.5  	     340.7  	     349.0  	     342.2  	     
341.4  	     346.3  	     343.4  	     342.7  	     340.9  	     340.9  	     349.3  	     342.7  	     
341.9  	     346.5  	     343.9  	     343.2  	     341.2  	     341.4  	     349.1  	     343.0  	     
342.3  	     346.7  	     344.2  	     343.6  	     341.7  	     341.8  	     349.2  	     343.6  	     
342.8  	     346.9  	     344.7  	     343.9  	     341.9  	     342.1  	     349.1  	     343.9  	     
343.3  	     347.1  	     345.0  	     344.2  	     342.3  	     342.6  	     349.2  	     344.3  	     
343.5  	     347.4  	     345.4  	     344.5  	     342.7  	     342.9  	     349.5  	     344.5  	     
343.8  	     347.4  	     345.5  	     344.7  	     342.9  	     342.9  	     349.3  	     344.7  	     
344.0  	     347.5  	     345.7  	     345.0  	     343.1  	     343.2  	     349.7  	     344.7  	     
344.3  	     347.6  	     346.0  	     345.3  	     343.4  	     343.6  	     349.5  	     345.2  	     
344.6  	     348.0  	     346.4  	     345.7  	     343.8  	     343.9  	     349.7  	     345.4  	     
345.0  	     348.2  	     346.7  	     346.0  	     344.0  	     344.2  	     349.5  	     345.8  	     
345.3  	     348.3  	     347.1  	     346.3  	     344.4  	     344.5  	     349.7  	     346.1  	     
345.7  	     348.6  	     347.2  	     346.4  	     344.7  	     344.8  	     349.7  	     346.3  	     
346.0  	     348.6  	     347.4  	     346.8  	     344.9  	     345.1  	     349.6  	     346.6  	     
346.2  	     348.9  	     347.6  	     346.9  	     345.1  	     345.3  	     349.5  	     346.7  	     
346.5  	     349.0  	     347.8  	     347.3  	     345.3  	     345.5  	     349.7  	     346.9  	     
346.8  	     349.0  	     348.0  	     347.6  	     345.6  	     345.7  	     349.6  	     347.1  	     
346.9  	     349.1  	     348.2  	     347.6  	     346.0  	     346.1  	     349.5  	     347.3  	     
347.2  	     349.3  	     348.4  	     347.9  	     346.1  	     346.2  	     349.7  	     347.5  	     
347.4  	     349.3  	     348.6  	     348.2  	     346.2  	     346.4  	     349.6  	     347.6  	     
347.6  	     349.5  	     348.8  	     348.1  	     346.4  	     346.7  	     349.5  	     347.8  	     
347.9  	     349.5  	     348.9  	     348.4  	     346.7  	     346.8  	     349.6  	     347.9  	     
348.1  	     349.7  	     348.9  	     348.5  	     346.8  	     347.0  	     349.7  	     347.9  	     
348.3  	     349.8  	     349.1  	     348.6  	     347.0  	     347.2  	     349.8  	     348.2  	     
348.4  	     349.7  	     349.2  	     348.9  	     347.1  	     347.3  	     349.6  	     348.3  	     
348.6  	     349.9  	     349.3  	     348.9  	     347.3  	     347.5  	     349.6  	     348.4  	     
348.6  	     350.0  	     349.4  	     349.1  	     347.5  	     347.6  	     349.7  	     348.6  	     
348.9  	     350.0  	     349.6  	     349.1  	     347.6  	     348.0  	     349.6  	     348.8  	     
349.0  	     350.1  	     349.7  	     349.3  	     347.9  	     348.1  	     350.0  	     348.8  	     
349.1  	     350.1  	     349.8  	     349.5  	     348.0  	     348.2  	     349.9  	     348.9  	     
349.2  	     350.1  	     349.9  	     349.6  	     348.1  	     348.3  	     349.9  	     349.1  	     
349.3  	     350.2  	     350.0  	     349.7  	     348.2  	     348.4  	     349.9  	     349.1  	     
349.5  	     350.3  	     350.0  	     349.7  	     348.3  	     348.5  	     350.0  	     349.3  	     
349.6  	     350.3  	     350.2  	     349.8  	     348.5  	     348.7  	     349.8  	     349.2  	     
349.7  	     350.3  	     350.2  	     350.0  	     348.5  	     348.8  	     349.9  	     349.3  	     
349.9  	     350.4  	     350.3  	     350.1  	     348.7  	     348.9  	     349.6  	     349.4  	     
350.0  	     350.3  	     350.3  	     350.0  	     348.7  	     349.0  	     349.8  	     349.5  	     
350.0  	     350.5  	     350.5  	     350.1  	     348.8  	     349.1  	     349.8  	     349.6  	     
350.1  	     350.5  	     350.7  	     350.3  	     349.0  	     349.2  	     349.8  	     349.5  	     
350.2  	     350.6  	     350.7  	     350.4  	     349.1  	     349.3  	     349.8  	     349.7  	     
350.3  	     350.5  	     350.8  	     350.4  	     349.2  	     349.5  	     349.7  	     349.6  	     
350.4  	     350.5  	     350.8  	     350.5  	     349.3  	     349.5  	     349.7  	     349.7  	     
350.4  	     350.6  	     350.8  	     350.5  	     349.4  	     349.6  	     349.6  	     349.8  	     
350.4  	     350.5  	     350.8  	     350.5  	     349.3  	     349.6  	     349.8  	     349.8  	     
350.4  	     350.5  	     350.9  	     350.5  	     349.4  	     349.7  	     349.8  	     349.8  	     
350.6  	     350.6  	     350.9  	     350.5  	     349.5  	     349.7  	     349.7  	     349.8  	     
350.6  	     350.5  	     350.9  	     350.6  	     349.5  	     349.8  	     349.7  	     349.9  	     
350.6  	     350.7  	     350.9  	     350.6  	     349.6  	     349.8  	     349.7  	     349.8  	     
350.7  	     350.8  	     351.0  	     350.7  	     349.6  	     349.9  	     349.8  	     349.9  	     
350.7  	     350.7  	     351.1  	     350.8  	     349.7  	     350.0  	     349.8  	     349.9  	     
350.7  	     350.8  	     351.1  	     350.8  	     349.8  	     350.0  	     349.7  	     350.0  	     
350.8  	     350.8  	     351.2  	     350.9  	     349.9  	     350.1  	     350.0  	     350.1  	     
350.8  	     350.7  	     351.2  	     350.8  	     349.8  	     350.0  	     349.8  	     350.0  	     
350.9  	     350.8  	     351.2  	     350.8  	     349.9  	     350.2  	     349.8  	     350.3  	     
350.9  	     350.8  	     351.2  	     350.8  	     349.9  	     350.2  	     349.9  	     350.2  	     
350.9  	     350.8  	     351.2  	     350.9  	     350.0  	     350.2  	     349.8  	     350.2  	     
351.0  	     350.8  	     351.2  	     350.9  	     350.0  	     350.2  	     349.8  	     350.3  	     
350.9  	     350.8  	     351.3  	     351.0  	     349.9  	     350.3  	     349.8  	     350.3  	     
350.9  	     350.9  	     351.3  	     351.0  	     350.0  	     350.1  	     349.9  	     350.2  	     
350.9  	     350.8  	     351.3  	     351.0  	     350.1  	     350.4  	     349.8  	     350.3  	     
350.9  	     350.8  	     351.2  	     351.0  	     350.1  	     350.3  	     349.7  	     350.3  	     
351.0  	     350.8  	     351.3  	     351.0  	     350.2  	     350.4  	     349.7  	     350.3  	     
351.1  	     350.8  	     351.3  	     351.1  	     350.3  	     350.6  	     349.8  	     350.4  	     
350.9  	     351.0  	     351.3  	     351.0  	     350.3  	     350.5  	     349.8  	     350.3  	     
351.1  	     350.8  	     351.5  	     351.1  	     350.3  	     350.6  	     349.8  	     350.3  	     
351.2  	     350.9  	     351.5  	     351.0  	     350.3  	     350.5  	     349.6  	     350.3  	     
350.9  	     350.8  	     351.5  	     351.1  	     350.3  	     350.5  	     349.6  	     350.3  	     
351.1  	     350.8  	     351.5  	     351.0  	     350.3  	     350.6  	     349.5  	     350.3  	     
351.1  	     350.8  	     351.5  	     351.1  	     350.4  	     350.7  	     349.7  	     350.3  	     
351.2  	     350.8  	     351.5  	     351.1  	     350.3  	     350.6  	     349.6  	     350.4  	     
351.0  	     350.8  	     351.5  	     351.0  	     350.3  	     350.6  	     349.6  	     350.4  	     
351.1  	     350.8  	     351.5  	     351.1  	     350.3  	     350.5  	     349.5  	     350.4  	     
351.1  	     350.8  	     351.5  	     351.0  	     350.3  	     350.5  	     349.6  	     350.3  	     
351.1  	     350.8  	     351.5  	     351.1  	     350.3  	     350.5  	     349.6  	     350.4  	     
351.2  	     350.8  	     351.5  	     351.1  	     350.4  	     350.5  	     349.5  	     350.4  	     
351.2  	     350.8  	     351.5  	     351.0  	     350.3  	     350.7  	     349.5  	     350.4  	     
351.2  	     350.8  	     351.5  	     351.0  	     350.4  	     350.7  	     349.7  	     350.4  	     
351.2  	     350.8  	     351.3  	     351.0  	     350.4  	     350.7  	     349.6  	     350.4  	     
351.2  	     350.7  	     351.3  	     351.0  	     350.5  	     350.7  	     349.6  	     350.4  	     
351.2  	     350.8  	     351.3  	     351.0  	     350.6  	     350.7  	     349.5  	     350.4  	     
351.1  	     350.8  	     351.5  	     351.0  	     350.5  	     350.4  	     349.5  	     350.3  	     
351.1  	     350.8  	     351.5  	     351.1  	     350.5  	     350.8  	     349.5  	     350.4  	     
351.1  	     350.8  	     351.5  	     350.9  	     350.5  	     350.7  	     349.5  	     350.3  	     
351.1  	     350.8  	     351.6  	     351.1  	     350.5  	     350.7  	     349.4  	     350.4  	     
351.1  	     350.8  	     351.6  	     351.0  	     350.6  	     350.7  	     349.5  	     350.3  	     
351.1  	     350.8  	     351.7  	     351.2  	     350.5  	     350.8  	     349.4  	     350.4  	     
351.0  	     350.8  	     351.6  	     351.2  	     350.5  	     350.7  	     349.3  	     350.3  	     
351.1  	     350.7  	     351.7  	     351.2  	     350.5  	     350.7  	     349.5  	     350.4  	     
351.3  	     350.8  	     351.5  	     351.2  	     350.5  	     350.7  	     349.4  	     350.2  	     
350.9  	     350.8  	     351.6  	     351.2  	     350.4  	     350.7  	     349.4  	     350.3  	     
351.3  	     350.8  	     351.2  	     351.2  	     350.6  	     350.8  	     349.4  	     350.4  	     
351.3  	     350.6  	     351.6  	     351.2  	     350.6  	     350.9  	     349.5  	     350.3  	     
351.2  	     350.8  	     351.9  	     351.2  	     350.6  	     350.8  	     349.3  	     350.5  	     
351.3  	     350.7  	     351.5  	     351.1  	     350.6  	     350.8  	     349.3  	     350.4  	     
351.3  	     350.7  	     351.5  	     351.0  	     350.7  	     350.8  	     349.3  	     350.4  	     
351.1  	     350.8  	     351.5  	     351.1  	     350.6  	     350.9  	     349.2  	     350.3  	     
351.2  	     350.8  	     351.5  	     351.0  	     350.6  	     350.8  	     349.4  	     350.3  	     
351.2  	     350.8  	     351.5  	     351.1  	     350.5  	     350.7  	     349.4  	     350.2  	     
351.2  	     350.7  	     351.5  	     351.0  	     350.6  	     350.7  	     349.5  	     350.3  	     
351.1  	     350.7  	     351.5  	     351.2  	     350.6  	     350.7  	     349.5  	     350.3  	     
351.2  	     350.7  	     351.6  	     351.0  	     350.6  	     350.8  	     349.4  	     350.3  	     
351.1  	     350.7  	     351.5  	     351.0  	     350.5  	     350.8  	     349.3  	     350.4  	     
351.2  	     350.7  	     351.5  	     350.9  	     350.6  	     350.7  	     349.4  	     350.3  	     
351.2  	     350.6  	     351.5  	     351.0  	     350.6  	     350.9  	     349.5  	     350.3  	     
351.1  	     350.6  	     351.5  	     351.0  	     350.5  	     351.0  	     349.5  	     350.3  	     
351.2  	     350.6  	     351.3  	     351.0  	     350.6  	     350.9  	     349.6  	     350.3  	     
351.2  	     350.6  	     351.8  	     351.1  	     350.6  	     350.7  	     349.5  	     350.2  	     
351.1  	     350.6  	     351.5  	     350.9  	     350.5  	     350.8  	     349.4  	     350.2  	     
351.1  	     350.6  	     351.2  	     351.1  	     350.5  	     350.7  	     349.2  	     350.1  	     
351.2  	     350.6  	     351.3  	     351.1  	     350.5  	     350.8  	     349.5  	     350.2  	     
351.1  	     350.6  	     351.5  	     351.0  	     350.6  	     350.9  	     349.1  	     350.2  	     
351.1  	     350.6  	     351.5  	     351.0  	     350.6  	     350.7  	     349.4  	     350.3  	     
351.0  	     350.7  	     351.5  	     351.0  	     350.6  	     350.7  	     349.4  	     350.3  	     
351.1  	     350.6  	     351.5  	     351.0  	     350.6  	     350.7  	     349.3  	     350.3  	     
351.1  	     350.6  	     351.2  	     351.0  	     350.5  	     350.8  	     349.4  	     350.3  	     
351.0  	     350.6  	     351.5  	     351.0  	     350.5  	     350.7  	     349.3  	     350.3  	     
351.0  	     350.5  	     351.5  	     351.0  	     350.6  	     350.8  	     349.5  	     350.2  	     
351.1  	     350.5  	     351.3  	     350.9  	     350.6  	     350.9  	     349.4  	     350.3  	     
350.9  	     350.5  	     351.3  	     351.0  	     350.7  	     350.9  	     349.4  	     350.3  	     
351.0  	     350.6  	     351.3  	     350.8  	     350.6  	     350.9  	     349.5  	     350.3  	     
351.0  	     350.5  	     351.2  	     351.0  	     350.7  	     350.8  	     349.4  	     350.2  	     
351.0  	     350.5  	     351.3  	     350.9  	     350.7  	     350.8  	     349.4  	     350.3  	     
351.0  	     350.6  	     351.5  	     351.1  	     350.6  	     350.8  	     349.5  	     350.2  	     
351.0  	     350.6  	     351.5  	     351.0  	     350.6  	     350.7  	     349.5  	     350.3  	     
350.9  	     350.6  	     351.5  	     351.0  	     350.6  	     350.8  	     349.5  	     350.2  	     
351.1  	     350.6  	     351.5  	     351.0  	     350.6  	     350.7  	     349.6  	     350.3  	     
351.1  	     350.6  	     351.5  	     351.0  	     350.6  	     350.9  	     349.5  	     350.3  	     
350.8  	     350.5  	     351.3  	     351.0  	     350.6  	     350.7  	     349.4  	     350.2  	     
351.0  	     350.6  	     351.5  	     351.0  	     350.6  	     350.7  	     349.6  	     350.2  	     
351.1  	     350.6  	     351.5  	     350.8  	     350.6  	     350.9  	     349.2  	     350.1  	     
351.0  	     350.3  	     351.2  	     350.9  	     350.5  	     350.9  	     348.9  	     350.2  	     
350.6  	     349.6  	     350.7  	     350.6  	     349.5  	     350.3  	     348.1  	     349.9  	     
350.1  	     348.5  	     350.2  	     350.0  	     348.6  	     349.5  	     347.2  	     349.4  	     
349.6  	     347.3  	     349.6  	     349.2  	     347.2  	     348.6  	     346.0  	     348.9  	     
348.8  	     346.2  	     348.8  	     348.4  	     346.0  	     347.3  	     344.6  	     348.3  	     
348.5  	     345.8  	     348.5  	     347.9  	     345.5  	     346.9  	     343.8  	     348.0  	     
348.1  	     345.1  	     348.0  	     347.5  	     344.8  	     346.3  	     343.1  	     347.7  	     
347.1  	     343.7  	     346.9  	     346.3  	     342.9  	     345.0  	     341.3  	     346.7  	     
345.9  	     342.1  	     345.8  	     344.9  	     341.4  	     343.4  	     339.0  	     345.8  	     
344.6  	     340.6  	     344.5  	     343.2  	     339.6  	     341.8  	     336.8  	     344.8  	     
343.1  	     338.8  	     343.1  	     341.7  	     337.5  	     340.0  	     334.1  	     343.7  	     
341.5  	     337.0  	     341.5  	     339.9  	     335.3  	     338.0  	     331.3  	     342.2  	     
339.9  	     334.8  	     340.1  	     338.1  	     333.1  	     335.7  	     328.2  	     340.9  	     
339.7  	     334.7  	     339.9  	     337.8  	     333.0  	     335.7  	     328.1  	     340.8  	     
337.8  	     332.5  	     338.1  	     335.7  	     330.5  	     333.5  	     324.6  	     339.3  	     
335.7  	     330.5  	     336.3  	     333.4  	     328.1  	     331.0  	     321.4  	     337.6  	     
333.9  	     328.0  	     334.2  	     331.0  	     325.5  	     328.5  	     317.6  	     335.6  	     
331.3  	     325.6  	     332.1  	     328.3  	     322.4  	     325.8  	     313.7  	     333.8  	     
328.7  	     322.9  	     329.9  	     325.8  	     319.7  	     322.8  	     309.9  	     331.9  	     
326.3  	     320.2  	     327.8  	     323.0  	     316.8  	     320.2  	     305.9  	     329.9  	     
323.3  	     317.5  	     325.3  	     320.2  	     313.9  	     317.2  	     301.9  	     327.6  	     
320.6  	     315.1  	     322.8  	     317.1  	     310.7  	     314.4  	     297.8  	     325.2  	     
318.0  	     312.3  	     320.5  	     314.2  	     307.8  	     311.3  	     294.1  	     323.1  	     
314.9  	     309.5  	     318.0  	     311.3  	     304.7  	     308.3  	     290.1  	     320.6  	     
311.8  	     307.0  	     315.3  	     308.1  	     301.4  	     305.0  	     285.9  	     318.0  	     
309.0  	     304.1  	     312.6  	     305.1  	     298.2  	     301.8  	     282.0  	     315.6  	     
305.8  	     301.1  	     310.0  	     302.1  	     295.5  	     298.7  	     278.1  	     312.9  	     
302.4  	     298.5  	     307.2  	     298.9  	     292.1  	     295.4  	     274.2  	     310.2  	     
299.4  	     295.8  	     304.6  	     295.8  	     289.0  	     292.4  	     269.9  	     307.5  	     
296.1  	     292.9  	     301.8  	     292.7  	     286.2  	     289.5  	     266.2  	     304.5  	     
293.1  	     290.3  	     298.9  	     289.4  	     283.2  	     286.3  	     262.6  	     301.6  	     
290.1  	     287.3  	     296.2  	     286.5  	     280.3  	     283.3  	     259.1  	     299.1  	     
286.8  	     284.5  	     293.2  	     283.3  	     277.4  	     280.2  	     255.4  	     296.4  	     
283.8  	     281.9  	     290.5  	     280.1  	     274.0  	     277.0  	     251.9  	     293.4  	     
281.1  	     279.4  	     287.6  	     277.2  	     271.8  	     274.3  	     248.5  	     290.6  	     
277.8  	     276.4  	     285.2  	     274.2  	     268.7  	     271.4  	     245.4  	     287.9  	     
274.8  	     273.8  	     282.5  	     271.3  	     265.7  	     268.3  	     242.4  	     284.9  	     
272.3  	     271.0  	     279.6  	     268.4  	     263.3  	     265.6  	     239.5  	     281.9  	     
269.2  	     268.5  	     276.9  	     265.5  	     261.2  	     263.3  	     236.2  	     279.3  	     
266.3  	     265.9  	     274.5  	     262.6  	     257.8  	     260.4  	     233.3  	     276.4  	     
263.3  	     263.4  	     271.7  	     259.6  	     255.4  	     257.4  	     230.4  	     273.6  	     
260.7  	     260.7  	     268.9  	     256.7  	     252.9  	     254.7  	     227.9  	     270.8  	     
257.8  	     258.1  	     266.1  	     254.0  	     249.7  	     252.1  	     224.8  	     268.1  	     
255.0  	     255.3  	     263.5  	     251.3  	     247.1  	     249.2  	     222.2  	     265.4  	     
252.3  	     252.9  	     261.0  	     248.5  	     244.9  	     246.8  	     219.8  	     262.5  	     
249.5  	     250.4  	     258.5  	     245.8  	     242.7  	     244.4  	     217.2  	     259.8  	     
247.1  	     247.7  	     256.0  	     243.2  	     240.1  	     242.0  	     214.6  	     257.0  	     
244.6  	     245.3  	     253.4  	     240.5  	     237.3  	     239.3  	     212.2  	     254.5  	     
241.9  	     242.8  	     250.7  	     237.9  	     235.1  	     236.8  	     210.0  	     251.8  	     
239.5  	     240.4  	     248.4  	     235.4  	     232.7  	     234.5  	     207.8  	     249.3  	     
236.8  	     238.2  	     245.8  	     232.9  	     230.5  	     232.0  	     205.5  	     246.7  	     
234.2  	     235.9  	     243.6  	     230.4  	     228.2  	     229.7  	     203.4  	     244.1  	     
231.6  	     233.4  	     240.9  	     228.0  	     226.1  	     227.6  	     201.3  	     241.5  	     
229.4  	     231.0  	     238.6  	     225.7  	     223.6  	     225.1  	     199.0  	     239.0  	     
227.2  	     228.8  	     236.3  	     223.4  	     221.6  	     223.0  	     197.1  	     236.6  	     
224.9  	     226.6  	     234.1  	     221.1  	     219.0  	     220.7  	     195.2  	     234.1  	     
222.6  	     224.5  	     231.9  	     218.9  	     217.3  	     218.8  	     193.2  	     231.7  	     
220.3  	     222.3  	     229.6  	     216.5  	     214.8  	     216.4  	     191.3  	     229.5  	     
218.0  	     220.2  	     227.3  	     214.5  	     213.0  	     214.3  	     189.4  	     226.9  	     
215.7  	     218.1  	     225.1  	     212.3  	     211.2  	     212.7  	     187.6  	     224.7  	     
213.7  	     216.0  	     222.9  	     210.2  	     209.2  	     210.5  	     185.9  	     222.5  	     
211.8  	     214.1  	     220.9  	     207.8  	     207.4  	     208.6  	     184.0  	     220.2  	     
209.5  	     211.8  	     218.7  	     205.9  	     205.2  	     206.5  	     182.3  	     218.0  	     
207.7  	     209.9  	     216.5  	     203.9  	     203.3  	     204.6  	     180.8  	     215.9  	     
205.6  	     208.0  	     214.6  	     201.9  	     201.2  	     202.5  	     179.1  	     213.6  	     
203.7  	     205.9  	     212.5  	     200.0  	     199.8  	     200.8  	     177.5  	     211.7  	     
201.9  	     204.1  	     210.6  	     198.1  	     197.9  	     199.0  	     175.8  	     209.5  	     
200.1  	     202.3  	     208.5  	     196.2  	     196.5  	     197.3  	     174.0  	     207.5  	     
197.9  	     200.4  	     206.7  	     194.4  	     194.8  	     195.5  	     173.0  	     205.6  	     
196.1  	     198.4  	     204.9  	     192.7  	     193.1  	     193.9  	     171.9  	     203.6  	     
194.2  	     196.7  	     202.9  	     190.8  	     191.4  	     192.1  	     170.3  	     201.7  	     
192.3  	     194.9  	     201.2  	     189.2  	     189.3  	     190.4  	     169.1  	     199.6  	     
190.6  	     193.1  	     199.3  	     187.4  	     187.8  	     188.7  	     167.6  	     197.8  	     
189.0  	     191.3  	     197.4  	     185.8  	     186.2  	     187.1  	     166.3  	     196.0  	     
187.5  	     189.7  	     195.8  	     184.0  	     184.7  	     185.7  	     165.2  	     194.3  	     
185.9  	     188.1  	     194.0  	     182.6  	     183.3  	     184.0  	     163.6  	     192.5  	     
184.3  	     186.3  	     192.3  	     180.9  	     181.8  	     182.5  	     162.4  	     190.6  	     
182.6  	     184.6  	     190.7  	     179.3  	     179.9  	     180.9  	     161.2  	     188.9  	     
181.1  	     183.0  	     188.9  	     177.7  	     178.5  	     179.3  	     160.0  	     187.5  	     
179.7  	     181.4  	     187.3  	     176.2  	     177.2  	     178.1  	     158.9  	     185.5  	     
178.2  	     179.9  	     185.7  	     174.9  	     176.1  	     176.6  	     157.8  	     184.0  	     
176.6  	     178.4  	     184.2  	     173.4  	     174.8  	     175.5  	     156.7  	     182.6  	     
175.0  	     177.0  	     182.5  	     172.0  	     173.3  	     173.8  	     155.3  	     181.0  	     
173.7  	     175.4  	     181.0  	     170.7  	     171.9  	     172.5  	     154.6  	     179.5  	     
172.4  	     174.2  	     179.7  	     169.1  	     170.7  	     171.2  	     153.6  	     178.0  	     
171.0  	     172.8  	     178.0  	     167.9  	     169.5  	     170.0  	     152.4  	     176.5  	     
170.6  	     171.8  	     177.5  	     167.5  	     169.0  	     169.6  	     152.3  	     176.0  	     
169.6  	     171.5  	     176.6  	     166.5  	     167.9  	     168.6  	     151.1  	     174.9  	     
168.3  	     169.9  	     175.1  	     165.1  	     166.6  	     167.3  	     150.5  	     173.6  	     
167.0  	     168.7  	     173.6  	     164.0  	     165.4  	     166.0  	     149.4  	     172.3  	     
165.8  	     167.5  	     172.1  	     162.8  	     164.5  	     164.9  	     148.4  	     170.8  	     
164.5  	     166.3  	     171.0  	     161.7  	     163.1  	     163.6  	     147.5  	     169.4  	     
163.2  	     165.0  	     169.7  	     160.5  	     161.7  	     162.3  	     146.8  	     168.2  	     
162.1  	     163.7  	     168.3  	     159.3  	     160.9  	     161.4  	     145.9  	     166.8  	     
161.0  	     162.4  	     167.0  	     158.2  	     159.8  	     160.3  	     145.0  	     165.6  	     
159.9  	     161.3  	     165.7  	     157.1  	     158.6  	     158.9  	     143.4  	     164.8  	     
158.7  	     160.1  	     164.5  	     155.9  	     157.5  	     158.0  	     143.1  	     163.4  	     
157.7  	     159.0  	     163.3  	     154.6  	     156.7  	     157.0  	     142.5  	     162.3  	     
156.6  	     157.8  	     162.1  	     153.8  	     155.9  	     156.1  	     141.6  	     161.0  	     
155.6  	     156.7  	     160.8  	     152.7  	     154.6  	     155.1  	     140.9  	     160.0  	     
154.6  	     155.7  	     159.6  	     151.7  	     153.7  	     154.0  	     140.0  	     158.8  	     
153.4  	     154.6  	     158.4  	     150.6  	     152.9  	     153.2  	     139.2  	     157.6  	     
152.5  	     153.5  	     157.3  	     149.6  	     151.7  	     151.9  	     138.6  	     156.4  	     
151.5  	     152.5  	     156.4  	     148.7  	     150.7  	     151.0  	     137.9  	     155.4  	     
150.6  	     151.5  	     155.1  	     147.8  	     149.7  	     150.1  	     137.2  	     154.3  	     
149.6  	     150.6  	     153.9  	     146.8  	     148.7  	     149.1  	     136.5  	     153.3  	     
148.7  	     149.5  	     152.9  	     145.9  	     147.9  	     148.4  	     135.6  	     152.0  	     
147.8  	     148.6  	     151.9  	     145.1  	     147.1  	     147.4  	     135.1  	     151.1  	     
146.9  	     147.8  	     150.9  	     144.2  	     146.2  	     146.6  	     134.2  	     150.3  	     
146.1  	     146.8  	     150.0  	     143.4  	     145.4  	     145.8  	     133.7  	     149.2  	     
145.1  	     145.9  	     149.0  	     142.5  	     144.5  	     144.7  	     133.1  	     148.3  	     
144.4  	     145.1  	     148.2  	     141.7  	     143.9  	     144.2  	     132.6  	     147.4  	     
143.5  	     144.3  	     147.1  	     140.8  	     143.4  	     143.5  	     131.9  	     146.5  	     
143.1  	     143.8  	     146.6  	     140.5  	     142.7  	     143.0  	     131.3  	     146.1  	     
142.6  	     143.4  	     146.1  	     140.1  	     142.2  	     142.5  	     131.2  	     145.7  	     
141.7  	     142.1  	     144.9  	     138.9  	     141.2  	     141.4  	     130.3  	     144.5  	     
140.5  	     141.0  	     144.0  	     138.1  	     140.2  	     140.6  	     131.6  	     143.5  	     
139.7  	     139.9  	     143.1  	     137.0  	     139.2  	     139.5  	     128.3  	     142.6  	     
138.8  	     139.1  	     142.4  	     136.2  	     138.3  	     138.6  	     127.2  	     141.6  	     
138.2  	     138.1  	     141.5  	     135.2  	     137.4  	     137.8  	     126.4  	     140.8  	     
137.3  	     137.3  	     140.6  	     134.4  	     136.9  	     136.9  	     125.2  	     139.9  	     
136.7  	     136.7  	     139.7  	     133.6  	     136.0  	     136.2  	     124.7  	     139.3  	     
136.0  	     135.9  	     139.1  	     132.8  	     135.5  	     135.6  	     123.7  	     138.7  	     
135.4  	     135.1  	     138.3  	     132.0  	     135.0  	     135.0  	     122.8  	     138.0  	     
135.0  	     134.5  	     137.6  	     131.5  	     134.6  	     134.4  	     122.3  	     137.5  	     
134.5  	     134.0  	     137.0  	     130.8  	     134.2  	     133.9  	     121.9  	     137.1  	     
134.1  	     133.7  	     136.4  	     130.3  	     133.8  	     133.5  	     121.4  	     136.5  	     
133.7  	     133.2  	     135.9  	     129.8  	     133.5  	     133.2  	     121.1  	     136.3  	     
133.4  	     133.2  	     135.6  	     129.6  	     133.6  	     133.1  	     120.8  	     136.1  	     