
G32-PTC2  	G32-PTC4  	G32-PTC16  	G32-PTC17  	G32-PTC33  	G32-PTC37  	G32-PTC38  	G32-PTC39  	
Deg.F  	     Deg.F  	     Deg.F  	     Deg.F  	     Deg.F  	     Deg.F  	     Deg.F  	     Deg.F  	     
77.6  	     78.0  	     85.8  	     84.9  	     82.7  	     80.6  	     81.0  	     81.2  	     
77.6  	     78.0  	     85.8  	     84.9  	     82.7  	     80.6  	     81.0  	     81.2  	     
77.6  	     78.0  	     85.8  	     84.9  	     82.7  	     80.6  	     81.0  	     81.2  	     
77.6  	     78.0  	     85.8  	     84.9  	     82.7  	     80.6  	     81.0  	     81.2  	     
77.5  	     78.1  	     86.0  	     84.9  	     83.0  	     80.8  	     81.0  	     81.4  	     
77.8  	     78.4  	     86.1  	     85.1  	     83.3  	     81.0  	     81.5  	     81.9  	     
78.1  	     78.7  	     86.6  	     85.4  	     84.4  	     80.9  	     81.9  	     82.5  	     
78.3  	     79.4  	     86.7  	     86.2  	     85.5  	     81.9  	     83.0  	     83.8  	     
78.1  	     79.8  	     87.7  	     86.6  	     86.9  	     82.4  	     84.4  	     85.1  	     
79.0  	     80.3  	     88.9  	     87.5  	     89.1  	     83.1  	     86.2  	     86.6  	     
79.8  	     80.6  	     89.8  	     88.5  	     91.3  	     83.7  	     87.8  	     0.0  	     
79.8  	     80.8  	     90.0  	     88.8  	     91.5  	     83.9  	     87.9  	     88.6  	     
81.0  	     81.8  	     91.4  	     90.2  	     94.7  	     84.9  	     89.9  	     0.0  	     
82.1  	     82.7  	     93.3  	     92.1  	     98.2  	     86.3  	     92.5  	     93.3  	     
83.5  	     84.0  	     95.4  	     94.2  	     102.0  	     87.8  	     95.3  	     96.7  	     
85.2  	     86.0  	     97.8  	     96.5  	     106.1  	     89.4  	     98.0  	     100.0  	     
87.0  	     87.1  	     100.1  	     98.9  	     110.1  	     91.2  	     101.1  	     102.9  	     
88.5  	     88.6  	     102.8  	     101.8  	     114.7  	     93.4  	     104.2  	     106.5  	     
90.6  	     90.5  	     106.0  	     104.8  	     119.4  	     95.6  	     107.9  	     110.5  	     
92.7  	     92.8  	     109.3  	     108.1  	     124.1  	     97.8  	     111.4  	     114.7  	     
95.1  	     94.8  	     112.7  	     111.6  	     129.2  	     100.5  	     115.1  	     118.6  	     
97.6  	     96.9  	     116.4  	     115.2  	     134.4  	     103.3  	     119.0  	     122.7  	     
100.5  	     99.5  	     120.0  	     119.2  	     139.4  	     106.3  	     123.3  	     126.2  	     
103.2  	     101.9  	     124.0  	     123.2  	     144.8  	     109.1  	     127.5  	     130.8  	     
105.8  	     104.7  	     127.9  	     127.2  	     149.9  	     112.4  	     131.8  	     134.5  	     
108.9  	     107.4  	     132.2  	     131.4  	     155.3  	     115.9  	     136.1  	     139.2  	     
111.7  	     110.3  	     136.0  	     135.3  	     160.5  	     119.2  	     140.3  	     143.4  	     
115.0  	     113.4  	     140.3  	     139.5  	     165.7  	     122.9  	     144.8  	     148.7  	     
118.4  	     116.7  	     144.3  	     143.7  	     171.4  	     126.6  	     149.6  	     152.7  	     
121.6  	     119.7  	     148.9  	     148.4  	     176.3  	     130.8  	     154.4  	     157.5  	     
125.6  	     123.2  	     153.1  	     152.9  	     181.4  	     134.3  	     158.5  	     162.5  	     
128.7  	     126.7  	     158.0  	     157.4  	     186.3  	     138.5  	     163.7  	     167.3  	     
132.6  	     130.4  	     162.6  	     161.9  	     192.0  	     142.5  	     168.3  	     171.9  	     
136.7  	     134.4  	     167.1  	     166.5  	     197.3  	     146.6  	     173.4  	     176.4  	     
140.6  	     138.2  	     171.7  	     171.3  	     202.7  	     151.6  	     178.3  	     182.7  	     
144.7  	     142.1  	     176.4  	     175.8  	     208.0  	     155.6  	     182.9  	     187.8  	     
148.5  	     146.3  	     181.3  	     180.5  	     212.7  	     159.4  	     188.4  	     192.7  	     
152.7  	     149.6  	     185.5  	     185.4  	     218.3  	     164.5  	     192.4  	     197.9  	     
156.4  	     154.0  	     190.5  	     189.9  	     223.7  	     168.5  	     197.5  	     202.4  	     
160.8  	     158.2  	     195.0  	     194.3  	     228.4  	     173.1  	     201.9  	     207.5  	     
164.9  	     161.9  	     199.7  	     199.4  	     233.3  	     177.6  	     207.0  	     212.0  	     
169.1  	     165.9  	     204.6  	     204.1  	     238.6  	     182.2  	     211.6  	     217.4  	     
173.3  	     170.2  	     209.2  	     208.4  	     243.6  	     187.2  	     216.6  	     221.9  	     
177.1  	     175.3  	     213.5  	     212.8  	     248.9  	     192.0  	     221.4  	     227.0  	     
181.9  	     179.5  	     218.6  	     217.8  	     254.2  	     196.2  	     226.4  	     231.7  	     
186.6  	     183.8  	     223.2  	     222.8  	     259.1  	     200.9  	     230.8  	     236.4  	     
189.4  	     189.5  	     227.8  	     227.4  	     264.7  	     205.9  	     236.3  	     241.8  	     
197.2  	     195.7  	     232.9  	     232.2  	     269.4  	     210.8  	     241.1  	     246.6  	     
198.8  	     194.9  	     237.9  	     237.3  	     274.4  	     216.2  	     246.3  	     251.6  	     
203.0  	     203.1  	     243.5  	     242.8  	     279.2  	     220.3  	     250.9  	     256.3  	     
211.9  	     210.7  	     248.1  	     247.4  	     284.4  	     225.4  	     255.9  	     261.2  	     
215.8  	     213.3  	     253.3  	     252.3  	     289.2  	     229.9  	     260.8  	     266.6  	     
220.6  	     218.1  	     257.8  	     257.2  	     294.4  	     235.5  	     265.8  	     270.9  	     
225.2  	     222.9  	     263.0  	     262.0  	     299.5  	     240.3  	     271.0  	     276.0  	     
228.7  	     226.2  	     267.8  	     267.1  	     304.5  	     245.3  	     276.4  	     281.0  	     
233.6  	     231.1  	     272.5  	     271.7  	     308.8  	     250.3  	     281.3  	     285.9  	     
238.5  	     235.7  	     277.0  	     276.2  	     312.3  	     254.7  	     285.6  	     289.4  	     
243.2  	     240.3  	     281.0  	     280.1  	     315.0  	     259.2  	     288.6  	     292.2  	     
247.4  	     244.7  	     284.6  	     284.0  	     317.3  	     263.1  	     291.6  	     295.0  	     
251.3  	     249.0  	     287.8  	     287.2  	     319.7  	     267.0  	     294.4  	     297.7  	     
255.5  	     253.1  	     290.9  	     290.3  	     321.5  	     271.0  	     297.2  	     300.2  	     
259.4  	     257.0  	     294.0  	     293.2  	     323.1  	     274.4  	     299.6  	     302.5  	     
263.0  	     260.4  	     296.6  	     296.2  	     324.6  	     277.7  	     301.5  	     304.8  	     
266.6  	     264.0  	     299.1  	     298.6  	     325.5  	     281.2  	     303.6  	     306.7  	     
270.3  	     267.8  	     301.0  	     300.5  	     326.4  	     283.9  	     305.0  	     307.9  	     
273.9  	     271.0  	     303.1  	     302.4  	     326.9  	     286.7  	     306.4  	     309.1  	     
276.8  	     274.1  	     304.8  	     304.3  	     327.4  	     289.3  	     307.9  	     310.4  	     
279.8  	     277.2  	     306.7  	     306.2  	     328.1  	     291.6  	     309.1  	     311.8  	     
282.7  	     280.0  	     308.2  	     307.7  	     328.5  	     293.8  	     310.4  	     313.0  	     
285.6  	     282.4  	     309.9  	     309.2  	     329.0  	     296.2  	     311.9  	     314.4  	     
288.3  	     285.0  	     311.2  	     310.5  	     329.3  	     298.0  	     313.0  	     315.7  	     
291.0  	     287.6  	     312.3  	     311.7  	     329.3  	     299.9  	     313.9  	     316.2  	     
293.4  	     289.8  	     313.3  	     312.7  	     329.0  	     301.6  	     314.4  	     316.6  	     
293.5  	     290.0  	     313.4  	     312.7  	     329.1  	     301.7  	     314.4  	     316.7  	     
295.4  	     291.7  	     314.2  	     313.6  	     329.0  	     303.2  	     315.2  	     317.4  	     
297.4  	     294.0  	     315.0  	     314.7  	     329.5  	     304.8  	     316.0  	     318.7  	     
299.4  	     296.2  	     316.9  	     315.8  	     330.8  	     306.6  	     318.1  	     320.2  	     
301.8  	     298.4  	     318.2  	     317.4  	     332.1  	     308.8  	     319.9  	     322.5  	     
303.9  	     300.7  	     320.1  	     319.2  	     334.2  	     310.9  	     322.6  	     325.2  	     
306.3  	     302.8  	     321.9  	     321.0  	     336.6  	     312.9  	     325.5  	     328.0  	     
308.9  	     305.1  	     323.9  	     323.0  	     338.6  	     315.1  	     327.9  	     330.4  	     
311.4  	     307.3  	     326.2  	     325.2  	     340.7  	     317.0  	     330.1  	     332.6  	     
313.9  	     309.6  	     328.2  	     327.1  	     342.5  	     319.0  	     332.0  	     334.6  	     
316.4  	     311.8  	     329.7  	     328.8  	     344.2  	     321.1  	     333.7  	     336.4  	     
318.6  	     314.3  	     331.5  	     330.6  	     346.1  	     322.8  	     335.7  	     337.9  	     
320.9  	     316.3  	     333.2  	     332.2  	     347.2  	     324.6  	     337.1  	     339.4  	     
323.0  	     318.4  	     334.6  	     333.6  	     348.2  	     326.2  	     338.4  	     340.6  	     
324.9  	     320.4  	     335.9  	     335.0  	     348.8  	     327.8  	     339.1  	     341.1  	     
326.6  	     322.5  	     337.0  	     336.2  	     349.4  	     329.3  	     339.9  	     341.8  	     
328.4  	     324.1  	     338.3  	     337.3  	     349.8  	     330.8  	     340.8  	     342.9  	     
330.1  	     325.9  	     339.3  	     338.4  	     350.4  	     332.0  	     341.5  	     343.7  	     
331.7  	     327.6  	     340.2  	     339.3  	     350.9  	     333.3  	     342.4  	     344.6  	     
333.3  	     329.1  	     341.1  	     340.2  	     351.3  	     334.3  	     343.1  	     345.2  	     
334.7  	     330.5  	     341.7  	     341.0  	     351.3  	     335.4  	     343.5  	     345.6  	     
335.9  	     332.0  	     342.7  	     341.6  	     351.5  	     336.4  	     343.9  	     346.1  	     
337.1  	     333.6  	     343.4  	     342.3  	     351.6  	     337.3  	     344.4  	     346.4  	     
338.2  	     334.7  	     343.9  	     342.8  	     351.8  	     338.2  	     344.9  	     347.1  	     
339.3  	     335.6  	     344.4  	     343.5  	     352.1  	     339.1  	     345.4  	     347.6  	     
340.4  	     336.8  	     345.0  	     344.0  	     352.2  	     339.7  	     346.0  	     348.1  	     
341.4  	     337.7  	     345.6  	     344.5  	     352.5  	     340.7  	     346.4  	     348.6  	     
342.2  	     338.7  	     346.0  	     345.1  	     352.5  	     341.3  	     346.7  	     348.9  	     
342.9  	     339.7  	     346.3  	     345.4  	     352.6  	     342.0  	     347.0  	     349.3  	     
343.5  	     340.3  	     346.5  	     345.7  	     352.7  	     342.1  	     347.2  	     349.3  	     
343.9  	     340.6  	     346.7  	     345.9  	     352.8  	     342.4  	     347.2  	     349.5  	     
344.5  	     341.4  	     347.3  	     346.4  	     352.8  	     343.1  	     347.5  	     349.7  	     
345.2  	     342.0  	     347.7  	     346.7  	     353.0  	     343.6  	     347.9  	     350.2  	     
345.7  	     342.8  	     348.0  	     347.1  	     352.9  	     344.1  	     348.1  	     350.5  	     
346.3  	     343.4  	     348.4  	     347.3  	     353.0  	     344.4  	     348.2  	     350.7  	     
346.9  	     343.9  	     348.5  	     347.5  	     353.0  	     345.0  	     348.5  	     350.7  	     
347.3  	     344.4  	     348.7  	     347.9  	     352.9  	     345.3  	     348.7  	     351.0  	     
347.8  	     345.0  	     349.1  	     348.1  	     353.1  	     345.8  	     349.0  	     351.2  	     
348.2  	     345.4  	     349.3  	     348.3  	     353.1  	     346.1  	     349.2  	     351.5  	     
348.7  	     345.9  	     349.5  	     348.6  	     353.1  	     346.5  	     349.4  	     351.7  	     
348.9  	     346.5  	     349.7  	     348.8  	     353.3  	     346.9  	     349.6  	     352.0  	     
349.4  	     346.6  	     350.0  	     349.0  	     353.3  	     347.1  	     349.8  	     352.1  	     
349.7  	     347.1  	     350.1  	     349.2  	     353.3  	     347.3  	     350.0  	     352.3  	     
350.0  	     347.5  	     350.2  	     349.5  	     353.3  	     347.5  	     349.9  	     352.3  	     
350.4  	     347.8  	     350.4  	     349.5  	     353.2  	     347.8  	     350.0  	     352.4  	     
350.7  	     348.0  	     350.6  	     349.7  	     353.3  	     348.0  	     350.3  	     352.6  	     
350.8  	     348.2  	     350.9  	     349.7  	     353.4  	     348.2  	     350.4  	     352.9  	     
351.0  	     348.3  	     350.7  	     349.9  	     353.1  	     348.3  	     350.4  	     352.6  	     
351.2  	     348.6  	     350.9  	     349.9  	     353.0  	     348.6  	     350.3  	     352.7  	     
351.3  	     348.8  	     350.9  	     350.0  	     352.8  	     348.7  	     350.4  	     352.6  	     
351.3  	     349.0  	     351.0  	     350.0  	     352.9  	     348.7  	     350.5  	     352.8  	     
351.5  	     349.0  	     351.0  	     350.1  	     352.9  	     348.9  	     350.6  	     352.9  	     
351.6  	     349.3  	     351.0  	     350.1  	     352.9  	     349.2  	     350.7  	     353.2  	     
351.9  	     349.3  	     351.0  	     350.1  	     352.9  	     349.2  	     350.8  	     353.2  	     
351.9  	     349.5  	     351.0  	     350.2  	     352.7  	     349.2  	     350.6  	     353.0  	     
352.0  	     349.5  	     351.1  	     350.0  	     352.6  	     349.3  	     350.5  	     352.9  	     
352.1  	     349.8  	     351.1  	     350.2  	     352.7  	     349.4  	     350.6  	     353.0  	     
352.4  	     349.8  	     351.1  	     350.2  	     352.8  	     349.5  	     350.8  	     353.2  	     
352.2  	     350.0  	     351.3  	     350.3  	     352.8  	     349.6  	     350.9  	     353.3  	     
352.3  	     350.0  	     351.2  	     350.4  	     352.8  	     349.7  	     350.9  	     353.6  	     
352.5  	     350.1  	     351.3  	     350.3  	     352.8  	     349.7  	     351.1  	     353.2  	     
352.5  	     350.2  	     351.3  	     350.4  	     352.7  	     349.8  	     350.9  	     353.4  	     
352.7  	     350.2  	     351.3  	     350.5  	     352.8  	     350.0  	     351.1  	     353.5  	     
352.5  	     350.3  	     351.4  	     350.6  	     352.9  	     350.0  	     351.2  	     353.6  	     
352.7  	     350.4  	     351.6  	     350.6  	     353.1  	     350.1  	     351.3  	     353.9  	     
352.6  	     350.4  	     351.5  	     350.7  	     353.0  	     350.2  	     351.4  	     353.7  	     
352.9  	     350.3  	     351.5  	     350.7  	     352.9  	     350.1  	     351.3  	     353.7  	     
352.8  	     350.6  	     351.5  	     350.7  	     352.6  	     350.2  	     351.2  	     353.5  	     
352.7  	     350.6  	     351.6  	     350.7  	     352.8  	     350.3  	     351.2  	     353.6  	     
352.9  	     350.5  	     351.6  	     350.7  	     352.8  	     350.2  	     351.3  	     353.6  	     
352.9  	     350.7  	     351.6  	     350.7  	     352.9  	     350.3  	     351.3  	     353.8  	     
352.7  	     350.8  	     351.6  	     350.8  	     352.9  	     350.2  	     351.4  	     353.8  	     
353.0  	     350.6  	     351.6  	     350.7  	     352.6  	     350.2  	     351.3  	     353.5  	     
353.1  	     350.7  	     351.6  	     350.9  	     352.7  	     350.2  	     351.1  	     353.6  	     
353.0  	     350.7  	     351.6  	     350.7  	     352.6  	     350.4  	     351.1  	     353.6  	     
353.0  	     350.8  	     351.7  	     350.8  	     352.8  	     350.4  	     351.3  	     353.7  	     
352.9  	     350.7  	     351.7  	     350.9  	     352.9  	     350.4  	     351.4  	     353.8  	     
353.0  	     350.8  	     351.6  	     350.7  	     352.6  	     350.3  	     351.5  	     353.6  	     
353.1  	     350.9  	     351.6  	     350.7  	     352.5  	     350.4  	     351.1  	     353.3  	     
353.0  	     350.8  	     351.4  	     350.5  	     352.3  	     350.4  	     351.0  	     353.4  	     
353.0  	     350.9  	     351.5  	     350.5  	     352.3  	     350.3  	     351.1  	     353.5  	     
352.9  	     350.9  	     351.5  	     350.6  	     352.5  	     350.4  	     351.2  	     353.6  	     
352.9  	     350.8  	     351.5  	     350.7  	     352.6  	     350.4  	     351.3  	     353.6  	     
352.8  	     350.8  	     351.6  	     350.6  	     352.7  	     350.4  	     351.4  	     353.8  	     
352.9  	     350.9  	     351.6  	     350.8  	     352.8  	     350.5  	     351.4  	     353.8  	     
353.0  	     350.7  	     351.6  	     350.7  	     352.9  	     350.7  	     351.6  	     354.1  	     
353.1  	     350.8  	     351.6  	     350.9  	     353.1  	     350.8  	     351.8  	     354.3  	     
353.1  	     350.9  	     351.6  	     350.8  	     352.9  	     350.7  	     351.8  	     354.1  	     
353.2  	     350.9  	     351.5  	     350.7  	     352.7  	     350.7  	     351.4  	     353.7  	     
353.1  	     351.0  	     351.5  	     350.8  	     352.6  	     350.7  	     351.3  	     353.6  	     
353.0  	     351.0  	     351.6  	     350.7  	     352.5  	     350.6  	     351.2  	     353.6  	     
353.0  	     350.9  	     351.6  	     350.7  	     352.6  	     350.7  	     351.4  	     353.7  	     
353.1  	     351.0  	     351.6  	     350.8  	     352.7  	     350.8  	     351.5  	     353.9  	     
352.9  	     350.9  	     351.7  	     350.8  	     352.8  	     350.6  	     351.6  	     354.0  	     
352.9  	     351.0  	     351.6  	     350.9  	     352.9  	     350.8  	     351.6  	     354.0  	     
353.1  	     350.9  	     351.7  	     350.9  	     352.8  	     350.7  	     351.7  	     354.0  	     
353.1  	     350.9  	     351.8  	     350.9  	     352.9  	     350.9  	     351.8  	     354.0  	     
353.0  	     350.9  	     351.8  	     350.9  	     353.0  	     350.9  	     351.8  	     354.3  	     
353.2  	     351.0  	     351.8  	     351.0  	     353.1  	     351.0  	     351.8  	     354.4  	     
353.1  	     351.1  	     352.0  	     351.0  	     353.2  	     351.0  	     351.9  	     354.5  	     
353.2  	     351.1  	     351.9  	     351.0  	     353.1  	     351.1  	     352.0  	     354.5  	     
353.3  	     351.3  	     352.0  	     351.2  	     353.3  	     351.0  	     352.0  	     354.5  	     
353.3  	     351.2  	     352.1  	     351.2  	     353.2  	     350.9  	     352.0  	     354.4  	     
353.2  	     351.1  	     351.8  	     351.1  	     352.8  	     350.9  	     351.6  	     354.0  	     
353.3  	     351.1  	     351.8  	     351.0  	     352.8  	     350.9  	     351.4  	     353.7  	     
353.2  	     351.1  	     351.7  	     350.8  	     352.7  	     350.9  	     351.3  	     353.7  	     
353.1  	     351.2  	     351.7  	     350.8  	     352.7  	     350.8  	     351.4  	     353.7  	     
353.0  	     351.1  	     351.8  	     350.7  	     352.8  	     350.9  	     351.5  	     353.8  	     
353.2  	     351.1  	     351.7  	     350.9  	     352.9  	     350.9  	     351.6  	     353.9  	     
353.1  	     351.0  	     351.8  	     350.9  	     352.9  	     350.9  	     351.6  	     354.1  	     
353.1  	     351.1  	     351.8  	     350.9  	     352.9  	     350.8  	     351.7  	     354.1  	     
353.2  	     351.1  	     351.8  	     350.8  	     352.5  	     350.6  	     351.5  	     353.8  	     
353.1  	     351.2  	     351.7  	     350.8  	     352.4  	     350.8  	     351.1  	     353.6  	     
353.1  	     351.1  	     351.5  	     350.8  	     352.3  	     350.8  	     351.3  	     353.5  	     
353.0  	     351.1  	     351.6  	     350.8  	     352.5  	     350.8  	     351.2  	     353.6  	     
353.0  	     351.2  	     351.6  	     350.8  	     352.5  	     350.8  	     351.3  	     353.8  	     
353.1  	     351.1  	     351.6  	     350.8  	     352.4  	     350.6  	     351.4  	     353.7  	     
353.1  	     351.0  	     351.6  	     350.7  	     352.3  	     350.6  	     351.2  	     353.5  	     
353.0  	     351.0  	     351.5  	     350.7  	     352.2  	     350.6  	     351.1  	     353.4  	     
352.9  	     351.0  	     351.4  	     350.6  	     352.2  	     350.7  	     351.2  	     353.5  	     
353.1  	     351.1  	     351.5  	     350.5  	     352.4  	     350.6  	     351.3  	     353.6  	     
352.7  	     350.9  	     351.4  	     350.7  	     352.5  	     350.6  	     351.5  	     353.8  	     
352.9  	     350.9  	     351.4  	     350.6  	     352.2  	     350.6  	     351.2  	     353.6  	     
352.9  	     350.8  	     351.3  	     350.4  	     352.1  	     350.6  	     351.0  	     353.2  	     
352.9  	     351.0  	     351.3  	     350.4  	     352.0  	     350.6  	     350.9  	     353.3  	     
352.9  	     350.9  	     351.2  	     350.3  	     352.1  	     350.5  	     351.1  	     353.4  	     
352.8  	     350.9  	     351.4  	     350.4  	     352.3  	     350.6  	     351.2  	     353.6  	     
352.8  	     350.7  	     351.4  	     350.4  	     352.4  	     350.7  	     351.3  	     353.7  	     
352.8  	     350.9  	     351.3  	     350.6  	     352.5  	     350.5  	     351.3  	     353.6  	     
352.8  	     350.9  	     351.4  	     350.5  	     352.4  	     350.6  	     351.4  	     353.6  	     
352.8  	     350.8  	     351.5  	     350.5  	     352.6  	     350.8  	     351.4  	     353.7  	     
352.8  	     350.8  	     351.4  	     350.5  	     352.8  	     350.8  	     351.6  	     353.9  	     
352.9  	     350.8  	     351.5  	     350.5  	     352.7  	     350.7  	     351.5  	     353.9  	     
352.9  	     350.8  	     351.4  	     350.5  	     352.4  	     350.5  	     351.3  	     353.4  	     
352.9  	     350.9  	     351.3  	     350.4  	     352.2  	     350.6  	     351.1  	     353.3  	     
352.7  	     350.9  	     351.3  	     350.4  	     352.2  	     350.6  	     351.1  	     353.4  	     
352.6  	     350.7  	     351.4  	     350.4  	     352.3  	     350.7  	     351.3  	     353.5  	     
352.5  	     350.8  	     351.3  	     350.4  	     352.5  	     350.6  	     351.3  	     353.7  	     
352.8  	     350.7  	     351.3  	     350.4  	     352.4  	     350.5  	     351.3  	     353.6  	     
352.8  	     350.8  	     351.2  	     350.5  	     352.2  	     350.3  	     351.0  	     353.1  	     
352.7  	     350.6  	     351.2  	     350.2  	     352.0  	     350.5  	     350.7  	     353.0  	     
352.5  	     350.7  	     351.1  	     350.3  	     352.0  	     350.5  	     350.7  	     353.1  	     
352.5  	     350.7  	     351.1  	     350.2  	     352.1  	     350.4  	     350.9  	     353.3  	     
352.4  	     350.6  	     351.1  	     350.3  	     352.1  	     350.4  	     351.0  	     353.3  	     
352.5  	     350.5  	     351.2  	     350.3  	     352.1  	     350.2  	     351.1  	     353.4  	     
352.5  	     350.5  	     351.0  	     350.2  	     351.9  	     350.2  	     350.7  	     352.9  	     
352.5  	     350.6  	     351.0  	     350.1  	     351.8  	     350.2  	     350.4  	     352.7  	     
352.4  	     350.6  	     350.9  	     350.0  	     351.7  	     350.2  	     350.5  	     352.8  	     
352.3  	     350.6  	     351.0  	     350.0  	     352.0  	     350.3  	     350.9  	     353.2  	     
352.5  	     350.5  	     351.0  	     350.1  	     352.1  	     350.2  	     350.9  	     353.4  	     
352.4  	     350.5  	     350.9  	     350.1  	     352.2  	     350.3  	     350.9  	     353.3  	     
352.5  	     350.6  	     350.9  	     350.1  	     352.0  	     350.3  	     350.8  	     353.2  	     
352.5  	     350.6  	     351.0  	     350.0  	     352.0  	     350.2  	     350.8  	     353.0  	     
352.4  	     350.6  	     350.9  	     350.0  	     351.9  	     350.3  	     350.7  	     353.1  	     
352.5  	     350.6  	     350.8  	     350.0  	     351.4  	     349.9  	     350.4  	     352.6  	     
352.4  	     350.4  	     350.3  	     349.6  	     350.5  	     349.5  	     349.4  	     351.4  	     
352.3  	     350.1  	     349.8  	     349.0  	     349.2  	     349.0  	     348.2  	     350.2  	     
351.9  	     349.7  	     349.1  	     348.3  	     347.6  	     348.4  	     347.0  	     348.8  	     
351.4  	     349.2  	     348.1  	     347.4  	     345.6  	     347.3  	     345.3  	     346.9  	     
350.7  	     348.4  	     347.1  	     346.2  	     343.2  	     346.4  	     343.2  	     344.9  	     
349.8  	     347.7  	     345.8  	     345.0  	     340.6  	     345.1  	     341.2  	     342.7  	     
348.7  	     346.8  	     344.2  	     343.2  	     337.8  	     343.7  	     338.8  	     340.3  	     
347.6  	     345.7  	     342.3  	     341.6  	     334.9  	     342.1  	     336.4  	     337.6  	     
346.4  	     344.4  	     340.3  	     339.7  	     331.7  	     340.5  	     333.6  	     334.8  	     
344.9  	     342.9  	     338.3  	     337.5  	     328.3  	     338.6  	     331.0  	     331.8  	     
343.3  	     341.3  	     336.0  	     335.2  	     324.7  	     336.7  	     328.1  	     328.9  	     
341.6  	     339.9  	     333.5  	     332.9  	     321.0  	     334.6  	     325.1  	     325.7  	     
341.0  	     339.2  	     332.9  	     332.0  	     319.8  	     333.7  	     324.0  	     324.7  	     
339.7  	     337.8  	     331.1  	     330.2  	     317.2  	     332.2  	     321.8  	     322.3  	     
337.6  	     336.1  	     328.5  	     327.7  	     313.6  	     329.8  	     318.9  	     319.2  	     
335.5  	     334.0  	     326.1  	     325.2  	     309.6  	     327.2  	     315.5  	     315.9  	     
333.3  	     331.7  	     322.9  	     322.2  	     305.5  	     324.2  	     311.9  	     312.1  	     
331.0  	     329.5  	     320.1  	     319.3  	     301.7  	     321.2  	     308.5  	     308.5  	     
328.3  	     326.9  	     316.9  	     316.2  	     297.3  	     318.1  	     304.8  	     304.8  	     
325.6  	     324.2  	     313.7  	     312.9  	     293.0  	     314.9  	     301.1  	     300.7  	     
322.8  	     321.6  	     310.4  	     309.7  	     288.4  	     312.0  	     297.2  	     297.1  	     
319.9  	     318.8  	     306.9  	     306.1  	     284.2  	     308.6  	     293.4  	     293.0  	     
316.9  	     315.8  	     303.1  	     302.5  	     279.6  	     305.3  	     289.7  	     288.8  	     
313.8  	     312.8  	     299.7  	     299.0  	     275.2  	     301.7  	     285.5  	     285.0  	     
310.6  	     309.5  	     295.9  	     295.1  	     270.5  	     298.2  	     281.7  	     281.1  	     
307.4  	     306.6  	     292.2  	     291.5  	     266.0  	     294.6  	     277.9  	     277.1  	     
303.9  	     303.1  	     288.4  	     287.7  	     261.3  	     290.4  	     273.7  	     272.8  	     
300.3  	     299.8  	     284.6  	     283.8  	     256.7  	     286.5  	     269.6  	     268.6  	     
296.8  	     296.3  	     280.8  	     280.1  	     252.1  	     283.0  	     265.6  	     264.3  	     
293.2  	     292.9  	     277.0  	     276.1  	     247.4  	     279.3  	     261.5  	     260.3  	     
289.6  	     289.3  	     272.5  	     271.8  	     242.8  	     275.2  	     257.3  	     256.0  	     
286.0  	     285.6  	     268.4  	     267.8  	     238.2  	     271.2  	     253.0  	     251.6  	     
282.1  	     282.0  	     264.7  	     263.8  	     233.6  	     267.6  	     248.9  	     247.3  	     
278.2  	     278.2  	     260.6  	     259.8  	     229.1  	     263.4  	     244.8  	     243.1  	     
274.3  	     274.4  	     256.6  	     255.7  	     225.1  	     259.3  	     240.8  	     239.1  	     
270.3  	     270.5  	     252.5  	     251.8  	     220.9  	     254.7  	     236.8  	     234.9  	     
266.3  	     266.7  	     248.5  	     247.6  	     216.7  	     251.6  	     232.8  	     231.0  	     
262.3  	     262.8  	     244.3  	     243.5  	     212.7  	     247.5  	     229.0  	     227.0  	     
258.5  	     259.0  	     240.4  	     239.6  	     208.7  	     243.5  	     225.4  	     223.4  	     
254.6  	     255.2  	     236.8  	     236.1  	     204.9  	     239.6  	     221.6  	     219.7  	     
250.8  	     251.5  	     233.2  	     232.2  	     201.2  	     235.7  	     218.2  	     216.2  	     
246.9  	     247.9  	     229.5  	     228.5  	     197.9  	     231.7  	     214.4  	     212.6  	     
243.0  	     244.0  	     225.9  	     225.0  	     194.5  	     228.1  	     211.1  	     209.2  	     
239.2  	     240.4  	     222.4  	     221.6  	     191.3  	     224.7  	     207.8  	     205.9  	     
235.7  	     236.8  	     218.9  	     218.1  	     188.1  	     221.1  	     204.6  	     202.7  	     
232.1  	     233.4  	     215.5  	     214.6  	     185.1  	     218.0  	     201.5  	     199.6  	     
228.2  	     229.8  	     212.3  	     211.6  	     182.4  	     214.1  	     198.5  	     196.8  	     
224.9  	     226.3  	     209.2  	     208.3  	     179.7  	     211.0  	     195.7  	     194.0  	     
221.4  	     222.9  	     205.9  	     205.1  	     176.9  	     207.3  	     193.0  	     191.3  	     
217.8  	     219.6  	     203.0  	     202.2  	     174.4  	     204.1  	     190.3  	     188.6  	     
214.6  	     216.4  	     200.1  	     199.4  	     172.0  	     200.5  	     187.7  	     185.9  	     
211.4  	     213.2  	     197.1  	     196.4  	     169.7  	     197.8  	     185.1  	     183.5  	     
208.3  	     210.0  	     194.6  	     193.7  	     167.4  	     194.7  	     182.7  	     181.0  	     
204.9  	     207.1  	     192.0  	     191.1  	     165.3  	     192.2  	     180.2  	     178.7  	     
202.0  	     204.0  	     189.1  	     188.5  	     163.3  	     189.1  	     177.8  	     176.3  	     
199.1  	     201.1  	     186.8  	     186.0  	     161.3  	     186.7  	     175.7  	     174.1  	     
196.1  	     198.0  	     184.5  	     183.7  	     159.6  	     184.1  	     173.4  	     172.0  	     
193.2  	     195.3  	     182.3  	     181.5  	     157.7  	     181.4  	     171.3  	     169.9  	     
190.5  	     192.8  	     180.0  	     179.3  	     156.1  	     179.2  	     169.3  	     167.9  	     
187.9  	     190.1  	     178.0  	     177.4  	     154.5  	     177.2  	     167.4  	     166.1  	     
185.3  	     187.5  	     175.8  	     175.1  	     152.9  	     174.7  	     165.4  	     164.2  	     
182.8  	     185.1  	     173.8  	     173.0  	     151.4  	     172.8  	     163.7  	     162.5  	     
180.5  	     182.7  	     171.7  	     170.9  	     150.1  	     170.5  	     161.9  	     160.8  	     
178.2  	     180.4  	     169.8  	     169.2  	     148.7  	     168.5  	     160.3  	     159.1  	     
175.9  	     178.0  	     168.0  	     167.5  	     147.3  	     166.6  	     158.7  	     157.6  	     
173.6  	     175.9  	     166.4  	     165.9  	     146.2  	     164.7  	     157.2  	     156.0  	     
171.7  	     174.1  	     164.6  	     163.9  	     144.9  	     163.1  	     155.6  	     154.4  	     
169.6  	     171.9  	     163.0  	     162.3  	     143.7  	     161.2  	     154.1  	     153.0  	     
167.6  	     169.9  	     161.4  	     160.7  	     142.6  	     159.6  	     152.7  	     151.7  	     
165.8  	     168.0  	     160.0  	     159.2  	     141.6  	     158.0  	     151.3  	     150.3  	     
163.8  	     166.2  	     158.5  	     157.6  	     140.6  	     156.5  	     150.1  	     149.2  	     
161.7  	     164.1  	     157.0  	     156.3  	     139.6  	     154.9  	     148.8  	     148.0  	     
160.1  	     162.5  	     155.5  	     154.8  	     138.8  	     153.5  	     147.6  	     146.7  	     
158.5  	     160.7  	     154.2  	     153.4  	     137.8  	     152.0  	     146.4  	     145.5  	     
156.8  	     159.3  	     152.9  	     152.1  	     137.1  	     150.6  	     145.2  	     144.5  	     
155.3  	     157.7  	     151.6  	     151.0  	     136.2  	     149.4  	     144.1  	     143.3  	     
153.9  	     156.1  	     150.5  	     149.7  	     135.5  	     148.0  	     143.0  	     142.4  	     
152.4  	     154.7  	     149.3  	     148.5  	     134.7  	     146.9  	     142.0  	     141.3  	     
151.0  	     153.3  	     148.1  	     147.5  	     134.0  	     145.8  	     141.0  	     140.4  	     
149.8  	     152.0  	     147.1  	     146.3  	     133.4  	     144.6  	     140.0  	     139.4  	     
148.2  	     150.7  	     146.0  	     145.2  	     132.7  	     143.3  	     139.0  	     138.4  	     
147.3  	     149.1  	     145.0  	     144.2  	     132.1  	     142.2  	     138.1  	     137.6  	     
145.9  	     148.0  	     144.0  	     143.2  	     131.5  	     141.2  	     137.3  	     136.8  	     
144.7  	     146.9  	     143.1  	     142.3  	     130.9  	     140.1  	     136.5  	     135.9  	     
143.6  	     145.8  	     142.3  	     141.3  	     130.2  	     139.3  	     135.7  	     135.1  	     
142.7  	     144.7  	     141.4  	     140.7  	     129.7  	     138.5  	     134.7  	     134.3  	     
141.6  	     143.5  	     140.4  	     139.7  	     129.1  	     137.5  	     134.0  	     133.6  	     
140.5  	     142.5  	     139.7  	     139.0  	     128.5  	     136.7  	     133.3  	     132.9  	     
139.3  	     141.4  	     138.8  	     138.2  	     128.2  	     135.8  	     132.6  	     132.2  	     
138.5  	     140.5  	     138.0  	     137.2  	     127.5  	     135.0  	     131.9  	     131.6  	     
137.5  	     139.6  	     137.2  	     136.5  	     127.1  	     134.2  	     131.3  	     131.0  	     
136.7  	     138.7  	     136.3  	     135.7  	     126.6  	     133.4  	     130.7  	     130.2  	     
136.0  	     137.7  	     135.7  	     134.9  	     126.1  	     132.6  	     130.0  	     129.7  	     
135.6  	     137.5  	     135.4  	     134.6  	     126.0  	     132.4  	     129.7  	     129.5  	     
135.1  	     136.9  	     134.9  	     134.2  	     125.6  	     131.6  	     129.4  	     129.1  	     
134.3  	     135.8  	     133.9  	     133.2  	     124.7  	     130.1  	     128.1  	     127.9  	     
133.4  	     135.0  	     132.9  	     132.1  	     123.7  	     129.4  	     126.9  	     126.6  	     
132.6  	     134.0  	     132.0  	     131.1  	     122.4  	     128.2  	     125.4  	     125.1  	     
131.5  	     133.0  	     130.9  	     130.2  	     121.1  	     127.1  	     124.2  	     123.7  	     
130.4  	     132.0  	     129.8  	     129.0  	     119.5  	     126.3  	     122.8  	     122.4  	     
129.3  	     131.0  	     128.8  	     128.1  	     118.0  	     125.2  	     121.5  	     121.1  	     
128.2  	     130.1  	     128.0  	     127.1  	     116.6  	     124.2  	     120.3  	     120.0  	     
127.3  	     129.0  	     127.0  	     126.3  	     115.4  	     123.5  	     119.5  	     119.0  	     
126.3  	     128.2  	     126.2  	     125.3  	     114.5  	     122.7  	     118.6  	     118.3  	     
125.4  	     127.2  	     125.3  	     124.4  	     113.5  	     121.8  	     117.9  	     117.7  	     
124.9  	     126.5  	     124.9  	     124.0  	     113.2  	     120.9  	     117.6  	     117.3  	     