
G32-PTC3  	G32-PTC12  	G32-PTC14  	G32-PTC22  	G32-PTC23  	G32-PTC26  	G32-PTC27  	G32-PTC36  	
Deg.F  	     Deg.F  	     Deg.F  	     Deg.F  	     Deg.F  	     Deg.F  	     Deg.F  	     Deg.F  	     
72.3  	     73.5  	     74.2  	     74.6  	     74.9  	     73.5  	     72.9  	     72.2  	     
72.3  	     73.5  	     74.2  	     74.6  	     74.9  	     73.5  	     72.9  	     72.2  	     
72.3  	     73.5  	     74.2  	     74.6  	     74.9  	     73.5  	     72.9  	     72.2  	     
72.3  	     73.5  	     74.2  	     74.6  	     74.9  	     73.5  	     72.9  	     72.2  	     
72.6  	     73.6  	     74.4  	     74.8  	     75.2  	     73.5  	     73.1  	     72.8  	     
73.1  	     74.0  	     74.9  	     75.5  	     75.8  	     73.9  	     73.7  	     73.4  	     
73.7  	     74.3  	     75.6  	     76.1  	     76.5  	     74.6  	     74.3  	     73.5  	     
74.5  	     74.7  	     76.4  	     76.8  	     77.4  	     75.6  	     75.4  	     74.9  	     
75.7  	     75.4  	     77.4  	     77.9  	     78.4  	     77.1  	     76.9  	     76.1  	     
77.0  	     76.2  	     78.8  	     79.3  	     79.8  	     78.3  	     78.6  	     77.8  	     
78.7  	     77.0  	     80.4  	     80.9  	     81.4  	     80.1  	     80.4  	     81.7  	     
79.0  	     77.2  	     80.7  	     81.3  	     81.9  	     80.6  	     80.9  	     79.8  	     
80.6  	     78.1  	     82.2  	     82.9  	     83.5  	     82.6  	     82.8  	     81.8  	     
83.0  	     79.1  	     84.3  	     85.1  	     85.9  	     85.4  	     85.6  	     85.2  	     
85.6  	     80.5  	     86.9  	     87.5  	     88.3  	     88.3  	     88.8  	     87.7  	     
88.5  	     81.9  	     89.2  	     90.4  	     91.1  	     91.5  	     91.9  	     90.5  	     
91.3  	     83.5  	     92.0  	     93.3  	     94.0  	     95.3  	     95.3  	     91.5  	     
94.7  	     85.3  	     95.1  	     96.4  	     97.4  	     98.4  	     98.6  	     96.0  	     
98.0  	     87.2  	     98.1  	     99.8  	     100.6  	     102.0  	     102.4  	     98.1  	     
101.6  	     89.2  	     101.5  	     103.2  	     104.1  	     105.9  	     106.1  	     101.4  	     
105.2  	     91.2  	     105.0  	     106.8  	     107.6  	     109.9  	     110.2  	     104.5  	     
109.1  	     93.5  	     108.9  	     110.8  	     111.6  	     114.2  	     114.3  	     107.9  	     
113.2  	     96.0  	     112.5  	     114.9  	     115.7  	     118.5  	     118.9  	     111.3  	     
117.2  	     98.4  	     116.5  	     118.9  	     119.8  	     122.6  	     122.9  	     115.7  	     
121.5  	     101.0  	     120.6  	     123.1  	     124.0  	     126.7  	     127.1  	     119.3  	     
125.9  	     103.7  	     124.7  	     127.4  	     128.2  	     131.4  	     131.8  	     123.0  	     
130.2  	     106.4  	     129.0  	     131.7  	     132.4  	     135.8  	     136.2  	     126.8  	     
134.5  	     109.5  	     133.2  	     136.3  	     137.1  	     140.2  	     140.6  	     130.6  	     
139.2  	     112.7  	     137.7  	     140.7  	     141.6  	     144.9  	     145.3  	     134.7  	     
143.7  	     115.9  	     142.2  	     145.4  	     146.1  	     149.4  	     150.0  	     138.7  	     
148.1  	     119.4  	     146.8  	     149.9  	     150.8  	     154.3  	     154.8  	     143.1  	     
152.9  	     123.0  	     151.6  	     154.6  	     155.5  	     158.9  	     159.7  	     147.3  	     
157.4  	     126.5  	     156.0  	     159.3  	     160.0  	     163.8  	     164.6  	     151.7  	     
162.3  	     130.2  	     160.7  	     164.0  	     164.6  	     168.6  	     169.3  	     156.3  	     
167.1  	     133.7  	     165.7  	     168.9  	     169.4  	     173.1  	     173.9  	     160.2  	     
171.7  	     137.2  	     170.5  	     173.5  	     174.0  	     177.8  	     178.5  	     162.4  	     
176.1  	     141.1  	     175.2  	     178.3  	     178.7  	     182.2  	     182.9  	     169.0  	     
180.9  	     144.8  	     180.0  	     182.8  	     183.1  	     186.6  	     187.6  	     173.6  	     
185.6  	     148.6  	     184.8  	     187.7  	     187.7  	     191.4  	     192.3  	     178.1  	     
190.3  	     152.3  	     189.2  	     192.1  	     192.3  	     195.8  	     196.6  	     182.6  	     
194.7  	     156.2  	     193.9  	     196.7  	     196.7  	     200.2  	     201.2  	     187.0  	     
199.3  	     160.2  	     198.1  	     201.1  	     201.0  	     204.6  	     205.5  	     191.5  	     
204.0  	     164.2  	     202.5  	     205.8  	     205.7  	     209.1  	     210.3  	     196.0  	     
208.4  	     168.2  	     206.9  	     210.2  	     210.0  	     213.6  	     214.6  	     200.1  	     
213.2  	     172.3  	     211.8  	     214.7  	     214.6  	     218.0  	     219.1  	     204.1  	     
217.4  	     176.4  	     216.2  	     219.4  	     219.2  	     222.8  	     223.8  	     208.4  	     
221.8  	     180.7  	     220.7  	     223.8  	     223.4  	     226.9  	     228.2  	     213.1  	     
226.2  	     185.0  	     225.2  	     228.5  	     228.1  	     231.0  	     232.5  	     217.5  	     
230.4  	     189.1  	     229.5  	     232.8  	     232.4  	     235.6  	     237.0  	     221.7  	     
235.1  	     193.4  	     234.0  	     237.4  	     237.0  	     240.0  	     241.4  	     226.5  	     
239.2  	     197.7  	     238.4  	     242.0  	     241.7  	     244.1  	     245.6  	     230.6  	     
243.5  	     202.2  	     243.0  	     246.5  	     246.3  	     248.6  	     250.0  	     234.6  	     
247.8  	     206.5  	     247.4  	     251.0  	     250.6  	     252.7  	     254.3  	     238.4  	     
252.2  	     211.0  	     251.9  	     255.5  	     255.2  	     257.2  	     258.8  	     243.2  	     
256.7  	     215.4  	     256.1  	     259.9  	     259.8  	     261.1  	     262.8  	     247.8  	     
261.1  	     219.8  	     260.6  	     264.6  	     264.3  	     265.5  	     267.2  	     252.1  	     
265.4  	     224.1  	     264.8  	     269.1  	     268.9  	     269.9  	     271.7  	     256.7  	     
269.7  	     228.6  	     269.3  	     273.6  	     273.3  	     273.9  	     275.9  	     260.6  	     
274.0  	     233.3  	     273.5  	     278.3  	     278.0  	     278.4  	     280.5  	     265.3  	     
278.2  	     238.0  	     278.0  	     282.6  	     282.3  	     282.8  	     284.7  	     269.5  	     
282.7  	     242.7  	     282.2  	     287.3  	     286.8  	     287.2  	     289.2  	     273.2  	     
286.8  	     247.4  	     286.6  	     291.9  	     291.4  	     291.4  	     293.5  	     277.8  	     
290.9  	     252.1  	     291.0  	     296.3  	     295.8  	     295.7  	     297.8  	     281.8  	     
294.2  	     257.1  	     294.6  	     300.3  	     299.6  	     299.3  	     301.0  	     284.7  	     
297.3  	     261.5  	     298.0  	     303.1  	     302.6  	     301.5  	     303.3  	     288.0  	     
299.8  	     265.7  	     301.0  	     306.0  	     305.4  	     303.8  	     305.5  	     290.4  	     
302.1  	     269.9  	     303.6  	     308.6  	     308.0  	     305.7  	     307.5  	     293.2  	     
302.8  	     271.2  	     304.4  	     309.3  	     308.7  	     306.5  	     308.1  	     294.1  	     
304.3  	     274.0  	     306.0  	     310.9  	     310.2  	     307.6  	     309.2  	     295.7  	     
306.2  	     277.8  	     308.2  	     313.0  	     312.4  	     309.2  	     310.6  	     297.9  	     
308.6  	     281.5  	     310.5  	     315.3  	     314.8  	     311.2  	     312.9  	     299.7  	     
311.2  	     285.2  	     313.1  	     318.0  	     317.5  	     313.7  	     315.7  	     303.8  	     
314.3  	     288.9  	     315.8  	     321.1  	     320.4  	     316.8  	     318.8  	     307.4  	     
317.2  	     292.7  	     318.9  	     324.5  	     323.9  	     319.9  	     322.0  	     311.2  	     
319.8  	     296.4  	     321.5  	     327.6  	     327.1  	     322.6  	     324.7  	     313.9  	     
322.7  	     300.0  	     324.3  	     330.5  	     329.8  	     325.5  	     327.3  	     316.7  	     
324.8  	     303.5  	     326.7  	     333.0  	     332.3  	     327.3  	     329.2  	     318.9  	     
326.6  	     306.6  	     328.6  	     335.1  	     334.4  	     329.1  	     330.8  	     320.6  	     
328.4  	     309.6  	     330.5  	     336.9  	     336.2  	     330.2  	     332.0  	     322.5  	     
330.0  	     312.3  	     332.3  	     338.6  	     337.9  	     331.7  	     333.4  	     324.9  	     
331.3  	     315.0  	     333.7  	     340.0  	     339.4  	     332.9  	     334.5  	     326.1  	     
332.6  	     317.5  	     335.1  	     341.4  	     340.7  	     333.9  	     335.4  	     327.5  	     
333.6  	     319.6  	     336.2  	     342.6  	     341.9  	     334.7  	     336.2  	     328.9  	     
334.7  	     321.8  	     337.4  	     343.7  	     343.1  	     335.5  	     337.1  	     330.4  	     
335.7  	     323.7  	     338.2  	     344.8  	     344.1  	     336.4  	     337.8  	     331.4  	     
336.6  	     325.6  	     339.1  	     345.7  	     344.9  	     337.0  	     338.5  	     332.7  	     
337.5  	     327.5  	     339.9  	     346.6  	     345.8  	     337.7  	     339.2  	     333.9  	     
338.2  	     329.2  	     340.7  	     347.5  	     346.6  	     338.4  	     339.8  	     334.1  	     
339.0  	     330.7  	     341.3  	     348.1  	     347.3  	     338.9  	     340.3  	     335.3  	     
339.7  	     332.1  	     342.0  	     348.8  	     348.1  	     339.5  	     341.0  	     336.0  	     
340.3  	     333.6  	     342.6  	     349.4  	     348.7  	     340.0  	     341.5  	     336.9  	     
340.9  	     334.8  	     343.1  	     350.1  	     349.2  	     340.5  	     342.0  	     337.8  	     
341.5  	     336.0  	     343.6  	     350.6  	     349.8  	     340.9  	     342.5  	     338.9  	     
342.1  	     337.1  	     344.1  	     350.9  	     350.3  	     341.2  	     342.7  	     340.1  	     
342.7  	     338.3  	     344.8  	     351.5  	     350.8  	     342.1  	     343.3  	     340.8  	     
343.3  	     339.2  	     345.2  	     351.8  	     351.1  	     342.4  	     343.8  	     341.4  	     
343.8  	     340.0  	     345.6  	     352.1  	     351.5  	     342.9  	     344.1  	     342.2  	     
344.3  	     341.0  	     346.1  	     352.6  	     351.8  	     343.3  	     344.6  	     342.8  	     
344.8  	     341.8  	     346.4  	     352.8  	     352.1  	     343.6  	     345.0  	     343.2  	     
345.3  	     342.5  	     346.7  	     353.0  	     352.5  	     343.8  	     345.3  	     343.7  	     
345.7  	     343.2  	     346.9  	     353.3  	     352.6  	     344.3  	     345.6  	     344.2  	     
346.2  	     343.8  	     347.3  	     353.5  	     353.0  	     344.4  	     345.8  	     344.7  	     
346.5  	     344.4  	     347.4  	     353.7  	     353.2  	     344.7  	     346.1  	     345.2  	     
346.8  	     345.0  	     347.7  	     353.8  	     353.3  	     345.2  	     346.4  	     345.7  	     
347.2  	     345.5  	     348.0  	     354.1  	     353.7  	     345.5  	     346.8  	     345.9  	     
347.4  	     345.9  	     348.5  	     354.2  	     353.6  	     345.6  	     346.8  	     346.4  	     
347.8  	     346.5  	     348.5  	     354.2  	     353.7  	     345.7  	     347.0  	     346.7  	     
348.1  	     346.7  	     348.7  	     354.3  	     353.8  	     346.1  	     347.3  	     347.0  	     
348.2  	     347.0  	     348.8  	     354.3  	     353.8  	     346.2  	     347.4  	     346.9  	     
348.4  	     347.3  	     348.9  	     354.3  	     353.7  	     346.4  	     347.7  	     347.2  	     
348.6  	     347.6  	     349.0  	     354.2  	     353.8  	     346.5  	     347.7  	     347.5  	     
348.6  	     347.9  	     348.7  	     354.2  	     353.8  	     346.1  	     347.6  	     347.5  	     
348.7  	     347.9  	     348.8  	     354.2  	     353.8  	     346.6  	     347.9  	     347.8  	     
348.8  	     348.1  	     348.8  	     354.2  	     353.7  	     346.5  	     347.9  	     347.9  	     
348.9  	     348.4  	     348.8  	     354.3  	     353.8  	     346.9  	     348.3  	     347.9  	     
349.2  	     348.5  	     348.9  	     354.3  	     353.8  	     347.1  	     348.3  	     348.2  	     
349.4  	     348.7  	     349.1  	     354.3  	     353.9  	     347.2  	     348.5  	     348.4  	     
349.5  	     349.0  	     349.4  	     354.2  	     353.9  	     347.4  	     348.7  	     348.2  	     
349.6  	     349.0  	     349.4  	     354.3  	     353.9  	     347.6  	     348.7  	     348.7  	     
349.9  	     349.2  	     349.5  	     354.2  	     354.0  	     347.4  	     348.7  	     348.8  	     
349.9  	     349.3  	     349.5  	     354.3  	     354.0  	     347.7  	     348.9  	     349.0  	     
350.1  	     349.3  	     349.5  	     354.2  	     353.9  	     347.7  	     349.0  	     349.0  	     
350.1  	     349.4  	     349.4  	     354.1  	     353.8  	     348.0  	     349.0  	     349.3  	     
350.1  	     349.6  	     349.4  	     354.2  	     353.7  	     348.0  	     349.2  	     349.2  	     
350.4  	     349.6  	     349.5  	     354.1  	     353.7  	     348.2  	     349.3  	     349.6  	     
350.5  	     349.6  	     349.4  	     354.0  	     353.8  	     348.3  	     349.4  	     349.5  	     
350.6  	     349.8  	     349.5  	     354.1  	     353.7  	     348.8  	     349.5  	     349.5  	     
350.7  	     349.8  	     349.4  	     354.0  	     353.8  	     348.5  	     349.6  	     349.8  	     
350.9  	     349.9  	     349.5  	     354.0  	     353.8  	     348.5  	     349.6  	     349.7  	     
350.8  	     350.0  	     349.5  	     354.0  	     353.7  	     348.6  	     349.6  	     349.7  	     
350.9  	     349.9  	     349.5  	     353.9  	     353.7  	     348.9  	     349.7  	     349.8  	     
351.1  	     350.1  	     349.4  	     354.0  	     353.7  	     348.6  	     349.7  	     350.0  	     
351.0  	     349.9  	     349.4  	     353.9  	     353.6  	     348.7  	     349.8  	     349.9  	     
351.1  	     350.2  	     349.5  	     353.8  	     353.6  	     348.7  	     349.8  	     350.1  	     
351.1  	     350.1  	     349.5  	     353.8  	     353.5  	     348.9  	     349.9  	     350.0  	     
351.2  	     350.1  	     349.6  	     353.8  	     353.5  	     348.6  	     349.8  	     349.9  	     
351.2  	     350.1  	     349.5  	     353.7  	     353.5  	     348.8  	     349.7  	     350.0  	     
351.3  	     350.2  	     349.5  	     353.7  	     353.6  	     348.9  	     349.8  	     350.1  	     
351.3  	     350.1  	     349.5  	     353.8  	     353.5  	     349.0  	     349.9  	     350.0  	     
351.4  	     350.1  	     349.6  	     353.7  	     353.5  	     348.9  	     349.9  	     349.9  	     
351.4  	     350.2  	     349.5  	     353.6  	     353.5  	     348.4  	     349.9  	     350.0  	     
351.5  	     350.2  	     349.5  	     353.6  	     353.5  	     348.7  	     349.9  	     350.1  	     
351.4  	     350.2  	     349.5  	     353.5  	     353.3  	     348.9  	     350.0  	     350.2  	     
351.5  	     350.2  	     349.3  	     353.5  	     353.3  	     349.1  	     350.1  	     350.5  	     
351.5  	     350.1  	     349.4  	     353.5  	     353.1  	     348.9  	     350.0  	     350.1  	     
351.5  	     350.3  	     349.4  	     353.3  	     353.2  	     349.1  	     350.0  	     350.2  	     
351.5  	     350.1  	     349.3  	     353.3  	     353.1  	     349.2  	     350.0  	     350.1  	     
351.5  	     350.1  	     349.2  	     353.3  	     353.2  	     349.0  	     349.9  	     350.2  	     
351.5  	     350.3  	     349.3  	     353.3  	     353.2  	     348.9  	     350.0  	     350.1  	     
351.6  	     350.3  	     349.3  	     353.3  	     353.1  	     349.1  	     350.0  	     350.1  	     
351.6  	     350.1  	     349.2  	     353.3  	     353.1  	     349.1  	     350.0  	     350.1  	     
351.6  	     350.1  	     349.3  	     353.2  	     353.0  	     349.1  	     349.9  	     350.1  	     
351.7  	     350.0  	     349.3  	     353.3  	     353.1  	     349.1  	     349.9  	     350.1  	     
351.6  	     349.9  	     349.2  	     353.2  	     353.1  	     349.1  	     349.9  	     350.2  	     
351.6  	     350.0  	     349.2  	     353.2  	     353.0  	     349.2  	     350.0  	     350.1  	     
351.7  	     350.0  	     349.2  	     353.1  	     353.0  	     349.2  	     350.0  	     350.0  	     
351.7  	     350.0  	     349.1  	     353.1  	     353.0  	     349.2  	     350.0  	     350.1  	     
351.7  	     349.9  	     349.1  	     353.1  	     353.0  	     349.2  	     350.0  	     350.2  	     
351.7  	     350.1  	     349.0  	     353.0  	     352.8  	     349.3  	     350.0  	     350.2  	     
351.6  	     350.0  	     349.1  	     352.9  	     352.8  	     349.2  	     350.0  	     350.0  	     
351.7  	     350.0  	     349.1  	     353.0  	     352.8  	     349.3  	     350.0  	     350.1  	     
351.7  	     349.9  	     349.0  	     352.9  	     352.7  	     349.6  	     350.0  	     350.2  	     
351.5  	     349.9  	     349.1  	     352.9  	     352.8  	     348.9  	     350.1  	     350.2  	     
351.6  	     349.9  	     349.1  	     352.9  	     352.6  	     349.1  	     350.0  	     350.1  	     
351.6  	     349.8  	     348.9  	     352.8  	     352.6  	     349.4  	     350.1  	     350.4  	     
351.6  	     349.8  	     349.0  	     352.8  	     352.6  	     349.3  	     350.0  	     350.2  	     
351.6  	     349.9  	     348.9  	     352.8  	     352.6  	     349.2  	     350.1  	     350.0  	     
351.6  	     349.8  	     349.0  	     352.8  	     352.8  	     349.2  	     350.0  	     350.0  	     
351.6  	     349.9  	     348.9  	     352.8  	     352.6  	     349.3  	     350.0  	     350.0  	     
351.6  	     349.8  	     349.1  	     352.8  	     352.5  	     349.2  	     350.0  	     350.0  	     
351.8  	     349.8  	     349.1  	     352.7  	     352.6  	     349.4  	     350.0  	     350.1  	     
351.8  	     349.8  	     349.1  	     352.8  	     352.7  	     349.4  	     350.2  	     350.0  	     
351.8  	     349.9  	     349.1  	     352.8  	     352.6  	     349.9  	     350.2  	     349.9  	     
351.7  	     349.8  	     349.1  	     352.6  	     352.5  	     349.5  	     350.2  	     350.0  	     
351.7  	     349.8  	     349.0  	     352.6  	     352.5  	     349.4  	     350.2  	     349.9  	     
351.7  	     349.8  	     349.1  	     352.6  	     352.5  	     349.3  	     350.1  	     349.9  	     
351.7  	     349.7  	     349.1  	     352.6  	     352.5  	     349.3  	     350.0  	     350.0  	     
351.7  	     349.8  	     349.0  	     352.6  	     352.4  	     349.3  	     350.0  	     350.0  	     
351.8  	     349.7  	     349.1  	     352.5  	     352.5  	     349.2  	     350.0  	     350.2  	     
351.7  	     349.7  	     349.0  	     352.6  	     352.5  	     349.3  	     349.9  	     350.2  	     
351.7  	     349.6  	     349.0  	     352.6  	     352.5  	     349.3  	     350.1  	     350.2  	     
351.7  	     349.7  	     348.9  	     352.5  	     352.5  	     349.2  	     350.1  	     350.2  	     
351.7  	     349.6  	     349.0  	     352.6  	     352.6  	     349.6  	     350.2  	     350.4  	     
351.6  	     349.6  	     348.9  	     352.6  	     352.5  	     349.6  	     350.1  	     350.1  	     
351.7  	     349.6  	     348.9  	     352.6  	     352.5  	     349.6  	     350.2  	     350.2  	     
351.7  	     349.6  	     349.0  	     352.5  	     352.5  	     349.5  	     350.2  	     350.2  	     
351.8  	     349.6  	     348.9  	     352.6  	     352.5  	     349.4  	     350.0  	     350.0  	     
351.7  	     349.6  	     348.8  	     352.6  	     352.4  	     348.7  	     349.9  	     350.2  	     
351.7  	     349.6  	     348.9  	     352.6  	     352.5  	     349.4  	     350.0  	     350.1  	     
351.7  	     349.5  	     349.0  	     352.6  	     352.6  	     349.3  	     350.0  	     350.0  	     
351.7  	     349.5  	     348.9  	     352.6  	     352.6  	     349.3  	     350.2  	     350.4  	     
351.7  	     349.5  	     349.0  	     352.5  	     352.4  	     349.4  	     350.1  	     350.1  	     
351.8  	     349.5  	     349.0  	     352.5  	     352.5  	     349.2  	     350.0  	     350.0  	     
351.7  	     349.5  	     349.0  	     352.5  	     352.4  	     349.4  	     350.1  	     349.9  	     
351.7  	     349.6  	     349.0  	     352.4  	     352.5  	     349.5  	     350.1  	     349.7  	     
351.7  	     349.6  	     349.0  	     352.4  	     352.3  	     349.5  	     350.2  	     349.8  	     
351.7  	     349.7  	     348.9  	     352.4  	     352.4  	     349.2  	     350.0  	     349.8  	     
351.7  	     349.8  	     349.0  	     352.4  	     352.5  	     349.4  	     350.0  	     349.7  	     
351.7  	     349.6  	     348.9  	     352.5  	     352.3  	     349.4  	     350.0  	     349.7  	     
351.7  	     349.7  	     348.9  	     352.4  	     352.4  	     349.4  	     350.1  	     350.0  	     
351.7  	     349.5  	     348.9  	     352.4  	     352.4  	     349.6  	     350.1  	     350.0  	     
351.8  	     349.5  	     349.0  	     352.3  	     352.3  	     349.3  	     349.9  	     350.0  	     
351.7  	     349.5  	     348.9  	     352.3  	     352.3  	     349.4  	     350.0  	     350.0  	     
351.8  	     349.6  	     349.0  	     352.3  	     352.3  	     349.3  	     350.0  	     349.9  	     
351.8  	     349.4  	     348.9  	     352.3  	     352.3  	     349.5  	     350.1  	     349.9  	     
351.8  	     349.5  	     348.8  	     352.5  	     352.4  	     349.3  	     350.0  	     350.0  	     
351.7  	     349.6  	     348.8  	     352.4  	     352.4  	     349.5  	     350.0  	     349.9  	     
351.7  	     349.6  	     348.9  	     352.4  	     352.5  	     349.7  	     350.1  	     349.8  	     
351.7  	     349.6  	     348.9  	     352.5  	     352.5  	     349.8  	     350.1  	     349.9  	     
351.7  	     349.5  	     348.8  	     352.4  	     352.4  	     349.6  	     350.1  	     350.0  	     
351.7  	     349.5  	     348.8  	     352.4  	     352.2  	     349.7  	     350.2  	     349.9  	     
351.8  	     349.4  	     348.8  	     352.3  	     352.3  	     349.5  	     350.0  	     350.0  	     
351.7  	     349.5  	     348.8  	     352.3  	     352.3  	     349.5  	     350.2  	     349.9  	     
351.6  	     349.5  	     348.8  	     352.4  	     352.3  	     349.6  	     350.1  	     350.1  	     
351.7  	     349.5  	     348.8  	     352.3  	     352.2  	     349.1  	     350.0  	     349.9  	     
351.7  	     349.5  	     348.8  	     352.4  	     352.3  	     349.4  	     350.0  	     350.0  	     
351.6  	     349.4  	     348.9  	     352.4  	     352.3  	     349.7  	     350.2  	     350.0  	     
351.7  	     349.5  	     348.8  	     352.4  	     352.3  	     349.4  	     350.0  	     349.8  	     
351.7  	     349.4  	     348.8  	     352.4  	     352.3  	     349.4  	     350.0  	     349.9  	     
351.7  	     349.4  	     348.8  	     352.5  	     352.3  	     349.7  	     350.1  	     349.9  	     
351.7  	     349.4  	     348.8  	     352.5  	     352.4  	     349.9  	     350.3  	     349.9  	     
351.7  	     349.4  	     348.9  	     352.4  	     352.3  	     349.7  	     350.2  	     350.1  	     
351.7  	     349.4  	     348.8  	     352.4  	     352.2  	     349.8  	     350.1  	     350.0  	     
351.6  	     349.4  	     348.8  	     352.3  	     352.3  	     349.6  	     350.1  	     349.9  	     
351.7  	     349.4  	     348.8  	     352.3  	     352.2  	     349.6  	     350.2  	     350.0  	     
351.7  	     349.4  	     348.7  	     352.3  	     352.2  	     349.7  	     350.2  	     350.0  	     
351.6  	     349.5  	     348.8  	     352.3  	     352.2  	     349.6  	     350.2  	     350.1  	     
351.7  	     349.5  	     349.0  	     352.3  	     352.2  	     349.7  	     350.1  	     350.0  	     
351.7  	     349.4  	     348.9  	     352.4  	     352.2  	     349.8  	     350.2  	     350.0  	     
351.7  	     349.5  	     348.9  	     352.3  	     352.3  	     349.7  	     350.1  	     350.0  	     
351.7  	     349.5  	     348.8  	     352.2  	     352.2  	     349.6  	     350.1  	     349.9  	     
351.7  	     349.4  	     348.9  	     352.2  	     352.2  	     349.6  	     350.1  	     349.9  	     
351.7  	     349.3  	     348.9  	     352.1  	     352.2  	     349.4  	     350.1  	     349.9  	     
351.6  	     349.4  	     348.7  	     352.2  	     352.2  	     349.6  	     350.0  	     349.8  	     
351.7  	     349.4  	     348.5  	     352.2  	     352.1  	     349.6  	     350.0  	     349.8  	     
351.8  	     349.3  	     348.8  	     352.2  	     352.1  	     349.6  	     350.1  	     349.9  	     
351.7  	     349.3  	     348.6  	     352.1  	     352.2  	     349.5  	     350.0  	     349.7  	     
350.8  	     349.3  	     348.2  	     351.8  	     351.7  	     348.8  	     348.9  	     348.8  	     
349.8  	     348.9  	     347.3  	     350.8  	     350.8  	     346.9  	     347.3  	     347.6  	     
348.9  	     348.6  	     346.5  	     349.9  	     349.9  	     346.1  	     346.3  	     346.7  	     
347.6  	     347.9  	     345.5  	     348.9  	     348.9  	     344.8  	     344.8  	     345.4  	     
346.1  	     347.2  	     344.0  	     347.5  	     347.7  	     343.0  	     342.9  	     344.2  	     
344.2  	     346.2  	     342.3  	     345.8  	     345.8  	     340.9  	     340.7  	     342.5  	     
342.2  	     345.1  	     340.6  	     344.1  	     344.1  	     338.8  	     338.4  	     340.7  	     
340.1  	     344.0  	     338.7  	     342.3  	     342.3  	     336.5  	     336.1  	     339.0  	     
338.1  	     342.7  	     336.7  	     340.4  	     340.4  	     334.4  	     334.0  	     337.2  	     
336.3  	     341.5  	     334.9  	     338.8  	     338.8  	     332.6  	     332.2  	     335.5  	     
334.0  	     340.1  	     332.9  	     336.9  	     336.9  	     330.0  	     329.7  	     333.4  	     
331.5  	     338.4  	     330.7  	     334.8  	     334.8  	     327.7  	     327.2  	     331.3  	     
329.1  	     336.9  	     328.3  	     332.5  	     332.5  	     325.2  	     324.7  	     329.0  	     
327.6  	     335.7  	     327.0  	     331.0  	     331.2  	     323.4  	     323.0  	     327.4  	     
326.7  	     335.0  	     326.1  	     330.3  	     330.3  	     322.5  	     322.0  	     326.5  	     
324.1  	     333.2  	     323.6  	     327.9  	     327.9  	     319.6  	     319.0  	     324.2  	     
321.4  	     331.1  	     320.9  	     325.1  	     325.4  	     317.0  	     316.3  	     321.8  	     
318.6  	     329.1  	     318.4  	     322.3  	     322.5  	     314.0  	     313.0  	     319.1  	     
315.6  	     326.9  	     315.3  	     319.7  	     319.7  	     310.8  	     310.2  	     316.4  	     
312.7  	     324.6  	     312.3  	     316.9  	     317.0  	     307.5  	     307.0  	     313.7  	     
309.6  	     322.3  	     309.2  	     314.0  	     314.2  	     304.2  	     303.8  	     311.0  	     
306.2  	     319.9  	     306.3  	     311.1  	     311.3  	     301.1  	     300.5  	     308.0  	     
303.0  	     317.4  	     303.1  	     307.9  	     308.2  	     298.0  	     297.1  	     305.0  	     
299.9  	     314.8  	     299.8  	     304.8  	     305.2  	     295.0  	     294.2  	     302.5  	     
296.8  	     312.2  	     296.8  	     301.8  	     302.1  	     291.4  	     290.7  	     299.5  	     
293.3  	     309.5  	     293.4  	     298.5  	     298.7  	     288.0  	     287.3  	     296.1  	     
289.8  	     306.7  	     290.1  	     295.0  	     295.3  	     284.8  	     284.0  	     293.1  	     
286.3  	     303.8  	     286.6  	     291.8  	     292.2  	     281.5  	     280.4  	     289.9  	     
282.8  	     300.9  	     283.2  	     288.3  	     288.6  	     277.8  	     277.0  	     286.5  	     
279.3  	     297.8  	     279.8  	     284.8  	     285.1  	     274.6  	     273.5  	     283.1  	     
275.8  	     294.9  	     276.2  	     281.3  	     281.5  	     270.7  	     269.9  	     280.0  	     
272.4  	     291.7  	     272.7  	     277.8  	     278.1  	     267.6  	     266.4  	     276.7  	     
268.7  	     288.5  	     269.2  	     274.2  	     274.5  	     263.9  	     262.7  	     273.1  	     
265.0  	     285.4  	     265.7  	     270.6  	     270.7  	     260.0  	     259.1  	     269.3  	     
261.3  	     282.2  	     262.1  	     267.0  	     267.3  	     256.2  	     255.3  	     266.0  	     
257.7  	     278.9  	     258.4  	     263.5  	     263.8  	     252.6  	     251.8  	     262.7  	     
253.8  	     275.6  	     254.9  	     259.8  	     260.2  	     249.1  	     248.2  	     259.3  	     
250.2  	     272.3  	     251.0  	     256.2  	     256.5  	     245.5  	     244.7  	     255.3  	     
246.4  	     268.8  	     247.3  	     252.6  	     253.0  	     241.9  	     240.9  	     251.9  	     
242.7  	     265.7  	     243.6  	     248.9  	     249.2  	     238.3  	     237.2  	     248.7  	     
239.0  	     262.3  	     240.0  	     245.1  	     245.5  	     234.7  	     233.8  	     245.5  	     
235.5  	     258.8  	     236.4  	     241.6  	     242.0  	     231.2  	     230.2  	     242.2  	     
231.8  	     255.5  	     232.9  	     237.9  	     238.3  	     227.7  	     226.8  	     238.8  	     
228.2  	     251.7  	     229.3  	     234.5  	     234.9  	     224.5  	     223.5  	     235.2  	     
224.8  	     248.5  	     225.7  	     230.9  	     231.3  	     221.1  	     220.0  	     231.9  	     
221.3  	     245.0  	     222.2  	     227.4  	     228.0  	     217.8  	     216.8  	     228.6  	     
218.1  	     241.6  	     219.0  	     224.1  	     224.6  	     214.6  	     213.6  	     225.3  	     
214.6  	     238.2  	     215.5  	     220.7  	     221.1  	     211.5  	     210.4  	     222.2  	     
211.6  	     235.1  	     212.2  	     217.4  	     217.9  	     208.4  	     207.2  	     218.8  	     
208.5  	     231.8  	     209.0  	     214.0  	     214.5  	     205.0  	     204.2  	     215.8  	     
205.3  	     228.5  	     206.0  	     210.9  	     211.4  	     201.8  	     201.3  	     212.6  	     
202.5  	     225.3  	     202.8  	     207.8  	     208.2  	     199.3  	     198.3  	     209.9  	     
199.3  	     222.3  	     199.9  	     204.8  	     205.2  	     196.6  	     195.6  	     207.0  	     
196.5  	     219.3  	     196.8  	     201.7  	     202.2  	     193.7  	     192.8  	     204.3  	     
193.8  	     216.2  	     194.1  	     198.7  	     199.3  	     191.0  	     190.1  	     201.4  	     
191.3  	     213.2  	     191.5  	     196.0  	     196.6  	     188.5  	     187.7  	     198.7  	     
188.7  	     210.3  	     188.7  	     193.2  	     193.8  	     186.1  	     185.2  	     195.6  	     
186.4  	     207.5  	     186.1  	     190.5  	     191.0  	     183.8  	     182.8  	     193.4  	     
183.7  	     204.8  	     183.8  	     188.0  	     188.6  	     181.3  	     180.5  	     190.7  	     
181.4  	     202.0  	     181.2  	     185.5  	     185.9  	     179.1  	     178.3  	     188.3  	     
179.1  	     199.4  	     178.9  	     183.0  	     183.5  	     177.1  	     176.2  	     185.4  	     
176.6  	     196.8  	     176.5  	     180.7  	     181.2  	     174.9  	     174.0  	     183.5  	     
174.7  	     194.3  	     174.2  	     178.2  	     178.7  	     172.9  	     171.8  	     181.1  	     
172.6  	     191.8  	     172.1  	     176.1  	     176.5  	     171.2  	     170.0  	     177.2  	     
170.4  	     189.2  	     170.1  	     173.9  	     174.3  	     168.8  	     167.9  	     179.4  	     
168.3  	     186.9  	     167.9  	     171.7  	     172.2  	     167.2  	     166.0  	     176.0  	     
166.3  	     184.5  	     165.9  	     169.7  	     170.3  	     165.3  	     164.3  	     174.0  	     
164.3  	     182.3  	     164.0  	     167.6  	     168.0  	     163.6  	     162.4  	     171.7  	     
162.6  	     180.2  	     162.1  	     165.7  	     166.1  	     161.6  	     160.6  	     169.6  	     
160.8  	     178.1  	     160.3  	     163.8  	     164.2  	     160.3  	     159.0  	     166.8  	     
159.1  	     175.9  	     158.6  	     162.0  	     162.4  	     158.5  	     157.4  	     165.0  	     
157.5  	     173.8  	     156.9  	     160.2  	     160.6  	     157.1  	     155.8  	     162.8  	     
155.8  	     171.8  	     155.2  	     158.6  	     159.0  	     155.6  	     154.3  	     161.1  	     
154.3  	     169.9  	     153.6  	     156.9  	     157.2  	     154.3  	     152.9  	     159.4  	     
152.7  	     168.1  	     151.9  	     155.0  	     155.6  	     152.5  	     151.2  	     158.2  	     
151.3  	     166.2  	     150.6  	     153.6  	     153.9  	     151.1  	     149.9  	     156.4  	     
150.0  	     164.3  	     149.1  	     152.0  	     152.5  	     149.9  	     148.5  	     154.6  	     
148.4  	     162.5  	     147.5  	     150.7  	     150.9  	     148.3  	     147.1  	     153.4  	     
147.0  	     160.8  	     146.2  	     149.1  	     149.6  	     147.0  	     145.8  	     151.9  	     
145.7  	     159.1  	     144.9  	     147.7  	     148.1  	     145.7  	     144.5  	     150.0  	     
144.3  	     157.4  	     143.6  	     146.4  	     146.8  	     144.5  	     143.4  	     148.8  	     
143.1  	     156.0  	     142.4  	     145.2  	     145.5  	     143.3  	     142.2  	     147.3  	     
142.0  	     154.3  	     141.2  	     143.8  	     144.0  	     142.5  	     141.0  	     146.2  	     
140.8  	     152.8  	     139.9  	     142.5  	     142.6  	     141.0  	     139.8  	     144.8  	     
139.6  	     151.5  	     138.8  	     141.2  	     141.6  	     140.0  	     138.7  	     143.5  	     
138.6  	     150.0  	     137.7  	     140.1  	     140.3  	     138.8  	     137.7  	     142.7  	     
137.5  	     148.7  	     136.6  	     138.9  	     139.0  	     137.5  	     136.5  	     141.4  	     
136.4  	     147.3  	     135.6  	     137.9  	     138.1  	     136.6  	     135.5  	     140.3  	     
135.3  	     146.0  	     134.6  	     136.7  	     136.9  	     135.9  	     134.7  	     139.1  	     
134.3  	     144.7  	     133.6  	     135.6  	     136.0  	     135.1  	     133.7  	     137.9  	     
133.4  	     143.4  	     132.7  	     134.6  	     135.0  	     133.9  	     132.7  	     136.8  	     
132.3  	     142.2  	     131.7  	     133.6  	     133.9  	     133.5  	     131.8  	     135.6  	     
131.5  	     141.0  	     130.9  	     132.6  	     133.0  	     132.2  	     131.0  	     134.8  	     
130.6  	     139.9  	     130.0  	     131.7  	     132.1  	     131.3  	     130.2  	     133.6  	     
129.7  	     138.8  	     129.1  	     130.7  	     131.1  	     131.0  	     129.3  	     132.7  	     
129.0  	     137.6  	     128.3  	     130.0  	     130.2  	     129.8  	     128.5  	     131.9  	     
128.1  	     136.6  	     127.5  	     129.0  	     129.3  	     128.9  	     127.6  	     131.0  	     
127.4  	     135.5  	     126.7  	     128.2  	     128.5  	     128.3  	     127.1  	     130.3  	     
126.6  	     134.6  	     125.9  	     127.4  	     127.7  	     127.4  	     126.2  	     129.4  	     
125.7  	     133.6  	     125.6  	     126.6  	     126.7  	     126.8  	     125.5  	     128.8  	     
125.1  	     132.7  	     124.4  	     125.9  	     126.1  	     126.2  	     124.9  	     127.9  	     
124.3  	     131.7  	     123.9  	     125.2  	     125.4  	     125.6  	     124.1  	     127.3  	     
124.2  	     131.5  	     123.7  	     125.0  	     125.2  	     124.7  	     123.9  	     126.8  	     
123.4  	     130.8  	     123.4  	     124.2  	     124.7  	     124.5  	     123.3  	     126.3  	     
122.5  	     129.8  	     122.7  	     123.2  	     123.4  	     123.6  	     122.2  	     125.0  	     
121.4  	     128.9  	     121.0  	     121.9  	     122.2  	     122.5  	     120.9  	     123.6  	     
120.1  	     127.7  	     120.4  	     120.6  	     121.1  	     121.2  	     119.8  	     122.4  	     
119.0  	     126.7  	     118.7  	     119.4  	     119.7  	     120.2  	     118.6  	     121.2  	     
117.8  	     125.7  	     117.7  	     118.4  	     118.7  	     118.9  	     117.3  	     120.2  	     
116.8  	     124.7  	     116.8  	     117.4  	     117.6  	     117.7  	     116.3  	     119.3  	     
116.0  	     123.7  	     115.8  	     116.3  	     116.7  	     117.0  	     115.4  	     118.3  	     
115.1  	     122.7  	     114.9  	     115.5  	     115.8  	     116.2  	     114.6  	     117.5  	     
114.3  	     121.8  	     114.0  	     114.4  	     114.9  	     115.4  	     113.8  	     116.7  	     
113.7  	     120.8  	     113.1  	     113.5  	     114.1  	     114.1  	     113.0  	     116.2  	     
113.1  	     119.9  	     112.3  	     112.6  	     113.1  	     113.9  	     112.5  	     115.5  	     
112.7  	     119.1  	     111.7  	     111.9  	     112.4  	     113.4  	     112.1  	     115.1  	     
112.2  	     118.4  	     111.1  	     111.3  	     111.8  	     112.9  	     111.7  	     114.8  	     
112.1  	     117.7  	     110.7  	     111.0  	     111.5  	     112.8  	     111.5  	     114.5  	     