
G32-PTC3  	G32-PTC8  	G32-PTC9  	G32-PTC15  	G32-PTC17  	G32-PTC22  	G32-PTC32  	G32-PTC44  	
Deg.F  	     Deg.F  	     Deg.F  	     Deg.F  	     Deg.F  	     Deg.F  	     Deg.F  	     Deg.F  	     
71.6  	     71.8  	     72.1  	     74.4  	     73.4  	     74.1  	     71.6  	     72.7  	     
71.6  	     71.8  	     72.1  	     74.4  	     73.4  	     74.1  	     71.6  	     72.7  	     
71.6  	     71.8  	     72.1  	     74.4  	     73.4  	     74.1  	     71.6  	     72.6  	     
71.6  	     71.8  	     72.1  	     74.4  	     73.4  	     74.1  	     71.6  	     72.6  	     
71.8  	     72.2  	     72.2  	     74.5  	     73.7  	     74.4  	     71.9  	     72.9  	     
72.3  	     72.8  	     72.5  	     75.0  	     74.3  	     74.8  	     72.4  	     73.4  	     
72.9  	     73.7  	     72.8  	     75.5  	     75.0  	     75.4  	     73.0  	     74.1  	     
73.7  	     74.6  	     73.2  	     76.3  	     75.9  	     76.2  	     74.1  	     74.8  	     
74.7  	     75.8  	     73.9  	     76.9  	     77.2  	     77.1  	     75.4  	     76.0  	     
76.2  	     77.5  	     74.7  	     78.3  	     79.0  	     78.4  	     77.2  	     77.5  	     
77.8  	     79.3  	     75.5  	     79.7  	     81.0  	     79.9  	     79.0  	     79.3  	     
78.1  	     79.6  	     75.4  	     79.8  	     81.4  	     80.2  	     79.3  	     79.6  	     
79.8  	     81.4  	     76.2  	     81.3  	     83.2  	     81.9  	     81.3  	     81.5  	     
81.9  	     83.9  	     77.0  	     82.8  	     86.1  	     83.9  	     84.1  	     83.7  	     
84.4  	     86.7  	     78.3  	     85.1  	     88.8  	     86.3  	     86.8  	     86.4  	     
87.1  	     89.6  	     79.5  	     87.6  	     92.0  	     89.0  	     90.2  	     89.4  	     
89.8  	     92.8  	     81.1  	     89.8  	     95.5  	     91.8  	     93.3  	     92.5  	     
92.8  	     96.1  	     82.5  	     92.6  	     99.2  	     94.8  	     97.0  	     95.7  	     
96.0  	     99.7  	     84.1  	     95.6  	     103.0  	     98.1  	     100.6  	     99.3  	     
99.3  	     103.3  	     85.9  	     98.5  	     106.9  	     101.3  	     104.6  	     103.0  	     
102.8  	     107.2  	     87.6  	     101.9  	     111.0  	     105.1  	     108.3  	     106.8  	     
106.7  	     111.3  	     89.4  	     105.3  	     115.9  	     108.9  	     112.3  	     110.8  	     
110.3  	     115.2  	     91.4  	     108.9  	     120.5  	     112.7  	     116.3  	     114.9  	     
114.1  	     119.0  	     93.3  	     112.3  	     124.6  	     116.6  	     120.3  	     119.1  	     
118.1  	     123.2  	     95.3  	     116.4  	     129.4  	     120.7  	     124.5  	     123.6  	     
121.9  	     127.7  	     97.7  	     120.3  	     134.5  	     124.9  	     128.9  	     127.9  	     
126.1  	     131.9  	     100.0  	     124.3  	     138.9  	     129.2  	     133.1  	     132.4  	     
130.3  	     136.5  	     102.7  	     128.6  	     144.4  	     133.5  	     137.7  	     137.1  	     
134.7  	     141.1  	     105.2  	     132.8  	     149.4  	     137.8  	     142.3  	     141.7  	     
139.1  	     146.0  	     107.8  	     137.3  	     154.5  	     142.4  	     146.4  	     146.4  	     
143.6  	     150.6  	     110.7  	     141.8  	     159.7  	     146.9  	     151.2  	     151.3  	     
148.2  	     155.4  	     113.6  	     146.5  	     164.9  	     151.4  	     155.5  	     156.1  	     
152.8  	     160.3  	     116.3  	     150.9  	     169.9  	     156.0  	     160.3  	     160.8  	     
157.3  	     164.8  	     119.8  	     155.5  	     175.1  	     160.7  	     165.1  	     165.8  	     
162.1  	     169.7  	     123.5  	     160.2  	     180.1  	     165.4  	     169.7  	     170.8  	     
166.5  	     174.7  	     127.4  	     165.1  	     185.5  	     170.2  	     174.4  	     175.7  	     
171.0  	     179.5  	     130.4  	     169.7  	     190.2  	     174.7  	     179.1  	     180.6  	     
175.9  	     184.6  	     134.5  	     174.4  	     195.0  	     179.3  	     183.7  	     185.7  	     
180.3  	     189.2  	     138.4  	     178.7  	     199.6  	     184.1  	     188.2  	     190.4  	     
184.7  	     193.8  	     141.8  	     183.7  	     204.7  	     188.5  	     192.9  	     195.1  	     
189.5  	     198.2  	     145.9  	     188.4  	     209.6  	     193.2  	     197.1  	     199.8  	     
193.9  	     202.9  	     149.8  	     192.9  	     213.6  	     197.6  	     201.5  	     204.5  	     
198.2  	     207.3  	     153.8  	     197.3  	     218.0  	     202.1  	     206.1  	     209.1  	     
202.6  	     211.5  	     157.8  	     201.5  	     222.2  	     206.7  	     210.6  	     213.7  	     
206.8  	     215.6  	     161.8  	     206.0  	     226.5  	     211.1  	     215.0  	     218.3  	     
211.2  	     220.1  	     165.7  	     210.5  	     230.8  	     215.6  	     219.3  	     222.8  	     
215.6  	     224.5  	     170.0  	     214.7  	     235.4  	     220.0  	     223.5  	     227.5  	     
219.9  	     228.5  	     174.2  	     219.3  	     239.3  	     224.4  	     227.9  	     231.8  	     
224.3  	     232.8  	     178.3  	     223.7  	     243.8  	     228.9  	     232.4  	     236.4  	     
228.5  	     237.2  	     182.5  	     228.7  	     248.3  	     233.3  	     236.7  	     241.0  	     
232.9  	     241.9  	     186.8  	     232.6  	     252.7  	     237.6  	     241.4  	     245.4  	     
237.4  	     246.3  	     191.2  	     237.1  	     257.2  	     242.2  	     245.7  	     250.1  	     
241.7  	     250.4  	     195.6  	     241.1  	     261.3  	     246.6  	     250.2  	     254.7  	     
246.1  	     254.9  	     200.1  	     245.5  	     265.6  	     251.1  	     254.4  	     259.1  	     
250.4  	     258.9  	     204.6  	     250.0  	     269.7  	     255.5  	     258.8  	     263.6  	     
254.5  	     263.5  	     208.9  	     254.4  	     274.3  	     259.9  	     263.1  	     268.1  	     
258.8  	     267.5  	     213.2  	     258.5  	     278.6  	     264.4  	     267.5  	     272.5  	     
263.1  	     271.8  	     217.7  	     262.6  	     282.9  	     268.8  	     271.9  	     276.9  	     
267.5  	     276.1  	     222.2  	     267.2  	     287.0  	     273.2  	     276.3  	     281.4  	     
271.9  	     280.4  	     226.6  	     271.3  	     291.5  	     277.8  	     280.8  	     285.8  	     
276.2  	     284.6  	     231.1  	     275.8  	     295.6  	     282.1  	     284.8  	     290.2  	     
280.4  	     288.7  	     235.7  	     279.9  	     299.7  	     286.6  	     289.2  	     294.5  	     
284.7  	     292.7  	     240.6  	     284.2  	     303.9  	     291.0  	     293.1  	     299.0  	     
288.1  	     296.0  	     245.0  	     288.0  	     307.5  	     294.9  	     296.6  	     302.9  	     
290.9  	     298.4  	     249.7  	     291.3  	     310.1  	     298.2  	     299.0  	     305.8  	     
293.6  	     300.9  	     254.6  	     294.1  	     312.9  	     301.0  	     301.4  	     308.6  	     
296.0  	     303.2  	     259.3  	     297.0  	     315.4  	     303.6  	     303.4  	     311.3  	     
297.7  	     304.7  	     262.7  	     299.0  	     317.0  	     305.4  	     304.9  	     312.9  	     
298.2  	     305.0  	     264.0  	     299.5  	     317.5  	     306.0  	     305.4  	     313.4  	     
300.2  	     306.8  	     268.1  	     301.6  	     319.3  	     308.2  	     307.2  	     315.4  	     
302.2  	     308.7  	     272.2  	     304.2  	     321.3  	     310.3  	     309.3  	     317.4  	     
304.8  	     311.3  	     276.3  	     307.0  	     323.8  	     312.8  	     312.0  	     319.7  	     
307.4  	     313.8  	     279.9  	     310.0  	     326.5  	     315.7  	     315.0  	     322.3  	     
310.4  	     316.8  	     283.7  	     312.4  	     329.4  	     318.6  	     318.2  	     325.2  	     
313.4  	     319.9  	     287.7  	     315.7  	     332.5  	     321.8  	     321.3  	     328.1  	     
316.1  	     322.2  	     291.4  	     318.5  	     335.0  	     324.8  	     323.8  	     330.8  	     
318.4  	     324.3  	     295.0  	     320.7  	     336.9  	     327.5  	     326.1  	     333.3  	     
320.1  	     325.7  	     298.4  	     322.7  	     338.5  	     329.4  	     327.3  	     334.7  	     
321.3  	     326.7  	     301.3  	     324.2  	     339.3  	     330.9  	     328.2  	     335.9  	     
322.4  	     327.7  	     303.8  	     325.6  	     340.0  	     332.1  	     329.3  	     336.8  	     
323.5  	     328.5  	     306.3  	     326.9  	     340.7  	     333.3  	     330.2  	     337.7  	     
324.8  	     329.5  	     308.6  	     328.2  	     341.5  	     334.5  	     331.2  	     338.5  	     
326.3  	     330.9  	     311.0  	     330.0  	     342.5  	     336.0  	     332.9  	     339.6  	     
327.8  	     332.4  	     313.2  	     331.4  	     344.1  	     337.6  	     334.5  	     340.9  	     
329.1  	     333.4  	     315.3  	     332.5  	     345.2  	     339.1  	     335.4  	     342.0  	     
330.0  	     334.3  	     317.3  	     333.8  	     345.4  	     340.1  	     336.3  	     342.7  	     
331.1  	     335.4  	     319.2  	     334.9  	     346.1  	     341.0  	     337.3  	     343.5  	     
332.3  	     336.4  	     321.0  	     336.0  	     346.8  	     342.1  	     338.3  	     344.5  	     
333.4  	     337.4  	     322.9  	     336.9  	     347.3  	     343.2  	     339.4  	     345.1  	     
334.3  	     338.1  	     324.5  	     337.9  	     347.9  	     344.1  	     340.1  	     345.7  	     
335.1  	     338.8  	     326.0  	     338.8  	     348.2  	     344.9  	     341.0  	     346.3  	     
335.9  	     339.6  	     327.5  	     339.7  	     348.7  	     345.7  	     341.6  	     346.7  	     
336.6  	     340.2  	     329.0  	     340.5  	     348.8  	     346.5  	     342.3  	     347.2  	     
337.5  	     340.8  	     330.5  	     341.3  	     349.2  	     347.1  	     342.8  	     347.6  	     
338.0  	     341.5  	     331.5  	     341.9  	     349.5  	     347.7  	     343.3  	     348.1  	     
338.9  	     342.0  	     332.8  	     342.7  	     349.6  	     348.2  	     343.9  	     348.4  	     
339.4  	     342.4  	     333.8  	     343.2  	     349.7  	     348.6  	     344.4  	     348.8  	     
340.1  	     342.9  	     335.1  	     343.8  	     349.9  	     349.0  	     344.8  	     349.0  	     
340.7  	     343.4  	     335.9  	     344.3  	     350.0  	     349.4  	     345.3  	     349.2  	     
341.3  	     343.8  	     336.9  	     344.9  	     350.2  	     349.7  	     345.8  	     349.4  	     
341.7  	     344.2  	     337.8  	     345.4  	     350.3  	     349.9  	     346.1  	     349.6  	     
342.2  	     344.6  	     338.7  	     345.5  	     350.3  	     350.3  	     346.6  	     349.9  	     
342.8  	     345.0  	     339.5  	     345.9  	     350.4  	     350.4  	     347.1  	     350.1  	     
343.2  	     345.3  	     340.2  	     346.4  	     350.4  	     350.7  	     347.4  	     350.2  	     
343.7  	     345.6  	     340.9  	     346.4  	     350.3  	     351.1  	     347.7  	     350.5  	     
344.1  	     345.9  	     341.5  	     347.0  	     350.4  	     351.2  	     348.0  	     350.5  	     
344.6  	     346.2  	     342.2  	     347.3  	     350.5  	     351.4  	     348.3  	     350.6  	     
344.9  	     346.6  	     342.8  	     347.3  	     350.4  	     351.6  	     348.4  	     350.7  	     
345.2  	     346.5  	     343.2  	     347.7  	     350.2  	     351.6  	     348.5  	     350.6  	     
345.3  	     346.6  	     343.7  	     347.6  	     349.9  	     351.5  	     348.4  	     350.5  	     
345.6  	     346.7  	     344.2  	     347.8  	     349.9  	     351.5  	     348.7  	     350.4  	     
345.7  	     346.7  	     344.5  	     347.9  	     349.8  	     351.5  	     349.0  	     350.4  	     
345.8  	     346.8  	     344.8  	     347.9  	     349.6  	     351.5  	     348.9  	     350.3  	     
346.0  	     346.8  	     345.2  	     348.1  	     349.4  	     351.4  	     348.9  	     350.2  	     
346.3  	     347.0  	     345.4  	     348.3  	     349.5  	     351.4  	     349.1  	     350.2  	     
346.5  	     347.1  	     345.7  	     348.1  	     349.4  	     351.3  	     349.1  	     350.1  	     
346.5  	     347.1  	     346.0  	     348.3  	     349.4  	     351.3  	     349.1  	     350.0  	     
346.8  	     347.1  	     346.1  	     348.4  	     349.1  	     351.3  	     349.2  	     350.0  	     
347.0  	     347.2  	     346.5  	     348.3  	     349.1  	     351.2  	     349.1  	     349.9  	     
347.1  	     347.2  	     346.7  	     348.3  	     349.1  	     351.1  	     349.3  	     349.8  	     
347.2  	     347.3  	     346.7  	     348.3  	     349.0  	     351.1  	     349.3  	     349.9  	     
347.4  	     347.3  	     346.9  	     348.1  	     349.0  	     351.1  	     349.4  	     349.8  	     
347.6  	     347.5  	     347.1  	     348.8  	     349.1  	     351.1  	     349.5  	     349.8  	     
347.9  	     347.8  	     347.5  	     348.9  	     349.1  	     351.3  	     349.6  	     350.0  	     
348.1  	     347.9  	     347.5  	     348.9  	     349.2  	     351.3  	     349.9  	     350.1  	     
348.4  	     348.1  	     347.8  	     349.1  	     349.2  	     351.4  	     350.1  	     350.0  	     
348.6  	     348.3  	     348.0  	     349.0  	     349.4  	     351.4  	     350.2  	     350.2  	     
348.9  	     348.4  	     348.1  	     349.2  	     349.5  	     351.4  	     350.3  	     350.3  	     
349.0  	     348.4  	     348.3  	     349.3  	     349.4  	     351.4  	     350.5  	     350.3  	     
349.2  	     348.3  	     348.4  	     349.3  	     349.6  	     351.5  	     350.6  	     350.3  	     
349.3  	     348.4  	     348.5  	     349.5  	     349.4  	     351.5  	     350.5  	     350.4  	     
349.4  	     348.3  	     348.7  	     349.4  	     349.5  	     351.4  	     350.5  	     350.3  	     
349.6  	     348.5  	     348.7  	     349.6  	     349.4  	     351.4  	     350.7  	     350.3  	     
349.8  	     348.6  	     349.0  	     349.6  	     349.5  	     351.4  	     350.6  	     350.3  	     
349.9  	     348.7  	     349.1  	     349.7  	     349.4  	     351.6  	     350.7  	     350.4  	     
350.0  	     348.7  	     349.3  	     349.7  	     349.5  	     351.6  	     350.8  	     350.4  	     
350.1  	     348.8  	     349.2  	     349.8  	     349.4  	     351.6  	     350.8  	     350.4  	     
350.2  	     348.8  	     349.3  	     349.9  	     349.5  	     351.5  	     350.7  	     350.4  	     
350.3  	     348.9  	     349.5  	     349.8  	     349.5  	     351.5  	     350.8  	     350.4  	     
350.4  	     349.0  	     349.6  	     349.7  	     349.4  	     351.5  	     350.8  	     350.4  	     
350.5  	     349.1  	     349.7  	     349.7  	     349.4  	     351.6  	     351.0  	     350.4  	     
350.6  	     349.0  	     349.8  	     349.9  	     349.5  	     351.6  	     350.9  	     350.3  	     
350.6  	     349.1  	     349.8  	     349.9  	     349.6  	     351.6  	     351.0  	     350.4  	     
350.7  	     349.0  	     349.9  	     349.8  	     349.4  	     351.5  	     350.8  	     350.3  	     
350.6  	     349.0  	     349.9  	     349.9  	     349.4  	     351.5  	     351.1  	     350.3  	     
350.8  	     349.0  	     349.9  	     350.1  	     349.3  	     351.5  	     351.0  	     350.3  	     
350.8  	     349.0  	     350.0  	     349.8  	     349.3  	     351.4  	     351.1  	     350.3  	     
350.9  	     349.1  	     350.0  	     350.0  	     349.4  	     351.4  	     351.1  	     350.3  	     
351.0  	     349.1  	     349.9  	     350.1  	     349.3  	     351.4  	     351.2  	     350.3  	     
351.1  	     349.1  	     350.1  	     349.9  	     349.3  	     351.4  	     350.9  	     350.2  	     
351.1  	     349.0  	     350.1  	     349.9  	     349.2  	     351.5  	     351.0  	     350.2  	     
351.2  	     349.1  	     350.1  	     349.9  	     349.3  	     351.4  	     351.0  	     350.2  	     
351.2  	     349.2  	     350.2  	     349.7  	     349.2  	     351.4  	     351.0  	     350.2  	     
351.3  	     349.1  	     350.2  	     349.9  	     349.2  	     351.3  	     350.9  	     350.2  	     
351.3  	     349.1  	     350.2  	     349.8  	     349.1  	     351.3  	     351.1  	     350.1  	     
351.3  	     349.1  	     350.3  	     350.0  	     349.2  	     351.3  	     351.0  	     350.2  	     
351.0  	     349.0  	     350.3  	     349.9  	     349.3  	     351.2  	     351.0  	     350.2  	     
351.0  	     349.1  	     350.4  	     349.9  	     349.2  	     351.3  	     351.0  	     350.1  	     
351.0  	     349.1  	     350.3  	     350.0  	     349.2  	     351.2  	     351.0  	     350.1  	     
349.9  	     349.1  	     350.3  	     349.8  	     349.2  	     351.2  	     350.9  	     350.1  	     
350.5  	     349.1  	     350.3  	     350.0  	     349.1  	     351.2  	     351.0  	     350.1  	     
350.5  	     349.1  	     350.3  	     350.0  	     349.1  	     351.2  	     351.2  	     350.1  	     
351.1  	     349.1  	     350.3  	     349.9  	     349.1  	     351.2  	     350.9  	     350.0  	     
351.0  	     349.1  	     350.4  	     350.2  	     349.2  	     351.1  	     350.8  	     350.0  	     
351.0  	     349.0  	     350.4  	     350.0  	     349.1  	     351.0  	     351.0  	     350.1  	     
350.5  	     349.1  	     350.4  	     349.7  	     349.1  	     351.0  	     351.0  	     350.0  	     
350.1  	     349.0  	     350.3  	     349.8  	     349.1  	     351.0  	     351.0  	     349.9  	     
350.1  	     349.1  	     350.4  	     350.0  	     349.0  	     351.0  	     351.0  	     350.0  	     
349.1  	     349.1  	     350.3  	     349.7  	     348.9  	     351.0  	     350.9  	     349.8  	     
350.1  	     349.1  	     350.4  	     349.9  	     349.0  	     350.9  	     350.9  	     350.0  	     
348.6  	     349.0  	     350.4  	     349.7  	     349.0  	     351.0  	     350.8  	     349.9  	     
351.5  	     349.0  	     350.4  	     349.9  	     349.0  	     350.9  	     350.9  	     349.9  	     
351.6  	     349.0  	     350.3  	     349.7  	     348.9  	     350.8  	     350.8  	     349.9  	     
350.0  	     348.9  	     350.3  	     349.8  	     348.8  	     350.8  	     350.8  	     349.7  	     
350.0  	     348.8  	     350.2  	     349.7  	     348.7  	     350.9  	     350.7  	     349.9  	     
350.1  	     348.8  	     350.1  	     349.8  	     348.7  	     350.9  	     350.7  	     350.0  	     
350.3  	     348.9  	     350.4  	     349.6  	     348.7  	     350.8  	     350.7  	     349.8  	     
350.1  	     348.8  	     350.2  	     349.7  	     348.7  	     350.8  	     350.7  	     349.8  	     
351.2  	     348.8  	     350.1  	     349.5  	     348.8  	     350.8  	     350.6  	     349.8  	     
351.2  	     348.8  	     350.2  	     349.6  	     348.7  	     350.7  	     350.6  	     349.8  	     
350.7  	     348.8  	     350.1  	     349.7  	     348.7  	     350.6  	     350.6  	     349.8  	     
350.6  	     348.8  	     350.1  	     349.5  	     348.7  	     350.6  	     350.4  	     349.6  	     
350.6  	     348.7  	     350.0  	     349.4  	     348.6  	     350.6  	     350.6  	     349.6  	     
350.6  	     348.7  	     350.0  	     349.6  	     348.7  	     350.6  	     350.5  	     349.5  	     
346.0  	     348.6  	     349.9  	     349.7  	     348.6  	     350.5  	     350.6  	     349.6  	     
346.2  	     348.7  	     349.9  	     349.4  	     348.6  	     350.6  	     350.5  	     349.5  	     
348.9  	     348.7  	     350.1  	     349.5  	     348.6  	     350.5  	     350.4  	     349.4  	     
349.6  	     348.6  	     350.1  	     349.7  	     348.6  	     350.5  	     350.4  	     349.5  	     
350.8  	     348.7  	     350.0  	     349.5  	     348.6  	     350.4  	     350.5  	     349.5  	     
350.8  	     348.7  	     350.0  	     349.6  	     348.4  	     350.4  	     350.5  	     349.5  	     
350.7  	     348.7  	     350.0  	     349.5  	     348.4  	     350.5  	     350.5  	     349.4  	     
346.0  	     348.8  	     349.9  	     349.5  	     348.4  	     350.5  	     350.3  	     349.4  	     
348.7  	     348.6  	     350.0  	     349.1  	     348.4  	     350.5  	     350.4  	     349.4  	     
350.2  	     348.7  	     349.9  	     349.3  	     348.4  	     350.4  	     350.4  	     349.4  	     
349.5  	     348.6  	     350.0  	     349.2  	     348.4  	     350.4  	     350.4  	     349.3  	     
348.2  	     348.6  	     349.9  	     349.5  	     348.4  	     350.3  	     350.2  	     349.4  	     
347.2  	     348.6  	     349.9  	     349.2  	     348.4  	     350.3  	     350.3  	     349.5  	     
346.1  	     348.8  	     350.0  	     349.3  	     348.5  	     350.4  	     350.3  	     349.4  	     
347.1  	     348.6  	     349.9  	     349.4  	     348.2  	     350.4  	     350.1  	     349.4  	     
346.5  	     348.4  	     349.9  	     349.2  	     348.2  	     350.2  	     350.1  	     349.2  	     
346.7  	     348.3  	     349.8  	     349.1  	     348.2  	     350.1  	     349.9  	     349.1  	     
347.7  	     348.3  	     349.9  	     349.2  	     348.2  	     350.1  	     350.0  	     349.1  	     
347.6  	     348.3  	     349.7  	     349.2  	     348.2  	     350.1  	     350.1  	     349.2  	     
349.7  	     348.3  	     349.6  	     349.1  	     348.2  	     350.1  	     350.2  	     349.1  	     
348.8  	     348.4  	     349.7  	     349.2  	     348.2  	     350.2  	     350.0  	     349.2  	     
350.2  	     348.4  	     349.7  	     349.3  	     348.3  	     350.1  	     350.1  	     349.2  	     
350.4  	     348.4  	     349.7  	     349.4  	     348.4  	     350.1  	     350.2  	     349.1  	     
349.8  	     348.3  	     349.7  	     349.1  	     348.3  	     350.2  	     350.1  	     349.2  	     
350.0  	     348.3  	     349.7  	     349.1  	     348.2  	     350.2  	     350.2  	     349.2  	     
349.0  	     348.2  	     349.6  	     349.1  	     348.2  	     350.2  	     350.0  	     349.1  	     
349.2  	     348.3  	     349.6  	     349.2  	     348.2  	     350.1  	     350.1  	     349.1  	     
349.3  	     348.4  	     349.6  	     349.0  	     348.3  	     350.1  	     350.2  	     349.2  	     
350.0  	     348.5  	     349.6  	     349.4  	     348.4  	     350.1  	     350.4  	     349.3  	     
350.5  	     348.6  	     349.8  	     349.3  	     348.4  	     350.2  	     350.3  	     349.3  	     
350.9  	     348.6  	     349.7  	     349.3  	     348.4  	     350.2  	     350.2  	     349.3  	     
351.0  	     348.6  	     349.8  	     349.0  	     348.4  	     350.2  	     350.2  	     349.3  	     
350.7  	     348.3  	     349.7  	     349.2  	     348.2  	     350.0  	     349.9  	     349.2  	     
349.9  	     348.1  	     349.6  	     349.1  	     347.9  	     349.9  	     350.0  	     349.0  	     
349.3  	     348.1  	     349.5  	     349.1  	     348.1  	     349.9  	     350.2  	     349.1  	     
350.1  	     348.2  	     349.5  	     349.0  	     348.2  	     349.9  	     350.1  	     349.1  	     
350.0  	     348.3  	     349.6  	     349.1  	     348.2  	     350.0  	     350.1  	     349.2  	     
349.8  	     348.3  	     349.6  	     349.3  	     348.2  	     350.1  	     350.1  	     349.1  	     
347.8  	     348.4  	     349.5  	     349.1  	     348.2  	     350.1  	     350.2  	     349.3  	     
347.4  	     348.2  	     349.6  	     348.8  	     348.1  	     350.0  	     349.8  	     349.1  	     
347.5  	     348.1  	     349.4  	     348.8  	     348.0  	     349.9  	     349.8  	     349.1  	     
347.9  	     348.4  	     349.5  	     348.9  	     348.0  	     349.9  	     349.8  	     349.0  	     
348.0  	     348.3  	     349.4  	     348.8  	     348.0  	     349.9  	     350.0  	     349.0  	     
348.4  	     348.4  	     349.6  	     348.7  	     348.2  	     350.0  	     349.9  	     349.1  	     
348.4  	     348.2  	     349.6  	     348.9  	     348.0  	     349.9  	     350.1  	     349.3  	     
348.6  	     348.3  	     349.5  	     349.0  	     348.1  	     349.9  	     350.1  	     349.2  	     
349.4  	     348.2  	     349.5  	     348.9  	     348.0  	     349.9  	     350.0  	     349.1  	     
350.0  	     348.3  	     349.4  	     349.0  	     348.2  	     350.0  	     350.2  	     349.2  	     
350.3  	     348.3  	     349.5  	     348.8  	     348.2  	     350.0  	     350.2  	     349.1  	     
350.6  	     348.4  	     349.5  	     349.0  	     348.3  	     349.9  	     349.9  	     349.1  	     
349.7  	     348.6  	     349.6  	     349.1  	     348.2  	     350.0  	     349.8  	     349.1  	     
348.4  	     348.3  	     349.6  	     349.0  	     348.2  	     349.9  	     349.9  	     349.1  	     
349.1  	     348.2  	     349.5  	     349.1  	     348.1  	     350.0  	     349.9  	     349.1  	     
349.2  	     348.5  	     349.5  	     348.9  	     348.2  	     349.9  	     349.9  	     349.1  	     
350.3  	     348.5  	     349.6  	     349.0  	     348.2  	     350.0  	     350.0  	     349.2  	     
350.1  	     348.5  	     349.4  	     349.1  	     348.3  	     350.0  	     350.1  	     349.3  	     
349.9  	     348.3  	     349.5  	     349.3  	     348.4  	     350.0  	     350.1  	     349.3  	     
349.3  	     348.5  	     349.5  	     349.4  	     348.3  	     350.1  	     350.2  	     349.2  	     
349.8  	     348.4  	     349.5  	     349.0  	     348.2  	     350.0  	     349.9  	     349.3  	     
348.7  	     348.4  	     349.5  	     349.1  	     348.2  	     349.9  	     350.1  	     349.1  	     
350.1  	     348.1  	     349.5  	     349.1  	     348.0  	     350.0  	     349.8  	     349.1  	     
346.3  	     347.2  	     349.5  	     348.4  	     347.1  	     349.6  	     348.8  	     348.3  	     
344.2  	     346.3  	     349.2  	     347.8  	     346.0  	     348.7  	     348.1  	     347.6  	     
343.2  	     345.3  	     348.6  	     346.9  	     344.8  	     348.0  	     346.9  	     346.7  	     
341.6  	     343.6  	     348.1  	     346.2  	     343.1  	     347.0  	     345.2  	     345.5  	     
340.2  	     342.0  	     347.5  	     344.6  	     341.5  	     345.6  	     343.3  	     344.0  	     
338.8  	     339.9  	     346.7  	     343.1  	     338.9  	     344.1  	     341.4  	     342.2  	     
336.8  	     337.9  	     345.5  	     341.6  	     336.8  	     342.4  	     339.0  	     340.4  	     
335.2  	     335.9  	     344.2  	     340.0  	     334.7  	     340.7  	     337.2  	     338.5  	     
333.4  	     334.0  	     343.1  	     338.2  	     332.5  	     339.1  	     335.2  	     336.5  	     
331.6  	     331.8  	     341.8  	     336.5  	     330.1  	     337.3  	     333.3  	     334.7  	     
329.9  	     329.4  	     340.4  	     334.9  	     327.8  	     335.5  	     330.9  	     332.4  	     
328.0  	     327.1  	     339.0  	     332.6  	     324.9  	     333.4  	     328.5  	     330.1  	     
326.2  	     325.4  	     337.8  	     331.2  	     323.3  	     331.8  	     327.1  	     328.5  	     
325.8  	     324.6  	     337.3  	     330.6  	     322.5  	     331.3  	     326.4  	     327.7  	     
324.1  	     322.0  	     335.7  	     328.2  	     319.5  	     329.1  	     323.7  	     325.3  	     
321.9  	     319.5  	     333.8  	     325.8  	     316.8  	     326.9  	     320.8  	     322.6  	     
322.4  	     316.7  	     331.9  	     323.4  	     313.7  	     324.4  	     318.2  	     319.8  	     
317.0  	     313.8  	     329.8  	     321.1  	     310.3  	     321.9  	     315.3  	     317.0  	     
317.4  	     310.7  	     327.7  	     318.4  	     306.9  	     319.2  	     312.3  	     314.1  	     
314.5  	     307.7  	     325.6  	     315.5  	     303.5  	     316.5  	     309.1  	     311.0  	     
311.5  	     304.4  	     323.3  	     312.8  	     299.9  	     313.7  	     305.9  	     307.8  	     
308.4  	     301.1  	     320.9  	     309.8  	     296.2  	     310.7  	     302.7  	     304.6  	     
305.2  	     297.6  	     318.5  	     306.8  	     292.8  	     307.8  	     298.9  	     301.4  	     
302.1  	     294.3  	     315.9  	     303.4  	     288.8  	     304.6  	     295.8  	     298.1  	     
299.1  	     291.0  	     313.3  	     300.4  	     285.5  	     301.6  	     292.8  	     294.7  	     
295.7  	     287.6  	     310.5  	     297.4  	     281.7  	     298.3  	     289.3  	     291.3  	     
292.5  	     284.0  	     307.8  	     294.2  	     278.7  	     295.0  	     285.8  	     287.7  	     
289.2  	     280.7  	     305.1  	     291.1  	     275.0  	     291.7  	     282.3  	     284.3  	     
286.0  	     277.2  	     302.2  	     287.6  	     271.5  	     288.5  	     278.9  	     280.8  	     
282.5  	     273.2  	     299.3  	     284.0  	     267.4  	     284.9  	     275.2  	     277.2  	     
279.0  	     269.6  	     296.2  	     280.8  	     263.5  	     281.6  	     271.9  	     273.6  	     
275.7  	     265.8  	     293.1  	     277.1  	     259.8  	     278.1  	     268.1  	     270.0  	     
272.2  	     261.9  	     290.1  	     273.5  	     255.5  	     274.5  	     264.3  	     266.1  	     
268.5  	     258.0  	     286.8  	     270.2  	     250.9  	     270.9  	     260.8  	     262.5  	     
265.1  	     254.4  	     283.7  	     266.9  	     247.4  	     267.3  	     256.7  	     258.7  	     
261.6  	     250.7  	     280.6  	     263.3  	     243.6  	     263.7  	     253.0  	     255.0  	     
257.9  	     246.9  	     277.3  	     259.6  	     239.4  	     260.2  	     249.5  	     251.2  	     
254.4  	     243.3  	     273.9  	     255.8  	     236.0  	     256.5  	     245.8  	     247.5  	     
250.9  	     239.5  	     270.8  	     252.1  	     232.0  	     252.9  	     242.2  	     243.8  	     
247.4  	     235.8  	     267.4  	     248.9  	     228.7  	     249.1  	     238.7  	     240.1  	     
243.5  	     232.2  	     264.1  	     245.3  	     224.7  	     245.6  	     234.9  	     236.4  	     
240.2  	     228.7  	     260.7  	     241.5  	     221.2  	     242.1  	     231.3  	     232.7  	     
236.8  	     225.0  	     257.7  	     238.2  	     217.4  	     238.3  	     227.8  	     228.9  	     
233.2  	     221.5  	     254.1  	     234.3  	     213.8  	     234.8  	     223.3  	     225.5  	     
229.9  	     218.1  	     250.8  	     230.8  	     210.3  	     231.3  	     220.2  	     221.9  	     
226.6  	     214.5  	     247.5  	     227.7  	     206.7  	     227.7  	     217.0  	     218.3  	     
223.3  	     211.4  	     244.5  	     224.1  	     203.3  	     224.3  	     213.5  	     214.9  	     
220.0  	     208.0  	     241.2  	     220.8  	     200.0  	     220.9  	     209.7  	     211.7  	     
216.8  	     204.8  	     237.7  	     217.4  	     196.9  	     217.6  	     207.1  	     208.2  	     
213.8  	     201.8  	     234.6  	     214.3  	     193.6  	     214.2  	     203.6  	     205.0  	     
210.8  	     198.7  	     231.4  	     210.9  	     190.7  	     211.1  	     200.6  	     202.0  	     
207.7  	     196.1  	     228.4  	     207.9  	     187.9  	     208.2  	     197.5  	     198.9  	     
204.9  	     193.0  	     225.2  	     204.8  	     185.4  	     205.1  	     194.5  	     195.9  	     
202.2  	     190.0  	     222.2  	     202.0  	     182.3  	     202.1  	     191.9  	     192.9  	     
199.4  	     187.3  	     219.3  	     199.3  	     179.8  	     199.2  	     189.0  	     190.2  	     
196.6  	     184.7  	     216.4  	     196.4  	     177.3  	     196.4  	     186.6  	     187.3  	     
194.0  	     182.0  	     213.3  	     193.4  	     174.9  	     193.7  	     183.8  	     184.6  	     
191.5  	     179.5  	     210.5  	     191.2  	     172.3  	     191.0  	     181.3  	     181.9  	     
189.1  	     177.1  	     207.7  	     188.4  	     170.0  	     188.5  	     179.0  	     179.5  	     
186.5  	     174.7  	     204.9  	     185.7  	     167.8  	     186.0  	     176.7  	     177.3  	     
184.2  	     172.4  	     202.2  	     183.3  	     165.9  	     183.5  	     174.3  	     175.0  	     
181.9  	     170.4  	     199.7  	     180.8  	     164.0  	     181.2  	     172.0  	     172.7  	     
179.6  	     168.6  	     197.1  	     178.6  	     162.0  	     178.7  	     169.7  	     170.5  	     
177.4  	     166.3  	     194.6  	     176.3  	     160.0  	     176.3  	     167.4  	     168.4  	     
175.4  	     164.3  	     192.1  	     173.8  	     158.0  	     174.2  	     165.7  	     166.1  	     
173.1  	     162.3  	     189.7  	     171.7  	     156.1  	     172.0  	     163.7  	     164.1  	     
171.0  	     160.4  	     187.3  	     169.7  	     154.2  	     169.9  	     161.9  	     162.2  	     
169.1  	     158.6  	     185.0  	     167.4  	     152.6  	     167.8  	     160.0  	     160.2  	     
167.3  	     157.0  	     182.8  	     165.8  	     151.2  	     165.9  	     158.2  	     158.5  	     
165.4  	     155.2  	     180.6  	     163.9  	     149.7  	     164.0  	     156.4  	     156.9  	     
163.8  	     153.5  	     178.3  	     162.1  	     148.1  	     162.1  	     154.6  	     155.2  	     
162.0  	     152.0  	     176.1  	     160.1  	     146.6  	     160.4  	     153.1  	     153.5  	     
160.2  	     150.3  	     174.1  	     158.4  	     145.1  	     158.6  	     151.5  	     151.8  	     
158.5  	     148.9  	     172.1  	     156.8  	     143.5  	     156.8  	     149.9  	     150.3  	     
156.9  	     147.3  	     170.2  	     155.0  	     142.1  	     155.1  	     148.4  	     148.8  	     
155.4  	     145.9  	     168.1  	     153.3  	     140.9  	     153.5  	     147.1  	     147.2  	     
153.9  	     144.6  	     166.3  	     151.7  	     139.6  	     152.0  	     145.6  	     145.9  	     
152.3  	     143.2  	     164.5  	     150.4  	     138.4  	     150.5  	     144.1  	     144.5  	     
150.9  	     141.9  	     162.7  	     149.0  	     137.1  	     149.0  	     143.0  	     143.2  	     
149.4  	     140.7  	     161.0  	     147.3  	     136.1  	     147.6  	     141.6  	     141.9  	     
147.9  	     139.6  	     159.3  	     146.0  	     135.0  	     146.3  	     140.4  	     140.5  	     
146.7  	     138.5  	     157.6  	     144.7  	     133.8  	     144.9  	     139.0  	     139.3  	     
145.4  	     137.3  	     155.9  	     143.3  	     132.7  	     143.4  	     137.7  	     138.1  	     
144.2  	     136.3  	     154.4  	     142.2  	     131.8  	     142.2  	     136.7  	     137.0  	     
143.0  	     135.1  	     152.9  	     140.7  	     130.7  	     140.9  	     135.4  	     136.0  	     
141.8  	     134.1  	     151.5  	     139.7  	     129.9  	     139.9  	     134.6  	     134.9  	     
140.6  	     133.1  	     150.2  	     138.4  	     129.0  	     138.6  	     133.5  	     133.9  	     
139.6  	     132.0  	     148.8  	     137.4  	     128.1  	     137.5  	     132.4  	     132.8  	     
138.4  	     131.0  	     147.2  	     136.2  	     127.2  	     136.4  	     131.5  	     131.9  	     
137.4  	     130.1  	     145.9  	     135.2  	     126.4  	     135.3  	     130.6  	     131.0  	     
136.4  	     129.3  	     144.6  	     134.4  	     125.6  	     134.2  	     129.4  	     130.1  	     
135.3  	     128.5  	     143.3  	     133.4  	     124.9  	     133.4  	     128.6  	     129.2  	     
134.3  	     127.7  	     142.2  	     132.2  	     124.0  	     132.2  	     127.5  	     128.4  	     
133.4  	     126.8  	     140.9  	     131.4  	     123.3  	     131.3  	     126.8  	     127.5  	     
132.5  	     125.9  	     139.8  	     130.6  	     122.7  	     130.4  	     125.9  	     126.6  	     
131.5  	     125.3  	     138.7  	     129.7  	     122.1  	     129.5  	     125.4  	     125.8  	     
130.6  	     124.6  	     137.5  	     128.9  	     121.4  	     128.7  	     124.7  	     125.2  	     
129.7  	     123.9  	     136.5  	     127.9  	     120.8  	     127.8  	     124.1  	     124.5  	     
129.0  	     123.1  	     135.4  	     127.4  	     120.1  	     127.1  	     123.5  	     123.8  	     
128.2  	     122.3  	     134.5  	     126.4  	     119.5  	     126.4  	     122.7  	     123.0  	     
127.4  	     121.8  	     133.4  	     125.5  	     119.0  	     125.6  	     121.9  	     122.4  	     
126.6  	     120.9  	     132.3  	     125.0  	     118.4  	     124.9  	     121.3  	     121.8  	     
126.0  	     120.3  	     131.4  	     124.5  	     117.9  	     124.2  	     120.6  	     121.1  	     
125.8  	     120.3  	     131.4  	     124.1  	     117.8  	     124.1  	     120.5  	     121.2  	     
124.9  	     119.4  	     130.5  	     123.3  	     116.8  	     123.2  	     119.6  	     120.3  	     
123.7  	     118.2  	     129.5  	     122.3  	     115.2  	     122.1  	     118.8  	     119.2  	     
122.5  	     117.1  	     128.6  	     121.4  	     113.9  	     120.8  	     117.4  	     118.2  	     
121.3  	     116.1  	     127.6  	     120.4  	     112.5  	     119.7  	     113.3  	     117.2  	     
120.3  	     114.9  	     126.8  	     119.1  	     111.4  	     118.6  	     113.3  	     116.3  	     
119.2  	     113.9  	     125.9  	     118.2  	     110.1  	     117.6  	     112.8  	     115.2  	     
118.3  	     113.0  	     124.9  	     117.2  	     109.2  	     116.6  	     111.4  	     114.2  	     
117.4  	     112.2  	     124.1  	     116.2  	     108.4  	     115.8  	     110.6  	     113.3  	     
116.6  	     111.6  	     123.3  	     115.5  	     107.7  	     114.9  	     110.9  	     112.4  	     
115.7  	     110.9  	     122.5  	     114.6  	     106.8  	     114.1  	     110.4  	     111.6  	     
114.9  	     110.3  	     121.7  	     113.9  	     106.3  	     113.2  	     109.4  	     110.7  	     
114.4  	     110.0  	     120.8  	     113.2  	     105.6  	     112.6  	     108.8  	     110.1  	     
113.9  	     109.6  	     120.1  	     113.0  	     104.9  	     111.9  	     108.5  	     109.5  	     
113.5  	     109.2  	     119.5  	     112.3  	     104.7  	     111.4  	     108.3  	     109.0  	     
113.5  	     109.0  	     119.3  	     112.1  	     104.4  	     111.2  	     108.2  	     108.8  	     