
G32-PTC1  	G32-PTC2  	G32-PTC15  	G32-PTC17  	G32-PTC18  	G32-PTC33  	G32-PTC39  	G32-PTC41  	
Deg.F  	     Deg.F  	     Deg.F  	     Deg.F  	     Deg.F  	     Deg.F  	     Deg.F  	     Deg.F  	     
70.9  	     71.6  	     74.4  	     75.8  	     76.0  	     73.4  	     73.0  	     73.4  	     
70.9  	     71.6  	     74.4  	     75.8  	     76.0  	     73.4  	     73.0  	     73.4  	     
70.9  	     71.6  	     74.4  	     75.8  	     76.0  	     73.4  	     73.0  	     73.4  	     
70.9  	     71.6  	     74.4  	     75.8  	     76.0  	     73.4  	     73.0  	     73.4  	     
73.2  	     72.7  	     74.5  	     75.7  	     76.4  	     73.7  	     73.5  	     73.8  	     
73.3  	     72.8  	     74.6  	     75.8  	     76.9  	     74.1  	     73.9  	     74.5  	     
73.4  	     73.1  	     75.0  	     76.3  	     77.6  	     74.6  	     74.8  	     75.5  	     
73.7  	     73.4  	     75.3  	     76.1  	     78.4  	     76.1  	     75.6  	     76.2  	     
74.5  	     74.0  	     75.8  	     76.2  	     79.7  	     77.7  	     76.9  	     77.6  	     
74.9  	     74.8  	     76.9  	     76.9  	     81.2  	     79.8  	     78.3  	     79.1  	     
75.7  	     75.9  	     78.0  	     77.4  	     82.7  	     81.8  	     79.7  	     80.8  	     
75.8  	     75.8  	     78.1  	     77.6  	     82.9  	     82.1  	     80.1  	     81.0  	     
76.6  	     76.9  	     79.7  	     78.4  	     84.8  	     84.8  	     81.9  	     83.0  	     
77.8  	     77.9  	     81.4  	     79.7  	     87.1  	     87.8  	     84.4  	     85.5  	     
79.3  	     79.3  	     83.7  	     81.2  	     90.0  	     91.2  	     86.7  	     88.4  	     
80.8  	     81.0  	     85.9  	     82.9  	     92.9  	     94.8  	     89.2  	     91.3  	     
82.9  	     83.0  	     88.6  	     84.9  	     95.7  	     98.6  	     92.2  	     94.1  	     
84.9  	     84.8  	     91.4  	     87.0  	     99.0  	     102.4  	     95.2  	     97.2  	     
87.4  	     87.0  	     94.3  	     89.4  	     102.3  	     106.5  	     98.5  	     100.5  	     
89.9  	     88.9  	     97.3  	     91.7  	     105.9  	     110.9  	     101.8  	     104.1  	     
92.8  	     91.4  	     100.8  	     94.4  	     109.7  	     115.3  	     105.6  	     108.0  	     
94.9  	     93.3  	     104.3  	     97.3  	     113.4  	     119.8  	     109.4  	     111.9  	     
98.0  	     95.7  	     108.1  	     100.4  	     117.6  	     124.4  	     113.3  	     115.9  	     
101.1  	     98.3  	     111.9  	     103.6  	     122.0  	     129.1  	     117.3  	     120.2  	     
104.2  	     100.8  	     116.1  	     106.9  	     126.4  	     134.0  	     121.5  	     124.6  	     
107.7  	     103.6  	     120.4  	     110.4  	     130.8  	     138.8  	     126.0  	     128.7  	     
111.3  	     106.7  	     124.8  	     114.1  	     136.0  	     143.8  	     130.4  	     133.2  	     
114.9  	     109.6  	     129.0  	     118.0  	     140.9  	     148.8  	     134.8  	     137.5  	     
118.6  	     112.6  	     133.3  	     121.9  	     146.1  	     153.9  	     139.2  	     142.8  	     
122.3  	     115.6  	     138.1  	     126.0  	     150.9  	     158.7  	     144.2  	     147.7  	     
126.4  	     119.0  	     142.7  	     130.2  	     156.1  	     163.6  	     149.2  	     153.0  	     
130.3  	     122.4  	     147.2  	     134.3  	     161.4  	     168.5  	     154.2  	     158.7  	     
134.4  	     125.6  	     152.0  	     138.7  	     166.5  	     173.7  	     159.2  	     163.6  	     
138.5  	     129.3  	     156.9  	     143.1  	     171.9  	     178.8  	     164.1  	     168.8  	     
142.7  	     132.8  	     161.8  	     147.7  	     177.2  	     184.0  	     169.1  	     174.1  	     
147.3  	     136.3  	     166.4  	     152.2  	     182.8  	     189.0  	     173.9  	     179.1  	     
151.3  	     140.2  	     171.4  	     156.5  	     187.8  	     193.9  	     178.8  	     184.2  	     
156.3  	     144.1  	     176.2  	     161.4  	     193.0  	     198.9  	     184.1  	     188.3  	     
160.9  	     147.9  	     180.6  	     165.9  	     198.6  	     203.6  	     188.8  	     193.6  	     
165.7  	     151.9  	     185.3  	     170.4  	     204.0  	     208.6  	     193.8  	     198.9  	     
170.2  	     156.1  	     190.4  	     174.9  	     209.1  	     213.7  	     198.9  	     204.1  	     
175.2  	     160.2  	     194.9  	     179.6  	     213.9  	     218.2  	     203.8  	     208.6  	     
180.4  	     164.3  	     199.7  	     184.2  	     219.4  	     223.6  	     208.1  	     213.3  	     
182.2  	     168.4  	     204.7  	     188.6  	     224.7  	     228.1  	     213.4  	     218.7  	     
191.0  	     172.9  	     209.2  	     193.3  	     230.2  	     233.0  	     218.1  	     223.5  	     
196.5  	     177.7  	     214.6  	     198.2  	     234.7  	     237.8  	     223.1  	     228.8  	     
201.9  	     182.2  	     219.4  	     202.7  	     240.1  	     242.1  	     228.4  	     233.9  	     
208.2  	     187.1  	     224.2  	     207.4  	     245.1  	     247.7  	     233.8  	     239.1  	     
214.1  	     191.7  	     229.1  	     212.0  	     250.8  	     252.6  	     238.6  	     244.5  	     
219.8  	     196.4  	     233.9  	     217.1  	     256.0  	     257.4  	     243.5  	     249.8  	     
223.4  	     201.0  	     239.1  	     221.6  	     260.8  	     262.0  	     248.6  	     253.9  	     
230.3  	     206.3  	     244.6  	     226.9  	     266.3  	     266.7  	     253.6  	     259.5  	     
235.3  	     210.7  	     249.3  	     231.4  	     271.6  	     272.0  	     258.0  	     264.5  	     
240.3  	     215.5  	     254.8  	     236.2  	     276.7  	     277.2  	     263.7  	     269.3  	     
244.9  	     220.6  	     259.6  	     241.1  	     281.7  	     281.7  	     268.8  	     274.3  	     
249.4  	     225.4  	     264.8  	     246.1  	     286.7  	     286.8  	     273.4  	     279.2  	     
254.1  	     230.3  	     269.8  	     250.9  	     291.6  	     291.7  	     278.4  	     284.2  	     
259.0  	     235.1  	     274.7  	     255.6  	     295.9  	     295.9  	     282.6  	     288.9  	     
263.8  	     240.1  	     279.1  	     260.6  	     299.4  	     299.5  	     286.7  	     292.7  	     
268.9  	     244.9  	     283.0  	     264.9  	     302.3  	     302.2  	     290.3  	     295.8  	     
273.4  	     249.5  	     286.7  	     269.0  	     304.9  	     304.5  	     293.3  	     298.6  	     
277.7  	     253.8  	     289.9  	     272.7  	     307.3  	     306.3  	     296.2  	     300.8  	     
281.6  	     258.1  	     292.9  	     276.5  	     309.8  	     308.1  	     298.8  	     303.1  	     
285.4  	     262.0  	     295.5  	     279.6  	     311.5  	     309.3  	     300.9  	     304.9  	     
288.7  	     265.6  	     297.9  	     282.6  	     313.1  	     310.5  	     302.8  	     306.3  	     
291.9  	     269.5  	     300.0  	     285.6  	     314.4  	     311.2  	     304.7  	     307.6  	     
293.8  	     272.8  	     302.0  	     288.2  	     315.8  	     312.0  	     306.4  	     308.8  	     
297.0  	     276.0  	     303.8  	     290.6  	     317.1  	     312.9  	     307.7  	     309.8  	     
299.3  	     278.8  	     305.5  	     292.8  	     318.2  	     313.6  	     309.0  	     311.0  	     
301.4  	     281.8  	     307.2  	     295.2  	     319.2  	     314.4  	     310.3  	     312.0  	     
303.5  	     284.9  	     308.7  	     297.3  	     319.9  	     314.9  	     311.5  	     312.8  	     
305.3  	     287.2  	     309.8  	     299.2  	     320.7  	     315.5  	     312.5  	     313.7  	     
306.9  	     289.8  	     310.9  	     301.0  	     321.4  	     316.0  	     313.4  	     314.4  	     
308.3  	     292.0  	     312.0  	     302.7  	     322.2  	     316.3  	     314.6  	     315.2  	     
309.6  	     294.2  	     313.0  	     304.1  	     322.8  	     317.2  	     315.5  	     316.0  	     
312.1  	     296.4  	     314.2  	     305.9  	     323.4  	     317.5  	     316.2  	     316.7  	     
312.5  	     298.4  	     314.9  	     307.5  	     323.9  	     318.2  	     317.0  	     317.3  	     
313.7  	     300.5  	     315.9  	     308.7  	     324.3  	     318.7  	     317.7  	     318.0  	     
314.8  	     302.4  	     316.6  	     310.2  	     324.8  	     319.1  	     318.4  	     318.6  	     
316.1  	     304.2  	     317.4  	     311.4  	     325.2  	     319.6  	     319.0  	     319.2  	     
316.9  	     305.8  	     318.2  	     312.5  	     325.5  	     320.0  	     319.6  	     319.9  	     
318.1  	     307.5  	     318.9  	     313.7  	     325.7  	     320.6  	     320.3  	     320.4  	     
319.1  	     308.8  	     319.6  	     314.8  	     326.1  	     320.8  	     320.7  	     320.8  	     
319.1  	     309.1  	     319.5  	     314.9  	     326.1  	     320.9  	     320.8  	     320.8  	     
320.0  	     310.2  	     320.4  	     316.0  	     326.5  	     321.3  	     321.4  	     321.4  	     
320.6  	     311.8  	     321.1  	     317.1  	     327.6  	     322.2  	     322.3  	     322.0  	     
320.3  	     312.9  	     321.8  	     317.9  	     329.5  	     323.9  	     323.7  	     324.2  	     
323.2  	     314.3  	     323.0  	     319.0  	     331.8  	     325.8  	     325.4  	     326.3  	     
324.9  	     315.7  	     324.5  	     320.1  	     334.4  	     328.3  	     327.8  	     329.0  	     
326.4  	     317.4  	     326.1  	     321.6  	     336.4  	     330.7  	     329.9  	     331.4  	     
328.9  	     319.8  	     327.8  	     323.1  	     338.0  	     333.1  	     331.8  	     333.9  	     
331.0  	     321.6  	     329.6  	     324.9  	     339.5  	     335.0  	     333.6  	     335.7  	     
333.2  	     323.4  	     331.4  	     326.6  	     340.9  	     337.0  	     335.4  	     337.8  	     
335.5  	     325.0  	     333.0  	     328.3  	     342.2  	     338.5  	     337.2  	     339.2  	     
339.7  	     326.8  	     334.5  	     329.7  	     343.3  	     339.9  	     338.7  	     340.6  	     
337.5  	     328.7  	     335.9  	     331.2  	     344.2  	     341.2  	     339.8  	     342.1  	     
341.4  	     330.2  	     337.2  	     332.7  	     345.2  	     342.5  	     341.2  	     343.0  	     
343.2  	     331.7  	     338.5  	     333.9  	     346.0  	     343.6  	     342.2  	     344.1  	     
344.8  	     333.4  	     339.6  	     335.5  	     346.5  	     344.3  	     343.0  	     344.8  	     
346.1  	     334.7  	     340.7  	     336.7  	     347.0  	     345.1  	     344.0  	     345.4  	     
347.2  	     336.1  	     341.7  	     337.8  	     347.7  	     345.7  	     344.8  	     345.9  	     
348.1  	     337.2  	     342.6  	     338.9  	     348.2  	     346.2  	     345.5  	     346.7  	     
348.0  	     338.7  	     343.4  	     339.9  	     348.6  	     346.8  	     346.0  	     347.2  	     
349.6  	     339.6  	     344.2  	     340.7  	     349.1  	     347.3  	     346.6  	     347.6  	     
350.1  	     340.6  	     344.8  	     341.6  	     349.3  	     347.6  	     347.1  	     347.8  	     
350.5  	     341.6  	     345.5  	     342.3  	     349.5  	     347.9  	     347.5  	     348.3  	     
351.7  	     343.2  	     346.1  	     343.0  	     349.8  	     348.3  	     347.9  	     348.6  	     
351.6  	     343.3  	     346.7  	     343.7  	     350.3  	     348.6  	     348.3  	     348.9  	     
352.2  	     344.4  	     347.2  	     344.5  	     350.5  	     349.0  	     348.6  	     349.2  	     
353.0  	     345.1  	     347.6  	     345.0  	     350.5  	     349.3  	     349.1  	     349.5  	     
352.9  	     346.1  	     348.1  	     345.6  	     350.8  	     349.6  	     349.4  	     349.8  	     
352.8  	     346.2  	     348.5  	     346.1  	     351.0  	     349.8  	     349.7  	     349.9  	     
353.0  	     346.7  	     348.9  	     346.7  	     351.0  	     349.9  	     349.8  	     350.1  	     
353.2  	     347.2  	     349.2  	     347.0  	     351.2  	     350.0  	     350.0  	     350.3  	     
353.4  	     347.7  	     349.4  	     347.3  	     351.2  	     350.2  	     350.3  	     350.4  	     
353.7  	     348.1  	     349.7  	     347.7  	     351.4  	     350.4  	     350.5  	     350.6  	     
354.2  	     348.7  	     350.0  	     348.0  	     351.5  	     350.5  	     350.6  	     350.9  	     
353.9  	     349.0  	     350.2  	     348.3  	     351.5  	     350.7  	     350.9  	     350.9  	     
354.0  	     349.0  	     350.2  	     348.4  	     351.5  	     350.7  	     350.8  	     351.0  	     
354.5  	     349.7  	     350.3  	     348.7  	     351.4  	     350.9  	     350.9  	     351.1  	     
353.6  	     349.8  	     350.6  	     348.9  	     351.4  	     350.9  	     351.2  	     351.1  	     
354.3  	     350.0  	     350.8  	     349.2  	     351.9  	     350.9  	     351.3  	     351.3  	     
354.5  	     350.2  	     351.0  	     349.4  	     352.0  	     351.1  	     351.4  	     351.6  	     
354.8  	     351.1  	     351.2  	     349.6  	     352.0  	     351.3  	     351.7  	     351.8  	     
354.9  	     351.0  	     351.3  	     349.8  	     352.3  	     351.5  	     351.9  	     352.0  	     
355.3  	     351.3  	     351.4  	     349.9  	     352.3  	     351.7  	     352.1  	     352.3  	     
355.4  	     351.6  	     351.6  	     350.2  	     352.3  	     351.7  	     352.2  	     352.4  	     
355.5  	     352.0  	     351.9  	     350.4  	     352.4  	     351.9  	     352.3  	     352.4  	     
355.2  	     351.7  	     352.0  	     350.6  	     352.6  	     352.1  	     352.4  	     352.6  	     
347.0  	     349.4  	     352.1  	     350.9  	     352.6  	     352.2  	     352.7  	     352.7  	     
355.3  	     352.0  	     352.2  	     350.9  	     352.7  	     352.4  	     352.7  	     352.9  	     
355.5  	     352.3  	     352.4  	     351.0  	     352.9  	     352.4  	     352.8  	     353.0  	     
355.5  	     352.4  	     352.4  	     351.0  	     352.7  	     352.6  	     352.9  	     353.1  	     
351.3  	     351.2  	     352.4  	     351.2  	     352.6  	     352.5  	     353.0  	     353.0  	     
355.7  	     352.7  	     352.6  	     351.4  	     352.7  	     352.6  	     353.0  	     353.1  	     
355.8  	     353.0  	     352.7  	     351.5  	     352.8  	     352.6  	     353.1  	     353.2  	     
355.7  	     353.1  	     352.8  	     351.5  	     352.8  	     352.7  	     353.1  	     353.2  	     
354.1  	     352.5  	     353.0  	     351.7  	     353.0  	     352.8  	     353.2  	     353.3  	     
355.8  	     353.1  	     352.9  	     351.7  	     352.8  	     352.9  	     353.1  	     353.3  	     
356.2  	     353.6  	     352.9  	     351.7  	     352.6  	     352.8  	     353.2  	     353.2  	     
355.9  	     353.5  	     353.0  	     351.8  	     352.4  	     352.7  	     353.1  	     353.1  	     
356.1  	     353.5  	     353.0  	     351.9  	     352.0  	     352.5  	     352.9  	     352.9  	     
356.0  	     353.6  	     353.0  	     352.0  	     352.0  	     352.4  	     352.8  	     352.8  	     
356.1  	     353.7  	     352.9  	     352.0  	     352.1  	     352.3  	     352.7  	     352.7  	     
355.8  	     353.4  	     352.8  	     351.9  	     352.1  	     352.2  	     352.7  	     352.6  	     
353.6  	     352.5  	     352.8  	     351.9  	     352.0  	     352.1  	     352.7  	     352.7  	     
355.4  	     353.4  	     352.8  	     351.9  	     352.1  	     352.2  	     352.6  	     352.6  	     
355.3  	     353.3  	     352.7  	     351.9  	     351.7  	     352.1  	     352.6  	     352.7  	     
355.4  	     353.4  	     352.6  	     351.9  	     351.7  	     352.1  	     352.6  	     352.7  	     
355.3  	     353.4  	     352.6  	     351.8  	     351.7  	     352.1  	     352.6  	     352.7  	     
355.4  	     353.6  	     352.6  	     351.7  	     351.6  	     352.0  	     352.5  	     352.7  	     
355.4  	     353.6  	     352.6  	     351.7  	     351.6  	     352.0  	     352.5  	     352.6  	     
355.4  	     353.4  	     352.6  	     351.7  	     351.7  	     352.1  	     352.5  	     352.7  	     
355.1  	     353.3  	     352.6  	     351.8  	     351.6  	     352.1  	     352.4  	     352.6  	     
355.3  	     353.5  	     352.5  	     351.8  	     351.6  	     352.0  	     352.5  	     352.6  	     
355.2  	     353.4  	     352.5  	     351.7  	     351.5  	     352.0  	     352.5  	     352.6  	     
355.1  	     353.4  	     352.5  	     351.8  	     351.6  	     352.0  	     352.6  	     352.6  	     
355.0  	     353.4  	     352.4  	     351.7  	     351.4  	     351.9  	     352.5  	     352.5  	     
355.2  	     353.4  	     352.4  	     351.6  	     351.4  	     351.9  	     352.4  	     352.5  	     
355.0  	     353.2  	     352.3  	     351.5  	     351.5  	     351.9  	     352.4  	     352.6  	     
355.0  	     353.3  	     352.4  	     351.6  	     351.3  	     351.9  	     352.4  	     352.5  	     
354.5  	     353.1  	     352.3  	     351.6  	     351.1  	     352.0  	     352.4  	     352.5  	     
354.8  	     353.1  	     352.2  	     351.5  	     351.3  	     351.9  	     352.3  	     352.5  	     
354.9  	     353.1  	     352.3  	     351.6  	     351.3  	     351.9  	     352.2  	     352.5  	     
354.7  	     353.2  	     352.2  	     351.5  	     351.2  	     351.8  	     352.2  	     352.4  	     
351.3  	     351.9  	     352.2  	     351.5  	     351.3  	     351.7  	     352.2  	     352.3  	     
354.9  	     353.3  	     352.2  	     351.5  	     351.3  	     351.8  	     352.2  	     352.4  	     
354.8  	     353.1  	     352.1  	     351.5  	     351.3  	     351.9  	     352.2  	     352.4  	     
354.7  	     353.2  	     352.2  	     351.4  	     351.3  	     351.9  	     352.3  	     352.5  	     
354.5  	     353.1  	     352.1  	     351.4  	     351.1  	     351.9  	     352.3  	     352.4  	     
354.7  	     352.9  	     352.1  	     351.3  	     351.1  	     351.8  	     352.2  	     352.4  	     
354.5  	     352.9  	     352.1  	     351.4  	     351.0  	     351.7  	     352.1  	     352.2  	     
354.3  	     352.9  	     352.1  	     351.4  	     351.1  	     351.8  	     352.1  	     352.2  	     
354.3  	     352.9  	     352.1  	     351.2  	     351.2  	     351.7  	     352.1  	     352.2  	     
354.3  	     352.9  	     352.0  	     351.2  	     351.0  	     351.7  	     352.1  	     352.2  	     
354.3  	     352.9  	     351.8  	     351.2  	     351.0  	     351.7  	     352.1  	     352.2  	     
354.3  	     352.8  	     351.9  	     351.2  	     351.0  	     351.7  	     352.0  	     352.2  	     
354.1  	     352.7  	     351.8  	     351.2  	     351.1  	     351.7  	     352.1  	     352.2  	     
352.6  	     352.1  	     351.9  	     351.1  	     351.0  	     351.7  	     352.1  	     352.2  	     
354.2  	     352.7  	     351.8  	     351.1  	     350.9  	     351.7  	     352.1  	     352.2  	     
354.4  	     352.8  	     351.8  	     351.1  	     350.9  	     351.7  	     352.1  	     352.2  	     
354.1  	     352.8  	     351.7  	     350.9  	     351.0  	     351.8  	     352.0  	     352.2  	     
354.3  	     352.7  	     351.8  	     351.0  	     350.9  	     351.7  	     352.1  	     352.2  	     
354.2  	     352.7  	     351.7  	     351.0  	     350.9  	     351.7  	     352.1  	     352.1  	     
354.3  	     352.7  	     351.9  	     351.1  	     351.1  	     351.6  	     352.0  	     352.2  	     
354.1  	     352.7  	     351.7  	     351.0  	     351.1  	     351.7  	     352.1  	     352.2  	     
354.2  	     352.6  	     351.8  	     351.1  	     351.0  	     351.7  	     352.0  	     352.2  	     
354.1  	     352.6  	     351.7  	     351.0  	     351.0  	     351.8  	     351.9  	     352.2  	     
354.1  	     352.6  	     351.8  	     351.0  	     351.0  	     351.7  	     352.0  	     352.2  	     
353.9  	     352.5  	     351.8  	     351.0  	     351.1  	     351.6  	     351.9  	     352.1  	     
354.0  	     352.5  	     351.7  	     350.9  	     351.2  	     351.7  	     352.0  	     352.1  	     
353.9  	     352.5  	     351.6  	     350.9  	     350.9  	     351.7  	     351.9  	     352.1  	     
354.1  	     352.6  	     351.7  	     350.9  	     350.7  	     351.6  	     351.9  	     352.0  	     
354.0  	     352.4  	     351.6  	     350.9  	     350.6  	     351.4  	     351.8  	     352.0  	     
353.7  	     352.4  	     351.6  	     350.9  	     350.7  	     351.6  	     351.8  	     351.9  	     
347.9  	     349.6  	     351.7  	     350.9  	     350.9  	     351.5  	     351.8  	     351.9  	     
353.8  	     352.5  	     351.6  	     350.9  	     350.9  	     351.5  	     351.8  	     352.0  	     
353.9  	     352.4  	     351.6  	     350.8  	     350.8  	     351.5  	     351.8  	     351.9  	     
353.8  	     352.4  	     351.6  	     350.8  	     350.7  	     351.5  	     351.8  	     351.9  	     
353.8  	     352.4  	     351.5  	     350.8  	     350.8  	     351.6  	     351.7  	     352.0  	     
353.7  	     352.4  	     351.5  	     350.6  	     350.9  	     351.6  	     351.8  	     352.0  	     
353.8  	     352.2  	     351.5  	     350.7  	     350.8  	     351.6  	     351.8  	     352.0  	     
353.7  	     352.3  	     351.5  	     350.7  	     350.7  	     351.6  	     351.8  	     352.0  	     
353.7  	     352.4  	     351.5  	     350.7  	     350.6  	     351.6  	     351.8  	     351.8  	     
353.5  	     352.2  	     351.3  	     350.7  	     350.6  	     351.4  	     351.7  	     351.7  	     
347.9  	     349.5  	     351.5  	     350.7  	     350.7  	     351.4  	     351.6  	     351.7  	     
353.6  	     352.2  	     351.4  	     350.7  	     350.8  	     351.5  	     351.7  	     351.8  	     
353.7  	     352.3  	     351.4  	     350.7  	     350.7  	     351.4  	     351.6  	     351.7  	     
353.5  	     352.3  	     351.4  	     350.5  	     350.6  	     351.4  	     351.6  	     351.8  	     
353.5  	     352.0  	     351.4  	     350.6  	     350.8  	     351.3  	     351.5  	     351.7  	     
353.5  	     352.1  	     351.4  	     350.5  	     350.7  	     351.4  	     351.6  	     351.8  	     
353.6  	     352.1  	     351.2  	     350.5  	     350.6  	     351.4  	     351.7  	     351.8  	     
353.6  	     352.2  	     351.3  	     350.5  	     350.6  	     351.4  	     351.6  	     351.7  	     
353.7  	     352.3  	     351.3  	     350.5  	     350.5  	     351.4  	     351.5  	     351.7  	     
353.6  	     352.1  	     351.3  	     350.4  	     350.6  	     351.4  	     351.6  	     351.7  	     
353.5  	     352.2  	     351.3  	     350.5  	     350.7  	     351.5  	     351.6  	     351.9  	     
347.3  	     349.5  	     351.2  	     350.4  	     350.7  	     351.4  	     351.5  	     351.7  	     
353.6  	     352.2  	     351.3  	     350.5  	     350.6  	     351.5  	     351.6  	     351.8  	     
353.5  	     352.1  	     351.4  	     350.5  	     350.7  	     351.5  	     351.6  	     351.8  	     
353.5  	     352.2  	     351.3  	     350.5  	     350.7  	     351.5  	     351.7  	     351.8  	     
353.5  	     352.1  	     351.2  	     350.5  	     350.6  	     351.4  	     351.7  	     351.8  	     
353.5  	     352.2  	     351.4  	     350.5  	     350.6  	     351.5  	     351.7  	     351.8  	     
353.4  	     352.1  	     351.2  	     350.5  	     350.7  	     351.4  	     351.6  	     351.8  	     
353.4  	     352.1  	     351.3  	     350.4  	     350.6  	     351.4  	     351.7  	     351.9  	     
353.4  	     352.0  	     351.2  	     350.5  	     350.5  	     351.4  	     351.6  	     351.7  	     
348.7  	     350.0  	     351.2  	     350.3  	     350.5  	     351.3  	     351.5  	     351.7  	     
353.4  	     352.2  	     351.2  	     350.4  	     350.6  	     351.2  	     351.5  	     351.7  	     
353.4  	     352.0  	     351.1  	     350.3  	     350.5  	     351.2  	     351.5  	     351.6  	     
353.5  	     352.1  	     351.1  	     350.3  	     350.5  	     351.2  	     351.4  	     351.5  	     
353.4  	     352.1  	     351.1  	     350.3  	     350.4  	     351.2  	     351.4  	     351.6  	     
353.3  	     352.2  	     351.0  	     350.3  	     350.4  	     351.1  	     351.5  	     351.5  	     
353.5  	     352.2  	     351.1  	     350.3  	     350.6  	     351.3  	     351.5  	     351.7  	     
353.4  	     352.1  	     351.1  	     350.4  	     350.6  	     351.3  	     351.6  	     351.7  	     
353.2  	     352.0  	     351.2  	     350.4  	     350.5  	     351.2  	     351.5  	     351.7  	     
352.7  	     351.5  	     351.3  	     350.3  	     350.6  	     351.2  	     351.5  	     351.7  	     
353.3  	     352.0  	     351.2  	     350.4  	     350.6  	     351.3  	     351.6  	     351.7  	     
353.3  	     352.0  	     351.2  	     350.3  	     350.5  	     351.3  	     351.5  	     351.7  	     
353.3  	     351.9  	     351.2  	     350.3  	     350.5  	     351.3  	     351.5  	     351.7  	     
353.1  	     351.9  	     351.1  	     350.3  	     350.6  	     351.2  	     351.6  	     351.7  	     
350.2  	     350.8  	     351.2  	     350.4  	     350.5  	     351.3  	     351.5  	     351.7  	     
352.8  	     351.8  	     351.1  	     350.3  	     350.6  	     351.2  	     351.5  	     351.7  	     
353.3  	     352.0  	     351.2  	     350.3  	     350.7  	     351.3  	     351.7  	     351.8  	     
353.3  	     352.1  	     351.2  	     350.4  	     350.6  	     351.4  	     351.5  	     351.7  	     
353.1  	     352.0  	     351.2  	     350.3  	     350.3  	     351.3  	     351.4  	     351.5  	     
353.2  	     351.9  	     351.2  	     350.5  	     349.8  	     351.0  	     351.2  	     351.2  	     
353.2  	     351.9  	     351.1  	     350.4  	     348.3  	     350.2  	     350.7  	     350.4  	     
353.0  	     351.9  	     350.5  	     350.4  	     344.1  	     347.9  	     348.7  	     347.5  	     
352.2  	     351.3  	     349.5  	     350.1  	     341.3  	     345.0  	     346.4  	     344.4  	     
351.0  	     350.3  	     348.0  	     349.4  	     339.3  	     342.5  	     344.5  	     341.9  	     
349.6  	     349.2  	     346.4  	     348.4  	     337.1  	     339.9  	     342.1  	     339.2  	     
348.0  	     348.1  	     344.7  	     347.3  	     335.1  	     337.4  	     339.9  	     336.7  	     
346.2  	     346.9  	     343.1  	     346.1  	     333.4  	     335.0  	     337.9  	     334.7  	     
342.4  	     344.6  	     341.3  	     344.9  	     331.1  	     332.8  	     336.0  	     332.7  	     
342.3  	     344.4  	     339.4  	     343.4  	     326.2  	     329.3  	     332.8  	     329.0  	     
340.2  	     342.8  	     337.2  	     341.8  	     322.5  	     325.7  	     329.4  	     325.1  	     
337.7  	     340.9  	     334.7  	     339.9  	     319.3  	     322.2  	     326.4  	     321.7  	     
336.4  	     339.6  	     333.6  	     339.1  	     318.0  	     320.9  	     325.2  	     320.4  	     
334.8  	     338.7  	     331.9  	     338.0  	     316.6  	     318.9  	     323.3  	     318.7  	     
332.2  	     336.5  	     329.3  	     335.9  	     313.9  	     315.6  	     320.6  	     315.9  	     
329.4  	     334.5  	     326.5  	     333.7  	     310.1  	     312.2  	     317.4  	     312.3  	     
326.7  	     332.4  	     323.7  	     331.4  	     305.8  	     308.1  	     313.5  	     308.3  	     
323.5  	     330.1  	     320.4  	     328.9  	     302.1  	     304.0  	     309.9  	     304.4  	     
320.3  	     327.3  	     317.2  	     326.3  	     298.4  	     300.0  	     306.2  	     300.5  	     
317.0  	     324.5  	     313.9  	     323.4  	     294.1  	     295.8  	     302.3  	     296.3  	     
313.4  	     321.7  	     310.5  	     320.4  	     290.3  	     291.5  	     298.4  	     292.4  	     
309.8  	     318.7  	     306.7  	     317.4  	     285.8  	     287.2  	     294.4  	     288.3  	     
304.7  	     314.9  	     303.0  	     314.1  	     281.5  	     282.9  	     290.4  	     284.0  	     
302.2  	     312.3  	     299.3  	     310.8  	     277.3  	     278.5  	     286.5  	     280.1  	     
298.4  	     308.9  	     295.1  	     307.4  	     273.1  	     274.1  	     282.5  	     275.9  	     
294.5  	     305.5  	     291.3  	     303.8  	     268.7  	     269.7  	     278.2  	     271.6  	     
290.8  	     302.1  	     287.4  	     300.2  	     264.4  	     265.3  	     274.0  	     267.5  	     
286.6  	     298.6  	     283.1  	     296.6  	     260.0  	     261.0  	     269.8  	     263.2  	     
282.6  	     294.9  	     279.0  	     292.6  	     255.7  	     256.5  	     265.4  	     258.9  	     
278.5  	     291.3  	     274.9  	     288.7  	     251.2  	     252.3  	     261.3  	     254.6  	     
274.5  	     287.5  	     270.6  	     285.0  	     246.8  	     247.7  	     257.0  	     250.3  	     
270.3  	     283.6  	     266.2  	     281.0  	     242.3  	     243.1  	     252.6  	     245.9  	     
266.2  	     279.7  	     262.2  	     277.0  	     238.3  	     238.9  	     248.4  	     241.8  	     
261.9  	     275.8  	     258.0  	     273.1  	     233.8  	     234.5  	     244.3  	     238.0  	     
257.7  	     272.0  	     253.8  	     269.1  	     229.5  	     230.5  	     240.1  	     233.7  	     
253.6  	     268.1  	     249.5  	     265.1  	     225.5  	     226.2  	     236.2  	     229.8  	     
249.4  	     264.1  	     245.4  	     261.0  	     221.5  	     222.2  	     232.1  	     225.9  	     
245.4  	     260.1  	     241.2  	     256.8  	     217.7  	     218.3  	     228.1  	     222.1  	     
241.4  	     256.1  	     237.3  	     252.7  	     213.6  	     214.3  	     224.1  	     218.3  	     
237.4  	     252.3  	     233.3  	     248.8  	     210.2  	     210.6  	     220.5  	     214.7  	     
233.4  	     248.4  	     229.5  	     245.0  	     206.4  	     206.9  	     216.9  	     211.2  	     
229.7  	     244.6  	     225.5  	     240.8  	     202.8  	     203.4  	     213.1  	     207.6  	     
225.7  	     240.7  	     221.8  	     237.2  	     199.6  	     199.9  	     209.6  	     204.4  	     
222.3  	     237.0  	     218.2  	     233.4  	     196.2  	     196.4  	     206.4  	     201.1  	     
218.7  	     233.3  	     214.8  	     229.8  	     193.1  	     193.2  	     202.9  	     197.9  	     
214.9  	     229.6  	     211.3  	     226.3  	     189.7  	     190.1  	     199.7  	     195.0  	     
211.3  	     225.8  	     207.7  	     222.6  	     186.5  	     187.0  	     196.6  	     191.9  	     
208.0  	     222.3  	     204.5  	     219.1  	     183.7  	     184.2  	     193.6  	     189.5  	     
204.7  	     218.9  	     201.2  	     215.7  	     180.7  	     181.3  	     190.7  	     186.6  	     
201.6  	     215.5  	     198.1  	     212.4  	     178.1  	     178.5  	     187.8  	     184.0  	     
198.4  	     212.0  	     195.1  	     209.2  	     175.3  	     175.9  	     184.9  	     181.3  	     
195.5  	     208.8  	     192.2  	     206.0  	     173.0  	     173.4  	     182.3  	     178.5  	     
192.2  	     205.4  	     189.3  	     203.0  	     170.4  	     171.0  	     179.7  	     176.1  	     
189.4  	     202.3  	     186.7  	     199.9  	     167.9  	     168.6  	     177.2  	     173.7  	     
186.4  	     199.3  	     183.8  	     197.1  	     165.6  	     166.4  	     174.6  	     171.4  	     
183.9  	     196.2  	     181.2  	     194.1  	     163.4  	     164.2  	     172.2  	     169.2  	     
181.3  	     193.3  	     178.7  	     191.4  	     161.4  	     162.1  	     170.0  	     167.0  	     
178.7  	     190.3  	     176.2  	     188.8  	     159.2  	     160.0  	     167.7  	     165.0  	     
176.1  	     187.7  	     173.9  	     186.3  	     157.2  	     158.1  	     165.5  	     162.9  	     
173.6  	     184.8  	     171.6  	     183.7  	     155.4  	     156.1  	     163.4  	     160.9  	     
171.4  	     182.2  	     169.4  	     181.3  	     153.6  	     154.3  	     161.4  	     159.2  	     
169.0  	     179.6  	     167.2  	     179.0  	     151.8  	     152.7  	     159.4  	     157.4  	     
166.8  	     177.1  	     165.2  	     176.7  	     150.1  	     151.0  	     157.6  	     155.7  	     
164.8  	     174.7  	     163.1  	     174.3  	     148.3  	     149.4  	     155.8  	     153.8  	     
162.6  	     172.2  	     161.2  	     172.1  	     146.8  	     147.8  	     154.0  	     152.2  	     
160.6  	     170.0  	     159.2  	     170.0  	     145.2  	     146.5  	     152.5  	     150.6  	     
158.7  	     167.8  	     157.4  	     168.0  	     144.0  	     145.0  	     150.7  	     149.1  	     
156.6  	     165.6  	     155.6  	     166.1  	     142.5  	     143.5  	     149.2  	     147.7  	     
155.1  	     163.7  	     154.0  	     164.0  	     141.2  	     142.3  	     147.7  	     146.1  	     
153.4  	     161.4  	     152.5  	     162.3  	     139.9  	     141.0  	     146.2  	     144.8  	     
151.7  	     159.7  	     150.8  	     160.5  	     138.7  	     139.9  	     144.7  	     143.5  	     
150.0  	     157.7  	     149.5  	     158.8  	     137.5  	     138.7  	     143.4  	     142.3  	     
148.4  	     155.9  	     147.8  	     157.2  	     136.5  	     137.6  	     142.1  	     140.9  	     
147.1  	     154.2  	     146.4  	     155.6  	     135.5  	     136.6  	     141.0  	     139.8  	     
145.4  	     152.4  	     145.0  	     153.8  	     134.4  	     135.6  	     139.8  	     138.7  	     
144.0  	     150.9  	     143.8  	     152.3  	     133.4  	     134.6  	     138.6  	     137.7  	     
142.9  	     149.4  	     142.5  	     151.0  	     132.5  	     133.7  	     137.6  	     136.7  	     
141.6  	     147.8  	     141.3  	     149.6  	     131.7  	     132.8  	     136.5  	     135.6  	     
140.3  	     146.4  	     140.3  	     148.2  	     130.9  	     132.0  	     135.3  	     134.7  	     
139.1  	     145.0  	     139.3  	     147.1  	     130.1  	     131.1  	     134.4  	     133.7  	     
138.0  	     143.6  	     138.0  	     145.8  	     129.3  	     130.3  	     133.6  	     132.9  	     
136.8  	     142.3  	     137.0  	     144.5  	     128.4  	     129.6  	     132.7  	     132.0  	     
135.9  	     141.0  	     136.0  	     143.3  	     127.7  	     128.9  	     131.7  	     131.2  	     
134.9  	     139.7  	     135.0  	     142.3  	     127.1  	     128.2  	     131.0  	     130.4  	     
133.9  	     138.6  	     134.0  	     141.1  	     126.5  	     127.5  	     130.1  	     129.7  	     
133.0  	     137.5  	     133.2  	     140.0  	     125.8  	     126.9  	     129.4  	     129.0  	     
131.9  	     136.3  	     132.3  	     139.2  	     125.3  	     126.4  	     128.7  	     128.3  	     
131.2  	     135.4  	     131.5  	     138.0  	     124.7  	     125.8  	     127.9  	     127.5  	     
130.3  	     134.5  	     130.8  	     137.1  	     124.2  	     125.3  	     127.3  	     126.9  	     
129.6  	     133.5  	     129.9  	     136.3  	     123.6  	     124.8  	     126.6  	     126.1  	     
128.8  	     132.5  	     129.2  	     135.3  	     123.2  	     124.3  	     126.0  	     125.7  	     
128.1  	     131.6  	     128.6  	     134.5  	     122.7  	     123.8  	     125.4  	     125.0  	     
127.3  	     130.8  	     127.9  	     133.6  	     122.1  	     123.4  	     124.7  	     124.6  	     
126.7  	     129.9  	     127.3  	     132.9  	     121.7  	     122.9  	     124.2  	     124.1  	     
126.0  	     129.2  	     126.6  	     132.1  	     121.4  	     122.4  	     123.8  	     123.7  	     
125.4  	     128.3  	     126.2  	     131.6  	     120.9  	     122.0  	     123.2  	     123.1  	     
124.9  	     127.8  	     125.6  	     130.7  	     120.6  	     121.5  	     122.7  	     122.6  	     
124.5  	     127.1  	     125.1  	     130.1  	     120.2  	     121.2  	     122.3  	     122.2  	     
124.0  	     126.5  	     124.5  	     129.6  	     119.9  	     120.8  	     121.8  	     121.8  	     
123.8  	     126.5  	     124.5  	     129.5  	     119.8  	     120.8  	     121.8  	     121.8  	     
123.4  	     125.9  	     123.8  	     128.9  	     118.8  	     120.2  	     121.1  	     121.1  	     
122.7  	     125.2  	     123.1  	     128.2  	     117.6  	     119.1  	     120.1  	     120.0  	     
121.8  	     124.4  	     122.3  	     127.4  	     116.4  	     118.1  	     119.0  	     118.8  	     
121.0  	     123.5  	     121.4  	     126.7  	     115.2  	     116.8  	     117.8  	     117.4  	     
120.3  	     122.6  	     120.5  	     125.9  	     114.1  	     115.6  	     116.7  	     116.2  	     
119.3  	     121.6  	     119.8  	     124.9  	     113.1  	     114.3  	     115.4  	     114.8  	     
118.3  	     120.8  	     118.7  	     124.2  	     112.2  	     113.3  	     114.2  	     113.9  	     
117.3  	     119.7  	     117.8  	     123.3  	     111.4  	     112.4  	     113.4  	     112.7  	     
116.4  	     118.7  	     116.9  	     122.4  	     110.7  	     111.6  	     112.6  	     112.3  	     
115.5  	     118.0  	     116.2  	     121.6  	     110.2  	     110.9  	     111.8  	     111.8  	     
114.5  	     117.1  	     115.0  	     120.8  	     109.8  	     110.4  	     111.3  	     111.5  	     
114.1  	     116.7  	     114.5  	     120.4  	     109.5  	     110.2  	     110.9  	     111.2  	     