
G32-PTC4  	G32-PTC17  	G32-PTC25  	G32-PTC27  	G32-PTC30  	G32-PTC33  	G32-PTC36  	G32-PTC43  	
Deg.F  	     Deg.F  	     Deg.F  	     Deg.F  	     Deg.F  	     Deg.F  	     Deg.F  	     Deg.F  	     
70.9  	     71.6  	     72.2  	     71.7  	     72.3  	     70.8  	     72.3  	     69.9  	     
70.9  	     71.6  	     72.2  	     71.7  	     72.3  	     70.8  	     72.3  	     69.9  	     
70.9  	     71.6  	     72.2  	     71.7  	     72.3  	     70.8  	     72.3  	     69.9  	     
70.9  	     71.6  	     72.2  	     71.7  	     72.3  	     70.8  	     72.3  	     69.9  	     
71.1  	     71.9  	     72.6  	     71.9  	     72.8  	     71.1  	     72.5  	     70.1  	     
71.6  	     72.7  	     73.2  	     72.1  	     73.3  	     71.2  	     72.6  	     70.4  	     
71.8  	     73.2  	     74.0  	     72.4  	     74.2  	     71.8  	     73.2  	     71.0  	     
72.6  	     74.1  	     75.1  	     72.8  	     75.2  	     72.3  	     73.7  	     71.7  	     
73.4  	     75.5  	     76.3  	     73.3  	     76.5  	     73.2  	     74.7  	     72.7  	     
74.5  	     76.8  	     78.3  	     73.9  	     78.2  	     73.9  	     75.8  	     73.8  	     
75.2  	     78.4  	     80.3  	     74.6  	     79.9  	     75.0  	     77.3  	     75.1  	     
75.4  	     78.5  	     80.5  	     74.6  	     80.1  	     75.0  	     77.3  	     75.3  	     
76.5  	     81.1  	     82.9  	     75.5  	     82.4  	     76.1  	     78.9  	     76.6  	     
77.8  	     83.6  	     85.7  	     76.3  	     85.2  	     77.1  	     81.1  	     78.5  	     
79.3  	     86.2  	     88.8  	     77.6  	     88.4  	     78.5  	     83.8  	     80.6  	     
80.9  	     89.2  	     92.1  	     78.6  	     91.6  	     80.0  	     86.3  	     82.9  	     
82.5  	     92.5  	     95.5  	     80.0  	     94.9  	     81.2  	     89.5  	     85.5  	     
84.5  	     95.9  	     99.4  	     81.4  	     98.8  	     83.4  	     92.5  	     88.1  	     
86.5  	     99.8  	     103.2  	     82.7  	     102.3  	     85.5  	     96.1  	     91.2  	     
88.7  	     103.8  	     107.1  	     84.4  	     106.2  	     87.1  	     99.6  	     94.2  	     
90.9  	     107.8  	     111.5  	     86.1  	     110.5  	     89.1  	     103.6  	     97.5  	     
93.4  	     111.9  	     115.8  	     88.0  	     114.7  	     91.2  	     107.8  	     101.0  	     
96.0  	     116.3  	     120.2  	     89.7  	     119.2  	     93.3  	     112.0  	     104.6  	     
98.7  	     120.9  	     124.8  	     91.6  	     123.8  	     95.3  	     116.6  	     108.4  	     
101.4  	     125.7  	     129.1  	     93.7  	     128.3  	     97.0  	     120.9  	     112.3  	     
104.2  	     130.3  	     133.9  	     96.1  	     133.2  	     99.7  	     125.7  	     116.5  	     
107.3  	     135.4  	     138.8  	     98.9  	     137.8  	     101.2  	     130.2  	     120.5  	     
110.5  	     140.5  	     143.6  	     101.2  	     143.2  	     105.3  	     135.6  	     124.9  	     
113.5  	     145.4  	     148.6  	     104.4  	     148.2  	     107.5  	     140.3  	     129.2  	     
116.8  	     150.2  	     153.2  	     107.3  	     153.1  	     109.3  	     145.2  	     133.8  	     
120.2  	     155.3  	     158.3  	     110.0  	     158.2  	     112.6  	     150.2  	     138.4  	     
123.6  	     160.2  	     163.1  	     112.3  	     163.2  	     115.9  	     155.3  	     143.0  	     
127.2  	     165.0  	     167.8  	     114.4  	     168.2  	     117.9  	     160.4  	     147.7  	     
130.6  	     170.2  	     172.9  	     117.2  	     173.1  	     119.4  	     165.4  	     152.5  	     
134.7  	     175.8  	     178.0  	     120.8  	     178.0  	     124.9  	     170.4  	     157.3  	     
138.7  	     181.3  	     182.9  	     122.8  	     183.0  	     128.7  	     175.6  	     162.3  	     
143.0  	     186.2  	     187.6  	     124.8  	     188.0  	     131.1  	     180.7  	     167.0  	     
146.9  	     190.7  	     192.3  	     128.3  	     192.7  	     132.6  	     185.1  	     171.7  	     
151.1  	     195.2  	     197.1  	     132.6  	     197.5  	     136.2  	     190.1  	     176.4  	     
155.3  	     199.5  	     201.4  	     135.9  	     202.2  	     139.1  	     194.6  	     181.0  	     
159.7  	     203.8  	     205.8  	     140.6  	     207.0  	     142.6  	     199.3  	     185.7  	     
163.9  	     208.9  	     210.7  	     143.3  	     211.7  	     146.0  	     203.8  	     190.3  	     
167.9  	     213.8  	     214.9  	     147.0  	     216.1  	     149.3  	     208.3  	     194.8  	     
172.7  	     217.9  	     219.1  	     150.0  	     220.7  	     153.9  	     212.8  	     199.4  	     
177.2  	     222.8  	     223.4  	     154.1  	     225.3  	     156.6  	     217.3  	     204.0  	     
181.7  	     227.3  	     227.9  	     155.5  	     229.8  	     160.4  	     222.0  	     208.5  	     
186.0  	     232.2  	     232.3  	     159.0  	     234.3  	     163.5  	     226.5  	     213.0  	     
190.4  	     236.7  	     236.6  	     164.6  	     238.7  	     167.3  	     231.0  	     217.5  	     
194.8  	     241.4  	     241.3  	     176.8  	     243.4  	     171.5  	     235.8  	     222.3  	     
199.4  	     246.0  	     245.4  	     181.6  	     247.9  	     175.4  	     240.1  	     226.7  	     
203.8  	     250.2  	     249.7  	     184.0  	     252.2  	     179.4  	     244.4  	     231.2  	     
208.6  	     254.5  	     253.9  	     184.6  	     256.5  	     183.3  	     248.9  	     235.8  	     
213.1  	     258.4  	     257.7  	     190.0  	     260.6  	     187.2  	     252.9  	     240.1  	     
217.2  	     262.4  	     261.0  	     195.9  	     264.4  	     191.2  	     257.2  	     244.3  	     
221.7  	     266.8  	     264.8  	     197.2  	     268.1  	     195.5  	     261.0  	     248.4  	     
226.1  	     271.1  	     268.4  	     200.8  	     271.8  	     199.7  	     264.9  	     252.6  	     
230.3  	     274.7  	     271.9  	     204.2  	     275.7  	     203.6  	     268.6  	     256.6  	     
234.6  	     278.3  	     275.6  	     209.5  	     279.5  	     207.8  	     272.3  	     260.7  	     
238.9  	     282.1  	     278.9  	     212.6  	     283.0  	     211.4  	     276.3  	     264.5  	     
243.2  	     285.8  	     282.7  	     217.3  	     286.4  	     215.8  	     280.2  	     268.3  	     
247.4  	     289.6  	     286.2  	     221.6  	     289.8  	     220.1  	     283.7  	     272.3  	     
251.7  	     293.3  	     289.7  	     225.8  	     293.4  	     224.1  	     287.5  	     276.0  	     
255.7  	     297.2  	     293.1  	     228.7  	     297.1  	     228.3  	     291.1  	     279.9  	     
259.7  	     300.1  	     296.7  	     232.5  	     300.7  	     232.4  	     294.5  	     283.5  	     
263.8  	     304.2  	     300.2  	     236.4  	     304.0  	     236.5  	     298.0  	     287.2  	     
267.8  	     307.7  	     303.1  	     242.5  	     307.2  	     240.6  	     301.1  	     290.8  	     
271.5  	     310.9  	     305.9  	     246.0  	     310.3  	     244.5  	     304.3  	     294.2  	     
275.0  	     313.6  	     307.4  	     248.4  	     312.4  	     248.8  	     306.9  	     297.2  	     
276.4  	     314.6  	     307.9  	     250.3  	     313.3  	     250.6  	     307.8  	     298.3  	     
278.3  	     315.6  	     308.7  	     253.5  	     314.5  	     253.2  	     309.3  	     299.9  	     
281.6  	     317.7  	     310.6  	     257.5  	     316.6  	     257.6  	     311.6  	     302.3  	     
284.7  	     319.9  	     312.7  	     260.9  	     318.6  	     261.3  	     313.8  	     305.0  	     
288.0  	     322.3  	     314.5  	     265.5  	     320.3  	     265.5  	     316.0  	     307.3  	     
291.0  	     324.5  	     316.8  	     269.5  	     322.6  	     269.3  	     318.4  	     309.9  	     
294.2  	     327.1  	     319.1  	     273.2  	     325.1  	     273.1  	     320.9  	     312.4  	     
297.3  	     329.2  	     321.6  	     276.9  	     327.7  	     277.0  	     323.4  	     315.0  	     
300.5  	     331.9  	     324.3  	     280.4  	     330.0  	     280.4  	     325.7  	     317.6  	     
303.4  	     334.2  	     326.4  	     283.8  	     332.2  	     283.9  	     328.1  	     320.2  	     
306.3  	     336.6  	     328.3  	     287.1  	     334.3  	     287.4  	     330.4  	     322.7  	     
309.0  	     338.8  	     329.8  	     289.8  	     336.2  	     290.7  	     332.3  	     324.9  	     
311.8  	     340.6  	     331.3  	     292.9  	     337.9  	     293.9  	     334.4  	     327.0  	     
314.4  	     342.0  	     332.2  	     295.7  	     339.2  	     297.1  	     335.7  	     328.9  	     
316.7  	     343.2  	     333.1  	     298.3  	     340.2  	     299.7  	     336.7  	     330.4  	     
318.9  	     344.3  	     333.9  	     300.6  	     341.2  	     302.4  	     338.3  	     332.0  	     
321.2  	     345.1  	     334.8  	     302.9  	     342.0  	     304.9  	     339.3  	     333.2  	     
323.2  	     345.8  	     335.3  	     305.0  	     342.7  	     307.5  	     340.6  	     334.4  	     
325.2  	     346.3  	     335.9  	     307.1  	     343.2  	     309.7  	     341.3  	     335.6  	     
327.0  	     346.8  	     336.4  	     309.0  	     343.7  	     311.6  	     342.3  	     336.4  	     
328.7  	     347.3  	     336.9  	     310.7  	     344.3  	     313.7  	     342.8  	     337.3  	     
330.4  	     347.8  	     337.3  	     312.5  	     344.8  	     315.8  	     343.3  	     338.0  	     
332.0  	     347.9  	     337.8  	     314.4  	     345.1  	     317.6  	     343.7  	     338.9  	     
333.3  	     348.4  	     338.2  	     315.9  	     345.4  	     319.1  	     344.4  	     339.4  	     
334.8  	     348.5  	     338.6  	     317.4  	     345.8  	     320.7  	     344.7  	     340.1  	     
336.1  	     348.7  	     339.1  	     318.8  	     346.0  	     322.5  	     345.1  	     340.5  	     
337.4  	     348.9  	     339.5  	     320.2  	     346.3  	     323.8  	     345.6  	     341.1  	     
338.6  	     349.1  	     339.9  	     321.6  	     346.6  	     325.1  	     346.0  	     341.6  	     
339.8  	     349.2  	     340.2  	     322.9  	     347.0  	     326.6  	     346.3  	     342.0  	     
340.7  	     349.2  	     340.7  	     324.1  	     347.1  	     327.8  	     346.8  	     342.5  	     
341.6  	     349.3  	     341.0  	     325.3  	     347.3  	     329.1  	     346.8  	     342.8  	     
342.4  	     349.5  	     341.3  	     326.5  	     347.5  	     330.1  	     347.3  	     343.0  	     
343.1  	     349.5  	     341.7  	     327.7  	     347.5  	     331.2  	     347.4  	     343.4  	     
343.9  	     349.6  	     341.8  	     328.6  	     347.6  	     332.4  	     347.5  	     343.6  	     
344.8  	     349.7  	     342.2  	     329.6  	     347.7  	     333.3  	     347.8  	     343.9  	     
345.3  	     349.6  	     342.5  	     330.6  	     347.7  	     334.4  	     348.0  	     344.1  	     
345.4  	     349.5  	     342.7  	     331.6  	     347.8  	     335.0  	     348.3  	     344.3  	     
346.0  	     349.3  	     342.5  	     332.3  	     347.6  	     336.0  	     348.4  	     344.4  	     
346.6  	     349.2  	     342.7  	     333.0  	     347.6  	     336.6  	     348.4  	     344.5  	     
347.0  	     349.1  	     343.0  	     333.9  	     347.4  	     337.4  	     348.4  	     344.6  	     
347.3  	     349.0  	     343.1  	     334.6  	     347.6  	     338.1  	     348.3  	     344.6  	     
347.7  	     348.8  	     343.3  	     335.3  	     347.6  	     338.8  	     348.6  	     344.7  	     
347.9  	     348.8  	     343.3  	     335.9  	     347.6  	     339.2  	     348.7  	     344.8  	     
348.2  	     348.9  	     343.6  	     336.5  	     347.7  	     339.8  	     348.6  	     344.9  	     
348.4  	     348.7  	     343.8  	     337.2  	     347.6  	     340.5  	     348.8  	     344.9  	     
348.4  	     348.9  	     343.9  	     337.7  	     347.6  	     340.8  	     348.8  	     345.0  	     
348.9  	     348.7  	     344.0  	     338.2  	     347.5  	     341.5  	     348.7  	     345.1  	     
349.0  	     348.6  	     344.3  	     338.8  	     347.6  	     341.9  	     348.8  	     345.1  	     
348.9  	     348.6  	     344.3  	     339.3  	     347.4  	     342.2  	     348.7  	     345.0  	     
349.4  	     348.6  	     344.5  	     339.6  	     347.6  	     342.7  	     348.6  	     345.1  	     
349.3  	     348.5  	     344.6  	     340.2  	     347.5  	     342.7  	     348.8  	     345.3  	     
349.6  	     348.4  	     344.7  	     340.6  	     347.6  	     343.2  	     348.8  	     345.1  	     
349.5  	     348.4  	     344.7  	     340.9  	     347.5  	     343.5  	     349.0  	     345.2  	     
349.4  	     348.4  	     344.8  	     341.0  	     347.6  	     343.6  	     348.8  	     345.2  	     
350.0  	     348.3  	     344.9  	     341.3  	     347.5  	     344.0  	     348.8  	     345.1  	     
349.7  	     348.3  	     345.2  	     341.7  	     347.6  	     344.1  	     349.0  	     345.2  	     
349.9  	     348.4  	     345.2  	     342.0  	     347.6  	     344.4  	     349.0  	     345.3  	     
349.8  	     348.4  	     345.4  	     342.5  	     347.6  	     344.8  	     348.9  	     345.3  	     
350.0  	     348.4  	     345.7  	     342.9  	     347.8  	     345.1  	     349.2  	     345.4  	     
350.0  	     348.5  	     345.7  	     343.2  	     347.9  	     345.1  	     349.3  	     345.5  	     
350.2  	     348.4  	     345.9  	     343.4  	     347.8  	     345.6  	     349.3  	     345.5  	     
350.4  	     348.4  	     346.0  	     343.7  	     347.8  	     345.7  	     349.4  	     345.5  	     
350.2  	     348.4  	     346.0  	     344.0  	     347.9  	     345.8  	     349.3  	     345.5  	     
350.7  	     348.4  	     346.1  	     344.2  	     348.1  	     346.1  	     349.5  	     345.5  	     
350.8  	     348.4  	     346.5  	     344.5  	     348.1  	     346.3  	     349.6  	     345.6  	     
350.3  	     348.4  	     346.5  	     344.8  	     348.0  	     346.7  	     349.6  	     345.6  	     
350.6  	     348.4  	     346.6  	     345.1  	     348.1  	     346.7  	     349.4  	     345.5  	     
350.6  	     348.5  	     346.7  	     345.3  	     348.1  	     346.9  	     349.4  	     345.6  	     
350.7  	     348.5  	     346.6  	     345.5  	     348.0  	     346.9  	     349.6  	     345.6  	     
350.6  	     348.3  	     346.5  	     345.6  	     348.0  	     347.3  	     349.3  	     345.5  	     
350.6  	     348.3  	     346.5  	     345.8  	     347.9  	     347.4  	     349.4  	     345.6  	     
350.7  	     348.3  	     346.6  	     345.9  	     348.0  	     347.3  	     349.4  	     345.6  	     
350.7  	     348.3  	     346.8  	     346.1  	     348.1  	     347.4  	     349.5  	     345.7  	     
350.7  	     348.4  	     346.8  	     346.2  	     348.1  	     347.5  	     349.4  	     345.8  	     
350.7  	     348.3  	     346.9  	     346.5  	     348.0  	     347.5  	     349.5  	     345.6  	     
350.4  	     348.3  	     346.8  	     346.6  	     348.1  	     347.6  	     349.6  	     345.5  	     
350.7  	     348.3  	     347.0  	     346.7  	     348.1  	     347.8  	     349.5  	     345.5  	     
351.0  	     348.3  	     347.1  	     346.8  	     348.2  	     347.8  	     349.4  	     345.4  	     
350.9  	     348.2  	     347.0  	     347.0  	     348.0  	     347.9  	     349.3  	     345.5  	     
350.7  	     348.2  	     347.0  	     347.1  	     348.1  	     348.1  	     349.5  	     345.6  	     
350.7  	     348.2  	     347.3  	     347.2  	     348.0  	     348.1  	     349.4  	     345.6  	     
350.9  	     348.3  	     347.4  	     347.5  	     348.2  	     348.1  	     349.7  	     345.7  	     
350.6  	     348.4  	     347.5  	     347.4  	     348.1  	     348.3  	     349.5  	     345.6  	     
350.7  	     348.4  	     347.6  	     347.5  	     348.2  	     348.3  	     349.7  	     345.6  	     
350.8  	     348.5  	     347.7  	     347.6  	     348.3  	     348.3  	     349.4  	     345.7  	     
350.8  	     348.4  	     347.8  	     347.7  	     348.4  	     348.4  	     349.7  	     345.8  	     
351.2  	     348.5  	     347.6  	     347.7  	     348.3  	     348.6  	     349.6  	     345.8  	     
350.7  	     348.6  	     347.6  	     348.0  	     348.4  	     348.6  	     349.8  	     345.8  	     
350.7  	     348.4  	     347.8  	     348.0  	     348.4  	     348.7  	     349.7  	     345.9  	     
350.8  	     348.5  	     347.8  	     348.1  	     348.4  	     348.5  	     349.7  	     345.9  	     
350.7  	     348.5  	     348.0  	     348.3  	     348.4  	     348.7  	     349.6  	     345.9  	     
351.1  	     348.5  	     347.9  	     348.4  	     348.5  	     348.6  	     349.7  	     345.9  	     
350.9  	     348.6  	     348.0  	     348.5  	     348.5  	     348.8  	     349.7  	     345.9  	     
351.1  	     348.6  	     348.1  	     348.5  	     348.6  	     348.8  	     349.6  	     346.0  	     
350.8  	     348.6  	     348.2  	     348.5  	     348.6  	     349.0  	     349.9  	     346.0  	     
350.8  	     348.5  	     348.0  	     348.6  	     348.6  	     348.9  	     349.8  	     345.9  	     
350.7  	     348.5  	     348.0  	     348.6  	     348.5  	     349.2  	     349.8  	     346.0  	     
350.9  	     348.6  	     348.2  	     348.8  	     348.5  	     349.1  	     350.0  	     346.0  	     
351.2  	     348.7  	     348.1  	     348.9  	     348.5  	     349.3  	     349.8  	     346.0  	     
351.4  	     348.7  	     348.1  	     348.9  	     348.5  	     349.2  	     349.9  	     346.0  	     
351.1  	     348.7  	     348.1  	     348.9  	     348.5  	     349.3  	     349.7  	     346.0  	     
351.2  	     348.7  	     348.2  	     348.8  	     348.7  	     349.1  	     350.0  	     346.1  	     
351.0  	     348.6  	     348.3  	     349.0  	     348.7  	     349.2  	     349.9  	     346.0  	     
351.0  	     348.6  	     348.3  	     349.2  	     348.7  	     349.3  	     349.9  	     346.1  	     
350.9  	     348.6  	     348.4  	     349.2  	     348.6  	     349.2  	     349.9  	     346.1  	     
351.1  	     348.7  	     348.3  	     349.1  	     348.7  	     349.5  	     350.0  	     346.1  	     
351.0  	     348.7  	     348.3  	     349.2  	     348.7  	     349.4  	     349.9  	     346.1  	     
351.1  	     348.7  	     348.4  	     349.4  	     348.7  	     349.2  	     349.9  	     346.1  	     
351.5  	     348.7  	     348.2  	     349.2  	     348.6  	     349.4  	     349.9  	     346.0  	     
350.4  	     348.6  	     348.3  	     349.4  	     348.7  	     349.6  	     349.9  	     346.1  	     
351.1  	     348.7  	     348.5  	     349.4  	     348.7  	     349.3  	     349.7  	     346.0  	     
351.1  	     348.7  	     348.5  	     349.4  	     348.8  	     349.7  	     349.9  	     346.1  	     
351.0  	     348.7  	     348.7  	     349.5  	     348.8  	     349.5  	     349.7  	     346.1  	     
351.1  	     348.7  	     348.6  	     349.4  	     348.8  	     349.5  	     349.9  	     346.1  	     
351.0  	     348.7  	     348.6  	     349.4  	     348.8  	     349.3  	     349.9  	     346.2  	     
350.9  	     348.6  	     348.7  	     349.5  	     348.8  	     349.3  	     349.8  	     346.1  	     
351.0  	     348.7  	     348.5  	     349.5  	     348.8  	     349.6  	     350.0  	     346.1  	     
351.0  	     348.6  	     348.6  	     349.5  	     348.8  	     349.7  	     349.7  	     346.1  	     
351.1  	     348.7  	     348.6  	     349.5  	     348.8  	     349.7  	     349.7  	     346.0  	     
350.7  	     348.6  	     348.6  	     349.7  	     348.8  	     349.7  	     350.0  	     346.1  	     
350.9  	     348.7  	     348.6  	     349.7  	     348.8  	     349.6  	     349.9  	     346.1  	     
351.0  	     348.6  	     348.6  	     349.7  	     348.7  	     349.7  	     350.0  	     346.1  	     
351.1  	     348.6  	     348.7  	     349.7  	     348.7  	     349.6  	     350.1  	     346.2  	     
351.1  	     348.6  	     348.6  	     349.8  	     348.7  	     349.7  	     350.0  	     346.3  	     
350.9  	     348.7  	     348.7  	     349.7  	     348.8  	     349.7  	     350.0  	     346.2  	     
351.1  	     348.7  	     348.5  	     349.7  	     348.6  	     349.7  	     350.1  	     346.1  	     
351.4  	     348.6  	     348.5  	     349.8  	     348.7  	     349.7  	     350.2  	     346.1  	     
351.1  	     348.7  	     348.5  	     349.7  	     348.8  	     349.8  	     349.8  	     346.1  	     
351.0  	     348.6  	     348.7  	     349.8  	     348.7  	     349.7  	     350.0  	     346.1  	     
351.2  	     348.7  	     348.7  	     349.8  	     348.8  	     349.7  	     350.2  	     346.3  	     
351.0  	     348.6  	     348.5  	     349.9  	     348.8  	     349.7  	     349.9  	     346.2  	     
351.1  	     348.6  	     348.8  	     349.8  	     348.8  	     349.7  	     349.9  	     346.2  	     
351.1  	     348.6  	     348.8  	     349.8  	     348.9  	     349.8  	     349.8  	     346.2  	     
351.1  	     348.6  	     348.7  	     349.9  	     348.9  	     349.9  	     350.0  	     346.2  	     
351.1  	     348.4  	     348.7  	     349.8  	     348.9  	     349.6  	     349.9  	     346.2  	     
351.1  	     348.6  	     348.7  	     349.9  	     348.9  	     349.7  	     350.0  	     346.2  	     
351.4  	     348.6  	     348.5  	     350.0  	     348.8  	     349.7  	     349.9  	     346.3  	     
351.3  	     348.7  	     348.9  	     349.9  	     348.8  	     347.7  	     349.5  	     346.1  	     
350.9  	     348.6  	     348.7  	     349.9  	     348.8  	     349.8  	     350.2  	     346.2  	     
351.0  	     348.6  	     348.7  	     349.9  	     348.9  	     349.6  	     349.9  	     346.3  	     
350.9  	     348.6  	     348.9  	     349.9  	     348.8  	     349.6  	     349.8  	     346.1  	     
351.3  	     348.7  	     348.8  	     350.0  	     348.9  	     349.6  	     349.9  	     346.1  	     
351.1  	     348.7  	     348.8  	     349.9  	     348.8  	     349.7  	     350.0  	     346.3  	     
351.1  	     348.8  	     348.8  	     349.9  	     349.0  	     349.7  	     350.0  	     346.3  	     
350.9  	     348.7  	     348.8  	     350.0  	     348.9  	     349.7  	     350.0  	     346.3  	     
351.2  	     348.8  	     348.9  	     350.0  	     349.0  	     349.8  	     350.1  	     346.2  	     
351.0  	     348.7  	     348.9  	     350.0  	     349.0  	     349.9  	     350.1  	     346.3  	     
351.2  	     348.7  	     348.8  	     350.0  	     349.0  	     349.9  	     350.0  	     346.3  	     
351.2  	     348.7  	     348.9  	     350.0  	     349.0  	     349.9  	     350.0  	     346.1  	     
351.5  	     348.7  	     348.8  	     349.9  	     348.8  	     349.8  	     350.1  	     346.1  	     
351.2  	     348.6  	     348.8  	     350.0  	     349.0  	     349.7  	     350.0  	     346.3  	     
351.1  	     348.5  	     348.9  	     350.0  	     349.0  	     349.8  	     349.9  	     346.2  	     
351.4  	     348.7  	     349.0  	     350.0  	     348.9  	     349.8  	     350.0  	     346.2  	     
351.5  	     348.7  	     349.0  	     349.9  	     348.9  	     349.7  	     349.8  	     346.5  	     
351.0  	     348.7  	     348.9  	     350.0  	     348.9  	     349.7  	     349.9  	     346.2  	     
351.3  	     348.7  	     348.8  	     350.0  	     348.9  	     349.7  	     349.9  	     346.2  	     
351.0  	     348.6  	     348.9  	     350.0  	     348.9  	     349.7  	     350.1  	     346.3  	     
351.1  	     348.7  	     348.9  	     350.0  	     348.8  	     349.7  	     349.8  	     346.2  	     
351.3  	     348.7  	     349.0  	     350.0  	     348.9  	     349.6  	     349.7  	     346.2  	     
351.1  	     348.7  	     349.0  	     350.2  	     349.0  	     349.7  	     349.8  	     346.4  	     
351.1  	     348.7  	     348.9  	     350.1  	     348.9  	     349.6  	     349.9  	     346.2  	     
351.1  	     348.6  	     348.9  	     350.1  	     349.0  	     349.7  	     350.1  	     346.3  	     
351.2  	     348.7  	     349.0  	     350.0  	     348.9  	     349.8  	     349.8  	     346.3  	     
351.2  	     348.7  	     349.0  	     350.0  	     348.9  	     350.0  	     350.0  	     346.3  	     
351.4  	     348.6  	     349.0  	     350.1  	     348.9  	     349.9  	     350.0  	     346.3  	     
351.2  	     348.6  	     349.0  	     350.0  	     349.0  	     349.9  	     350.0  	     346.3  	     
351.1  	     348.7  	     349.0  	     350.1  	     349.0  	     349.9  	     350.1  	     346.3  	     
351.1  	     348.7  	     349.0  	     350.2  	     349.0  	     349.7  	     350.0  	     346.3  	     
351.2  	     348.8  	     349.0  	     350.2  	     348.9  	     349.9  	     349.9  	     346.3  	     
351.1  	     348.8  	     349.1  	     350.1  	     348.9  	     349.8  	     349.9  	     346.2  	     
351.2  	     348.7  	     349.1  	     350.1  	     349.0  	     349.7  	     350.0  	     346.3  	     
351.1  	     348.7  	     349.0  	     350.1  	     349.0  	     349.7  	     349.9  	     346.1  	     
351.2  	     348.6  	     349.0  	     350.2  	     349.0  	     349.9  	     350.0  	     346.3  	     
351.2  	     348.8  	     349.1  	     350.2  	     349.0  	     349.7  	     350.0  	     346.3  	     
351.4  	     348.7  	     349.0  	     350.1  	     349.0  	     349.7  	     349.9  	     346.3  	     
351.4  	     348.7  	     349.0  	     350.1  	     349.1  	     349.6  	     349.8  	     346.4  	     
351.3  	     348.7  	     348.7  	     350.2  	     349.1  	     349.8  	     349.9  	     346.3  	     
351.2  	     348.4  	     348.1  	     350.2  	     348.5  	     349.7  	     349.6  	     346.1  	     
350.9  	     347.3  	     346.6  	     349.9  	     347.5  	     349.6  	     348.7  	     345.6  	     
349.3  	     346.1  	     345.5  	     349.5  	     346.5  	     349.2  	     347.9  	     344.9  	     
349.4  	     344.9  	     344.1  	     349.0  	     345.1  	     348.9  	     347.0  	     344.0  	     
348.8  	     343.3  	     342.1  	     348.3  	     343.5  	     348.4  	     345.6  	     343.0  	     
347.8  	     341.2  	     339.8  	     347.4  	     341.7  	     347.7  	     344.0  	     341.7  	     
346.7  	     339.2  	     337.9  	     346.4  	     339.7  	     347.0  	     342.1  	     340.2  	     
345.4  	     336.7  	     335.5  	     345.4  	     337.5  	     346.0  	     340.2  	     338.6  	     
343.5  	     334.5  	     332.9  	     344.3  	     335.0  	     344.9  	     337.9  	     336.8  	     
342.7  	     332.1  	     330.5  	     343.0  	     332.5  	     343.8  	     335.6  	     334.9  	     
341.3  	     329.4  	     328.0  	     341.5  	     330.0  	     342.4  	     333.4  	     332.7  	     
339.5  	     327.2  	     325.7  	     340.1  	     327.5  	     341.1  	     330.9  	     330.8  	     
338.2  	     324.8  	     323.4  	     338.6  	     325.2  	     339.8  	     328.8  	     328.8  	     
336.5  	     322.1  	     320.8  	     337.1  	     322.5  	     338.1  	     326.0  	     326.6  	     
333.6  	     319.3  	     318.3  	     335.2  	     319.8  	     336.4  	     323.6  	     324.3  	     
333.0  	     319.0  	     318.0  	     335.1  	     319.5  	     336.5  	     323.1  	     324.1  	     
332.6  	     316.3  	     315.4  	     333.5  	     316.9  	     334.9  	     320.9  	     322.1  	     
330.2  	     313.4  	     312.5  	     331.8  	     314.1  	     333.4  	     318.0  	     319.5  	     
328.3  	     310.5  	     309.6  	     329.8  	     311.1  	     331.7  	     315.2  	     316.9  	     
326.2  	     307.2  	     306.6  	     327.9  	     307.8  	     329.5  	     312.3  	     314.2  	     
323.7  	     303.9  	     303.5  	     325.7  	     304.7  	     327.6  	     309.4  	     311.6  	     
321.6  	     300.8  	     300.4  	     323.5  	     301.6  	     325.5  	     306.0  	     308.7  	     
319.0  	     297.5  	     297.0  	     321.2  	     298.2  	     323.5  	     302.9  	     305.6  	     
316.0  	     293.8  	     293.8  	     319.0  	     294.7  	     321.0  	     299.8  	     302.6  	     
313.5  	     290.3  	     290.5  	     316.5  	     291.3  	     318.9  	     295.9  	     299.4  	     
310.6  	     286.8  	     287.2  	     314.4  	     287.9  	     316.6  	     292.8  	     296.3  	     
307.6  	     283.2  	     283.7  	     311.6  	     284.1  	     313.8  	     289.3  	     293.1  	     
304.7  	     279.1  	     280.3  	     309.0  	     280.7  	     311.3  	     285.7  	     289.8  	     
301.5  	     275.5  	     276.8  	     306.3  	     276.9  	     308.7  	     282.1  	     286.3  	     
298.9  	     272.0  	     273.4  	     303.6  	     273.4  	     306.2  	     278.8  	     283.1  	     
295.3  	     268.1  	     269.8  	     300.7  	     269.7  	     303.5  	     275.4  	     279.8  	     
292.4  	     264.4  	     266.3  	     297.8  	     266.0  	     300.7  	     271.4  	     276.4  	     
289.5  	     261.0  	     262.8  	     295.0  	     262.2  	     297.8  	     267.7  	     272.9  	     
285.2  	     257.2  	     259.3  	     292.2  	     258.6  	     295.1  	     264.3  	     269.4  	     
283.0  	     253.8  	     255.8  	     289.1  	     255.0  	     292.4  	     260.6  	     266.1  	     
278.8  	     249.8  	     252.4  	     286.2  	     251.0  	     289.2  	     256.7  	     262.5  	     
276.3  	     246.3  	     248.9  	     283.3  	     247.7  	     286.4  	     253.4  	     259.0  	     
272.3  	     242.6  	     245.7  	     280.4  	     244.0  	     283.5  	     249.6  	     255.6  	     
268.9  	     239.0  	     242.8  	     277.3  	     240.7  	     280.7  	     246.2  	     252.1  	     
266.1  	     235.5  	     239.2  	     274.3  	     237.1  	     277.9  	     242.9  	     248.6  	     
262.7  	     232.2  	     236.1  	     271.4  	     233.6  	     275.0  	     239.3  	     245.3  	     
259.1  	     229.0  	     233.1  	     268.5  	     230.5  	     271.8  	     235.8  	     242.2  	     
256.5  	     226.0  	     230.2  	     265.6  	     227.0  	     269.2  	     232.7  	     238.8  	     
253.0  	     222.8  	     227.4  	     262.8  	     223.9  	     266.3  	     229.4  	     235.6  	     
249.8  	     219.8  	     224.7  	     260.0  	     221.1  	     263.5  	     226.4  	     232.4  	     
246.6  	     216.8  	     222.0  	     257.1  	     218.3  	     260.7  	     223.4  	     229.4  	     
243.5  	     213.8  	     219.4  	     254.1  	     215.2  	     257.9  	     220.5  	     226.4  	     
240.4  	     211.4  	     216.9  	     251.4  	     212.6  	     255.2  	     217.7  	     223.4  	     
237.2  	     208.6  	     214.2  	     248.6  	     209.8  	     252.3  	     215.0  	     220.5  	     
234.2  	     205.8  	     211.6  	     245.9  	     207.1  	     249.7  	     212.2  	     217.6  	     
231.1  	     203.4  	     209.0  	     243.1  	     204.5  	     247.0  	     209.5  	     214.9  	     
228.5  	     200.8  	     206.8  	     240.7  	     202.1  	     244.4  	     207.1  	     212.3  	     
225.5  	     198.2  	     204.2  	     237.9  	     199.4  	     241.7  	     204.4  	     209.5  	     
222.9  	     195.8  	     201.7  	     235.3  	     196.9  	     238.9  	     202.0  	     207.0  	     
219.9  	     193.6  	     199.5  	     232.7  	     194.8  	     236.3  	     199.5  	     204.4  	     
217.3  	     191.5  	     197.6  	     230.2  	     192.6  	     233.9  	     197.1  	     202.0  	     
214.8  	     189.3  	     195.4  	     227.6  	     190.3  	     231.5  	     195.0  	     199.6  	     
212.2  	     186.9  	     193.5  	     225.4  	     188.2  	     229.2  	     192.8  	     197.3  	     
209.5  	     185.2  	     191.3  	     223.0  	     186.1  	     226.6  	     190.8  	     194.9  	     
206.8  	     183.2  	     189.3  	     220.5  	     184.1  	     224.1  	     188.5  	     192.7  	     
204.8  	     181.2  	     187.6  	     218.2  	     182.1  	     221.7  	     186.5  	     190.6  	     
202.1  	     179.2  	     185.6  	     215.9  	     180.2  	     219.5  	     184.5  	     188.4  	     
199.8  	     177.5  	     183.7  	     213.8  	     178.4  	     217.3  	     182.5  	     186.4  	     
197.5  	     175.3  	     181.9  	     211.5  	     176.5  	     215.0  	     180.7  	     184.3  	     
195.3  	     173.6  	     179.9  	     209.3  	     174.8  	     212.8  	     178.8  	     182.4  	     
193.2  	     171.9  	     178.3  	     207.0  	     173.1  	     210.4  	     177.0  	     180.5  	     
190.9  	     170.3  	     176.5  	     205.1  	     171.4  	     208.2  	     175.3  	     178.6  	     
188.8  	     168.5  	     175.2  	     203.2  	     169.8  	     206.2  	     173.5  	     176.7  	     
187.0  	     167.1  	     173.5  	     201.2  	     168.2  	     204.1  	     171.7  	     174.9  	     
184.8  	     165.4  	     172.0  	     199.3  	     166.7  	     201.9  	     170.2  	     173.2  	     
182.9  	     163.9  	     170.4  	     197.1  	     165.2  	     199.9  	     168.6  	     171.4  	     
181.2  	     162.6  	     169.0  	     195.2  	     163.7  	     197.9  	     167.2  	     169.8  	     
179.0  	     161.0  	     167.4  	     193.3  	     162.2  	     196.0  	     165.3  	     168.4  	     
177.3  	     159.6  	     165.8  	     191.5  	     160.8  	     193.8  	     163.8  	     166.8  	     
175.7  	     158.3  	     164.6  	     189.7  	     159.5  	     192.1  	     162.4  	     165.2  	     
174.0  	     156.8  	     163.3  	     188.0  	     158.2  	     190.2  	     161.1  	     163.9  	     
172.1  	     155.7  	     161.9  	     186.1  	     157.0  	     188.5  	     159.7  	     162.4  	     
170.5  	     154.4  	     160.8  	     184.6  	     155.6  	     186.6  	     158.5  	     160.9  	     
169.0  	     153.2  	     159.6  	     182.8  	     154.4  	     184.9  	     157.0  	     159.5  	     
167.4  	     152.0  	     158.3  	     181.2  	     153.3  	     183.1  	     155.8  	     158.2  	     
165.8  	     150.9  	     157.0  	     179.5  	     152.2  	     181.4  	     154.7  	     156.9  	     
164.5  	     149.8  	     155.6  	     178.1  	     151.0  	     179.5  	     153.2  	     155.6  	     
162.8  	     148.7  	     154.7  	     176.4  	     149.9  	     178.1  	     152.3  	     154.2  	     
161.4  	     147.7  	     153.3  	     174.8  	     148.8  	     176.7  	     151.2  	     153.2  	     
160.1  	     146.7  	     152.3  	     173.3  	     147.8  	     175.0  	     150.0  	     152.0  	     
158.6  	     145.7  	     151.3  	     171.9  	     146.7  	     173.7  	     149.0  	     150.8  	     
157.4  	     144.4  	     150.4  	     170.5  	     145.7  	     172.0  	     147.9  	     149.7  	     
155.9  	     143.4  	     149.3  	     169.1  	     144.8  	     170.6  	     146.9  	     148.5  	     
154.7  	     142.4  	     148.2  	     167.8  	     143.8  	     169.1  	     145.8  	     147.4  	     
153.6  	     141.6  	     147.2  	     166.4  	     142.9  	     167.7  	     144.7  	     146.4  	     
152.5  	     140.7  	     146.2  	     165.1  	     141.9  	     166.1  	     143.9  	     145.4  	     
151.0  	     139.8  	     145.4  	     163.8  	     140.9  	     164.7  	     142.7  	     144.5  	     
150.1  	     138.9  	     144.5  	     162.5  	     140.2  	     163.4  	     142.0  	     143.4  	     
149.1  	     138.1  	     143.5  	     161.2  	     139.3  	     162.2  	     141.2  	     142.5  	     
148.1  	     137.3  	     142.5  	     160.0  	     138.5  	     161.0  	     140.2  	     141.5  	     
146.9  	     136.5  	     141.8  	     158.7  	     137.7  	     159.9  	     139.6  	     140.7  	     
145.9  	     135.9  	     141.1  	     157.7  	     137.0  	     158.6  	     138.6  	     139.7  	     
145.0  	     135.0  	     140.1  	     156.5  	     136.1  	     157.4  	     137.9  	     139.0  	     
143.8  	     134.3  	     139.4  	     155.4  	     135.4  	     156.1  	     137.0  	     138.1  	     
142.8  	     133.7  	     138.7  	     154.3  	     134.7  	     155.1  	     136.3  	     137.3  	     
142.0  	     133.0  	     137.8  	     153.3  	     134.0  	     153.8  	     135.3  	     136.5  	     
140.9  	     132.3  	     137.2  	     152.1  	     133.3  	     152.8  	     134.8  	     135.7  	     
140.1  	     131.6  	     136.5  	     151.0  	     132.6  	     151.6  	     133.9  	     135.0  	     
139.1  	     131.0  	     135.9  	     150.2  	     131.9  	     150.7  	     133.3  	     134.2  	     
138.3  	     130.2  	     134.9  	     149.2  	     131.4  	     149.5  	     132.5  	     133.5  	     
137.6  	     129.6  	     134.6  	     148.2  	     130.8  	     148.4  	     132.0  	     132.9  	     
136.8  	     129.0  	     133.8  	     147.2  	     130.1  	     147.4  	     131.1  	     132.1  	     
136.3  	     128.4  	     133.2  	     146.2  	     129.5  	     146.5  	     130.5  	     131.4  	     
135.2  	     127.8  	     132.4  	     145.3  	     128.9  	     145.6  	     129.9  	     130.7  	     
134.4  	     127.3  	     131.7  	     144.4  	     128.3  	     144.5  	     129.2  	     130.1  	     
133.9  	     126.7  	     131.1  	     143.6  	     127.8  	     143.6  	     128.8  	     129.5  	     
132.8  	     126.2  	     130.5  	     142.8  	     127.2  	     142.7  	     128.0  	     128.8  	     
132.2  	     125.6  	     130.0  	     141.9  	     126.7  	     142.1  	     127.6  	     128.4  	     
131.5  	     125.1  	     129.4  	     140.9  	     126.1  	     140.9  	     126.9  	     127.6  	     
131.1  	     124.5  	     129.0  	     140.2  	     125.7  	     140.2  	     126.5  	     127.1  	     
130.4  	     124.0  	     128.5  	     139.4  	     125.2  	     139.4  	     126.1  	     126.6  	     
129.6  	     123.5  	     127.8  	     138.7  	     124.7  	     138.5  	     125.6  	     125.9  	     
129.1  	     123.1  	     127.3  	     137.9  	     124.3  	     137.8  	     124.9  	     125.5  	     
128.6  	     122.7  	     126.9  	     137.2  	     123.9  	     137.3  	     124.6  	     124.9  	     
128.2  	     122.7  	     126.7  	     137.2  	     123.7  	     137.0  	     124.5  	     125.0  	     
127.8  	     121.6  	     125.7  	     136.4  	     122.9  	     136.2  	     123.8  	     124.2  	     
127.1  	     120.1  	     124.4  	     135.5  	     121.9  	     135.5  	     122.8  	     123.4  	     
126.1  	     119.1  	     123.1  	     134.8  	     120.7  	     134.6  	     121.7  	     122.5  	     
125.1  	     117.8  	     122.0  	     133.9  	     119.6  	     133.8  	     120.8  	     121.6  	     
124.3  	     116.5  	     120.9  	     133.1  	     118.5  	     132.8  	     119.5  	     120.6  	     
123.6  	     115.2  	     119.8  	     132.3  	     117.4  	     132.0  	     118.7  	     119.7  	     
122.6  	     114.4  	     119.0  	     131.5  	     116.4  	     131.1  	     117.6  	     118.7  	     
121.8  	     113.5  	     118.2  	     130.8  	     115.4  	     130.2  	     116.7  	     117.8  	     
121.1  	     112.7  	     117.1  	     130.0  	     114.5  	     129.5  	     115.8  	     117.0  	     
120.1  	     111.6  	     116.5  	     129.3  	     113.6  	     128.6  	     115.0  	     116.1  	     
119.4  	     110.8  	     115.9  	     128.7  	     112.9  	     127.8  	     114.4  	     115.3  	     
118.7  	     110.2  	     115.5  	     128.4  	     112.2  	     127.2  	     113.6  	     114.7  	     
118.1  	     109.7  	     115.0  	     127.7  	     111.7  	     126.5  	     113.2  	     114.0  	     
117.6  	     109.3  	     115.0  	     127.0  	     111.1  	     125.8  	     113.0  	     113.5  	     
117.3  	     109.0  	     115.0  	     126.6  	     110.8  	     125.6  	     112.7  	     113.2  	     