
G48-PTC3  	G48-PTC5  	G48-PTC9  	G48-PTC26  	G48-PTC31  	G48-PTC32  	G48-PTC33  	G48-PTC34  	
Deg.F  	     Deg.F  	     Deg.F  	     Deg.F  	     Deg.F  	     Deg.F  	     Deg.F  	     Deg.F  	     
69.5  	     69.5  	     69.8  	     69.7  	     67.5  	     69.0  	     68.4  	     72.4  	     
69.5  	     69.5  	     69.8  	     69.7  	     67.5  	     69.0  	     68.4  	     72.4  	     
69.5  	     69.5  	     69.7  	     69.7  	     66.2  	     67.9  	     69.5  	     70.9  	     
69.6  	     70.0  	     69.8  	     70.0  	     69.9  	     71.8  	     71.5  	     73.7  	     
70.1  	     70.0  	     70.2  	     70.7  	     70.6  	     72.2  	     72.0  	     74.4  	     
70.2  	     70.7  	     70.6  	     71.5  	     71.0  	     72.6  	     72.2  	     75.1  	     
70.7  	     70.6  	     70.9  	     72.0  	     71.4  	     73.1  	     72.7  	     75.4  	     
71.1  	     71.1  	     71.2  	     72.6  	     71.8  	     73.6  	     73.2  	     75.8  	     
71.5  	     71.6  	     71.5  	     73.1  	     69.8  	     71.6  	     71.4  	     73.9  	     
71.8  	     71.7  	     71.8  	     73.7  	     70.3  	     72.1  	     71.8  	     74.3  	     
72.3  	     72.0  	     72.2  	     74.1  	     70.5  	     72.6  	     72.2  	     74.5  	     
72.6  	     72.4  	     72.4  	     74.4  	     70.7  	     72.7  	     72.3  	     74.8  	     
73.0  	     72.5  	     72.7  	     74.9  	     71.2  	     73.4  	     72.7  	     75.1  	     
73.4  	     73.0  	     73.1  	     75.3  	     71.5  	     73.8  	     73.3  	     75.5  	     
73.6  	     73.2  	     73.4  	     75.8  	     71.8  	     74.1  	     73.4  	     75.7  	     
73.9  	     73.5  	     73.6  	     76.0  	     72.1  	     74.3  	     73.6  	     76.0  	     
74.2  	     73.7  	     74.0  	     76.5  	     72.4  	     74.6  	     74.1  	     76.4  	     
74.5  	     74.0  	     74.4  	     76.8  	     72.6  	     74.6  	     74.5  	     76.6  	     
74.5  	     74.0  	     74.3  	     76.9  	     72.6  	     74.8  	     74.5  	     76.7  	     
74.9  	     74.4  	     74.7  	     77.3  	     72.7  	     75.1  	     74.8  	     77.0  	     
75.3  	     74.3  	     74.9  	     77.6  	     73.1  	     75.3  	     75.0  	     77.3  	     
75.6  	     74.9  	     75.2  	     77.9  	     73.7  	     75.4  	     75.3  	     77.3  	     
75.9  	     75.1  	     75.4  	     78.2  	     73.5  	     76.2  	     75.6  	     77.8  	     
76.2  	     75.3  	     75.6  	     78.4  	     73.7  	     76.3  	     76.1  	     78.0  	     
76.5  	     75.7  	     76.0  	     78.7  	     74.1  	     76.6  	     76.4  	     78.4  	     
76.8  	     75.7  	     76.2  	     79.0  	     74.3  	     77.1  	     76.5  	     78.8  	     
77.0  	     75.9  	     76.6  	     79.3  	     74.6  	     77.5  	     76.9  	     79.0  	     
77.2  	     76.4  	     76.7  	     79.5  	     74.9  	     77.3  	     77.0  	     78.7  	     
77.6  	     76.4  	     76.9  	     79.9  	     75.0  	     78.0  	     77.7  	     79.4  	     
77.4  	     75.7  	     76.9  	     79.8  	     75.3  	     78.1  	     77.4  	     79.6  	     
77.9  	     76.8  	     77.2  	     80.2  	     75.3  	     78.5  	     78.0  	     79.9  	     
78.1  	     77.1  	     77.6  	     80.6  	     75.4  	     78.4  	     77.8  	     79.8  	     
78.4  	     77.2  	     77.8  	     80.8  	     75.7  	     78.6  	     78.3  	     80.1  	     
78.7  	     77.6  	     78.0  	     81.4  	     76.0  	     79.1  	     78.6  	     80.7  	     
79.1  	     78.4  	     78.5  	     82.4  	     76.9  	     79.6  	     79.4  	     81.9  	     
80.0  	     79.2  	     79.3  	     83.6  	     78.3  	     80.5  	     80.2  	     83.2  	     
80.8  	     80.4  	     80.2  	     85.2  	     79.3  	     81.7  	     81.2  	     84.7  	     
82.1  	     81.6  	     81.3  	     87.2  	     81.0  	     83.2  	     82.6  	     86.6  	     
83.2  	     82.9  	     82.5  	     89.4  	     83.1  	     84.9  	     84.3  	     89.0  	     
84.9  	     84.8  	     83.9  	     91.7  	     85.1  	     86.7  	     86.1  	     91.7  	     
86.6  	     86.5  	     85.7  	     94.3  	     87.3  	     89.0  	     88.3  	     94.1  	     
88.6  	     88.7  	     87.7  	     96.9  	     89.9  	     91.5  	     90.6  	     97.1  	     
90.7  	     91.1  	     89.8  	     99.7  	     92.7  	     94.0  	     93.1  	     100.3  	     
93.0  	     93.7  	     92.0  	     102.7  	     95.5  	     97.0  	     95.7  	     103.5  	     
95.4  	     96.4  	     94.4  	     105.7  	     98.4  	     99.9  	     98.5  	     106.8  	     
98.0  	     99.1  	     97.1  	     109.0  	     101.7  	     103.0  	     101.3  	     110.6  	     
100.9  	     101.9  	     100.0  	     112.3  	     105.1  	     106.6  	     104.6  	     114.3  	     
103.8  	     105.2  	     103.2  	     115.6  	     108.8  	     110.3  	     108.0  	     118.7  	     
106.8  	     108.5  	     106.4  	     119.0  	     112.4  	     114.1  	     111.1  	     122.2  	     
109.9  	     111.8  	     109.9  	     122.4  	     116.4  	     117.9  	     115.0  	     126.4  	     
113.2  	     115.3  	     112.9  	     125.7  	     120.3  	     122.0  	     118.4  	     130.1  	     
116.3  	     118.6  	     116.3  	     128.8  	     126.5  	     126.6  	     122.1  	     134.4  	     
119.6  	     121.7  	     119.8  	     132.2  	     127.7  	     130.1  	     125.9  	     138.2  	     
122.6  	     125.4  	     123.3  	     135.7  	     131.3  	     134.0  	     129.7  	     142.1  	     
125.8  	     129.2  	     126.7  	     139.2  	     135.0  	     138.0  	     133.4  	     146.4  	     
129.3  	     133.3  	     130.3  	     142.4  	     138.5  	     142.2  	     137.1  	     150.2  	     
132.7  	     136.8  	     134.0  	     145.9  	     142.1  	     146.1  	     140.8  	     153.7  	     
136.2  	     140.4  	     137.7  	     149.7  	     146.1  	     149.9  	     144.3  	     158.2  	     
139.7  	     144.0  	     141.3  	     153.1  	     149.9  	     154.3  	     148.1  	     162.4  	     
143.3  	     147.6  	     145.1  	     156.5  	     154.2  	     158.1  	     152.2  	     166.3  	     
146.5  	     150.7  	     148.6  	     159.8  	     158.0  	     161.9  	     155.8  	     169.9  	     
150.2  	     154.4  	     152.2  	     163.0  	     163.1  	     166.1  	     159.7  	     172.6  	     
153.6  	     157.2  	     155.7  	     166.4  	     165.2  	     169.2  	     163.3  	     176.3  	     
156.7  	     160.4  	     158.9  	     169.6  	     169.0  	     173.0  	     167.2  	     180.1  	     
159.7  	     163.5  	     162.1  	     173.0  	     172.1  	     176.6  	     170.7  	     182.8  	     
162.9  	     166.6  	     165.3  	     176.1  	     175.5  	     179.9  	     174.1  	     186.2  	     
165.9  	     169.6  	     168.7  	     179.2  	     178.8  	     183.2  	     177.6  	     189.3  	     
166.6  	     170.2  	     169.3  	     179.8  	     182.1  	     184.4  	     178.5  	     190.1  	     
168.8  	     172.4  	     171.7  	     182.2  	     184.4  	     187.0  	     181.0  	     191.9  	     
172.0  	     175.8  	     175.0  	     185.1  	     184.8  	     189.4  	     184.1  	     194.9  	     
174.7  	     178.5  	     178.0  	     188.3  	     187.9  	     192.6  	     187.3  	     197.8  	     
177.9  	     181.1  	     181.2  	     191.1  	     190.8  	     195.5  	     190.3  	     200.5  	     
180.6  	     184.1  	     184.3  	     194.0  	     193.3  	     198.4  	     193.6  	     203.0  	     
183.5  	     186.8  	     187.2  	     196.7  	     196.3  	     201.4  	     196.4  	     205.6  	     
186.3  	     189.6  	     190.0  	     199.7  	     198.8  	     204.4  	     199.5  	     208.4  	     
189.1  	     191.8  	     193.1  	     202.4  	     201.6  	     207.0  	     202.6  	     211.0  	     
190.4  	     193.3  	     194.4  	     203.8  	     203.0  	     208.4  	     203.9  	     212.1  	     
191.8  	     194.7  	     195.9  	     205.0  	     204.3  	     209.8  	     205.4  	     213.4  	     
194.5  	     197.0  	     198.6  	     207.8  	     206.8  	     212.6  	     208.2  	     215.8  	     
197.0  	     199.5  	     201.2  	     210.4  	     212.2  	     215.3  	     210.8  	     218.3  	     
199.8  	     202.0  	     204.2  	     213.1  	     212.2  	     217.8  	     213.8  	     220.6  	     
202.2  	     204.5  	     207.0  	     215.4  	     214.8  	     220.5  	     216.5  	     222.9  	     
204.8  	     207.0  	     209.5  	     218.0  	     219.9  	     223.5  	     219.1  	     225.2  	     
207.2  	     209.3  	     212.0  	     220.2  	     219.5  	     225.1  	     221.8  	     227.4  	     
209.6  	     211.5  	     214.5  	     222.7  	     222.2  	     227.6  	     224.1  	     228.7  	     
210.9  	     212.5  	     215.7  	     223.8  	     225.2  	     229.5  	     225.2  	     230.3  	     
212.0  	     213.5  	     217.0  	     224.8  	     223.8  	     229.7  	     226.2  	     230.9  	     
214.3  	     215.4  	     219.1  	     226.8  	     225.9  	     231.5  	     228.5  	     232.0  	     
216.4  	     217.1  	     221.2  	     228.8  	     227.9  	     233.4  	     230.4  	     233.8  	     
218.5  	     219.0  	     223.4  	     230.7  	     229.7  	     235.1  	     232.4  	     235.6  	     
220.4  	     220.7  	     225.3  	     232.7  	     231.0  	     236.8  	     234.3  	     237.1  	     
222.2  	     222.3  	     227.1  	     234.5  	     232.7  	     238.6  	     235.9  	     238.6  	     
224.0  	     223.8  	     228.8  	     236.0  	     234.1  	     239.9  	     237.5  	     239.9  	     
225.8  	     225.4  	     230.7  	     237.6  	     235.5  	     241.4  	     239.1  	     241.0  	     
227.3  	     226.8  	     232.1  	     239.0  	     236.9  	     242.8  	     240.6  	     242.5  	     
228.7  	     228.2  	     233.7  	     240.5  	     238.2  	     244.1  	     242.0  	     243.7  	     
230.5  	     229.5  	     235.2  	     241.8  	     239.4  	     245.4  	     243.3  	     244.7  	     
231.9  	     230.8  	     236.6  	     243.1  	     240.1  	     246.3  	     244.4  	     245.4  	     
233.2  	     232.1  	     237.8  	     244.3  	     241.3  	     247.3  	     245.6  	     246.6  	     
233.9  	     232.5  	     238.5  	     245.0  	     242.0  	     247.8  	     246.1  	     247.2  	     
234.6  	     233.3  	     239.1  	     245.5  	     242.5  	     248.4  	     246.7  	     247.7  	     
235.9  	     234.4  	     240.4  	     246.7  	     243.5  	     249.3  	     247.8  	     248.7  	     
236.7  	     235.2  	     241.4  	     247.6  	     244.2  	     250.1  	     248.6  	     249.4  	     
237.1  	     235.5  	     241.7  	     247.8  	     244.4  	     250.2  	     249.0  	     249.7  	     
238.2  	     236.4  	     242.6  	     248.8  	     245.4  	     251.2  	     249.8  	     250.6  	     
239.3  	     237.4  	     243.7  	     249.7  	     246.2  	     252.1  	     250.6  	     251.3  	     
240.3  	     238.4  	     244.8  	     250.5  	     246.9  	     252.9  	     251.5  	     252.0  	     
241.5  	     239.3  	     245.6  	     251.2  	     247.6  	     253.6  	     252.3  	     252.7  	     
242.4  	     240.3  	     246.5  	     252.1  	     248.5  	     254.4  	     253.1  	     253.4  	     
243.4  	     241.1  	     247.3  	     252.8  	     249.2  	     254.8  	     253.9  	     253.9  	     
244.1  	     241.9  	     248.1  	     253.4  	     249.6  	     255.5  	     254.5  	     254.4  	     
245.0  	     242.6  	     248.9  	     254.0  	     250.2  	     255.9  	     254.8  	     255.1  	     
245.8  	     243.4  	     249.6  	     254.6  	     250.7  	     256.3  	     255.5  	     255.6  	     
246.5  	     244.2  	     250.2  	     255.2  	     251.2  	     256.9  	     256.1  	     256.3  	     
247.7  	     244.9  	     250.9  	     256.2  	     251.8  	     257.4  	     256.8  	     256.7  	     
248.8  	     245.6  	     251.7  	     256.7  	     252.4  	     258.1  	     257.3  	     257.6  	     
249.4  	     246.2  	     252.3  	     257.3  	     252.9  	     258.6  	     257.8  	     257.9  	     
250.0  	     246.8  	     252.8  	     257.7  	     253.3  	     258.9  	     258.1  	     258.1  	     
250.5  	     247.4  	     253.3  	     258.0  	     253.8  	     259.1  	     258.3  	     258.7  	     
251.1  	     248.0  	     253.8  	     258.4  	     254.1  	     259.6  	     258.9  	     259.1  	     
251.5  	     248.5  	     254.2  	     258.8  	     254.6  	     259.5  	     259.0  	     259.3  	     
252.0  	     249.1  	     254.6  	     259.2  	     254.8  	     259.9  	     259.2  	     259.6  	     
252.5  	     249.6  	     255.1  	     259.5  	     255.3  	     260.2  	     259.7  	     260.0  	     
252.9  	     250.2  	     255.5  	     259.9  	     255.7  	     260.5  	     260.1  	     260.2  	     
253.5  	     250.7  	     255.9  	     260.1  	     255.8  	     260.8  	     260.3  	     260.5  	     
253.8  	     251.1  	     256.2  	     260.4  	     255.7  	     261.0  	     260.4  	     260.9  	     
254.3  	     251.5  	     256.7  	     260.6  	     256.2  	     261.2  	     260.6  	     261.0  	     
254.7  	     251.9  	     256.9  	     260.8  	     256.4  	     261.3  	     260.9  	     261.1  	     
254.7  	     251.9  	     257.0  	     260.9  	     256.3  	     261.3  	     260.9  	     261.1  	     
255.0  	     252.3  	     257.3  	     261.0  	     256.9  	     261.6  	     261.0  	     261.6  	     
255.4  	     252.6  	     257.6  	     261.3  	     256.9  	     261.8  	     261.2  	     261.7  	     
255.7  	     252.9  	     258.0  	     261.3  	     257.1  	     261.7  	     261.4  	     261.7  	     
255.9  	     253.2  	     258.0  	     261.3  	     257.4  	     262.1  	     261.8  	     262.0  	     
256.0  	     253.4  	     258.2  	     261.4  	     257.6  	     261.9  	     261.7  	     262.1  	     
256.3  	     253.8  	     258.4  	     261.5  	     257.6  	     262.2  	     261.8  	     262.3  	     
256.7  	     254.2  	     258.8  	     261.7  	     257.5  	     262.6  	     262.0  	     262.4  	     
256.8  	     254.5  	     258.9  	     262.0  	     260.2  	     263.2  	     262.1  	     262.8  	     
257.0  	     254.7  	     259.1  	     262.1  	     260.5  	     262.8  	     262.4  	     263.2  	     
257.3  	     255.1  	     259.2  	     262.2  	     258.5  	     262.8  	     262.5  	     263.2  	     
257.5  	     255.3  	     259.5  	     262.2  	     258.9  	     263.0  	     262.4  	     263.4  	     
257.7  	     255.5  	     259.6  	     262.3  	     260.8  	     263.2  	     262.5  	     263.4  	     
257.9  	     255.8  	     259.8  	     262.3  	     260.8  	     263.6  	     262.6  	     263.5  	     
257.9  	     256.1  	     260.0  	     262.4  	     258.8  	     263.1  	     262.8  	     263.7  	     
258.4  	     256.4  	     260.1  	     262.5  	     259.0  	     263.1  	     262.8  	     263.8  	     
258.5  	     256.5  	     260.3  	     262.7  	     259.1  	     263.1  	     262.8  	     264.0  	     
258.6  	     256.9  	     260.4  	     262.7  	     259.1  	     263.3  	     262.9  	     264.2  	     
259.0  	     257.1  	     260.5  	     262.9  	     259.2  	     263.6  	     263.1  	     264.2  	     
259.2  	     257.4  	     260.7  	     262.9  	     261.2  	     263.6  	     262.8  	     263.9  	     
259.4  	     257.5  	     260.8  	     262.9  	     259.2  	     263.2  	     262.8  	     264.1  	     
259.5  	     257.8  	     260.9  	     263.0  	     259.4  	     263.2  	     262.8  	     264.3  	     
259.6  	     257.9  	     261.0  	     263.1  	     259.4  	     263.4  	     262.9  	     264.4  	     
259.7  	     258.1  	     261.2  	     263.1  	     259.7  	     263.2  	     263.0  	     264.3  	     
259.9  	     258.4  	     261.4  	     263.2  	     259.6  	     263.4  	     263.0  	     264.4  	     
260.1  	     258.5  	     261.4  	     263.3  	     260.0  	     263.6  	     263.6  	     264.9  	     
260.3  	     258.7  	     261.6  	     263.4  	     260.1  	     263.8  	     263.6  	     264.9  	     
260.3  	     258.8  	     261.7  	     263.4  	     260.2  	     263.7  	     263.6  	     264.9  	     
260.5  	     259.0  	     261.8  	     263.4  	     260.2  	     263.6  	     263.6  	     264.8  	     
260.6  	     259.1  	     261.9  	     263.4  	     260.5  	     263.6  	     263.3  	     265.1  	     
260.6  	     259.3  	     262.0  	     263.4  	     260.0  	     263.7  	     263.3  	     265.0  	     
260.8  	     259.4  	     261.9  	     263.6  	     260.4  	     263.6  	     263.5  	     264.8  	     
260.9  	     259.6  	     262.1  	     263.6  	     260.3  	     263.9  	     263.5  	     265.1  	     
261.0  	     259.7  	     262.3  	     263.6  	     260.5  	     263.7  	     263.5  	     265.1  	     
261.2  	     259.9  	     262.4  	     263.7  	     260.3  	     263.7  	     263.5  	     265.2  	     
261.3  	     260.1  	     262.5  	     263.8  	     260.5  	     264.0  	     263.6  	     265.4  	     
261.5  	     260.3  	     262.6  	     263.8  	     260.6  	     263.8  	     263.7  	     265.3  	     
261.4  	     260.2  	     262.6  	     263.9  	     260.8  	     263.9  	     263.7  	     265.4  	     
261.6  	     260.5  	     262.7  	     263.9  	     260.6  	     264.0  	     263.7  	     265.4  	     
261.6  	     260.5  	     262.7  	     263.9  	     260.8  	     263.8  	     263.8  	     265.5  	     
261.8  	     260.5  	     262.7  	     263.9  	     260.9  	     263.9  	     263.7  	     265.6  	     
261.8  	     261.0  	     262.8  	     263.9  	     260.9  	     263.9  	     263.7  	     265.6  	     
262.0  	     260.7  	     263.0  	     264.0  	     260.7  	     264.1  	     263.8  	     265.7  	     
262.0  	     261.0  	     263.0  	     264.0  	     261.0  	     263.9  	     263.8  	     265.6  	     
262.2  	     260.9  	     263.0  	     264.1  	     261.0  	     264.0  	     263.8  	     265.6  	     
262.2  	     261.5  	     263.1  	     264.1  	     260.9  	     264.1  	     263.8  	     265.7  	     
262.3  	     261.5  	     263.1  	     264.2  	     261.2  	     264.1  	     263.9  	     265.8  	     
262.4  	     261.5  	     263.2  	     264.1  	     261.1  	     263.9  	     263.9  	     265.9  	     
262.4  	     261.4  	     263.3  	     264.2  	     261.0  	     264.1  	     263.9  	     265.8  	     
262.5  	     261.6  	     263.2  	     264.2  	     261.2  	     264.0  	     264.0  	     266.0  	     
262.6  	     261.9  	     263.3  	     264.3  	     261.3  	     264.0  	     263.9  	     266.0  	     
262.6  	     261.7  	     263.3  	     264.3  	     261.4  	     264.3  	     264.2  	     266.2  	     
262.7  	     261.8  	     263.3  	     264.4  	     261.4  	     264.1  	     264.2  	     266.2  	     
262.7  	     262.1  	     263.5  	     264.4  	     261.5  	     264.4  	     264.2  	     266.3  	     
262.8  	     262.3  	     263.7  	     264.5  	     261.4  	     264.3  	     264.2  	     266.1  	     
262.8  	     262.3  	     263.8  	     264.4  	     261.5  	     264.3  	     264.1  	     266.1  	     
263.0  	     261.9  	     263.8  	     264.5  	     261.4  	     264.3  	     264.2  	     266.1  	     
263.1  	     262.4  	     263.8  	     264.5  	     261.4  	     264.1  	     264.0  	     266.3  	     
263.1  	     262.1  	     263.8  	     264.4  	     261.6  	     264.2  	     264.0  	     266.0  	     
263.1  	     262.5  	     263.8  	     264.5  	     261.6  	     264.3  	     264.0  	     266.2  	     
263.3  	     262.7  	     263.9  	     264.5  	     261.7  	     264.1  	     264.2  	     266.3  	     
263.3  	     262.2  	     264.0  	     264.4  	     261.6  	     264.3  	     264.1  	     266.3  	     
263.4  	     262.7  	     264.0  	     264.5  	     261.4  	     264.0  	     264.0  	     266.1  	     
263.4  	     263.0  	     264.0  	     264.5  	     261.7  	     263.9  	     263.9  	     266.3  	     
263.4  	     262.6  	     263.9  	     264.5  	     261.5  	     264.2  	     263.9  	     266.1  	     
263.4  	     263.0  	     263.9  	     264.6  	     261.5  	     264.1  	     264.0  	     266.2  	     
263.4  	     262.9  	     264.1  	     264.6  	     261.7  	     264.1  	     264.1  	     266.1  	     
263.6  	     262.7  	     264.2  	     264.6  	     261.7  	     264.3  	     264.4  	     266.3  	     
263.7  	     262.7  	     264.1  	     264.6  	     261.6  	     264.3  	     264.3  	     266.5  	     
263.7  	     263.0  	     264.1  	     264.6  	     261.7  	     264.3  	     264.2  	     266.5  	     
263.7  	     263.1  	     264.2  	     264.7  	     261.9  	     264.3  	     264.1  	     266.5  	     
263.9  	     263.4  	     264.2  	     264.6  	     261.8  	     264.2  	     264.1  	     266.7  	     
263.9  	     263.3  	     264.2  	     264.6  	     261.5  	     264.0  	     264.0  	     266.5  	     
264.0  	     263.3  	     264.2  	     264.7  	     261.6  	     264.1  	     264.0  	     266.3  	     
264.0  	     263.3  	     264.2  	     264.7  	     261.7  	     264.3  	     264.0  	     266.3  	     
263.9  	     263.7  	     264.3  	     264.7  	     261.7  	     264.2  	     264.0  	     266.3  	     
264.0  	     263.3  	     264.2  	     264.8  	     261.6  	     264.1  	     264.0  	     266.5  	     
264.0  	     263.4  	     264.2  	     264.8  	     261.7  	     264.3  	     264.1  	     266.4  	     
264.1  	     263.5  	     264.3  	     264.8  	     262.0  	     264.2  	     264.1  	     266.5  	     
264.1  	     263.6  	     264.4  	     264.8  	     261.7  	     264.4  	     264.3  	     266.5  	     
264.2  	     263.7  	     264.5  	     264.8  	     261.9  	     264.3  	     264.2  	     266.6  	     
264.2  	     263.5  	     264.4  	     264.8  	     261.7  	     264.1  	     264.1  	     266.6  	     
264.2  	     263.8  	     264.4  	     264.8  	     261.9  	     264.2  	     264.2  	     266.6  	     
264.2  	     263.8  	     264.5  	     264.8  	     261.8  	     264.3  	     264.1  	     266.6  	     
264.3  	     263.9  	     264.4  	     264.8  	     261.9  	     264.1  	     264.2  	     266.6  	     
264.2  	     264.0  	     264.5  	     264.8  	     261.8  	     264.3  	     264.1  	     266.5  	     
264.3  	     263.9  	     264.5  	     264.8  	     261.9  	     264.1  	     264.1  	     266.6  	     
264.5  	     264.1  	     264.6  	     264.9  	     261.8  	     264.1  	     264.1  	     266.6  	     
264.4  	     264.0  	     264.5  	     264.8  	     261.6  	     264.3  	     264.1  	     266.5  	     
264.4  	     264.1  	     264.6  	     264.8  	     261.7  	     264.2  	     264.1  	     266.6  	     
264.3  	     263.9  	     264.5  	     264.9  	     261.8  	     264.2  	     264.2  	     266.5  	     
264.6  	     264.1  	     264.7  	     265.0  	     261.8  	     264.1  	     264.0  	     266.7  	     
264.5  	     264.0  	     264.6  	     264.8  	     261.9  	     264.1  	     264.1  	     266.5  	     
264.4  	     264.0  	     264.7  	     264.9  	     261.7  	     264.3  	     264.2  	     266.5  	     
264.5  	     263.9  	     264.6  	     264.9  	     262.0  	     264.3  	     264.1  	     266.5  	     
264.5  	     264.1  	     264.7  	     264.8  	     261.8  	     264.1  	     264.1  	     266.4  	     
264.4  	     263.7  	     264.5  	     264.6  	     261.4  	     263.6  	     264.0  	     266.4  	     
264.3  	     263.7  	     264.3  	     264.2  	     261.0  	     263.6  	     263.9  	     265.6  	     
264.1  	     263.1  	     264.0  	     263.6  	     260.8  	     263.3  	     263.4  	     265.1  	     
263.7  	     262.9  	     263.5  	     263.1  	     260.1  	     262.7  	     262.8  	     264.4  	     
263.2  	     262.7  	     263.0  	     262.2  	     259.3  	     261.9  	     262.1  	     263.5  	     
262.8  	     261.7  	     262.4  	     261.4  	     258.7  	     261.2  	     261.6  	     262.7  	     
262.2  	     261.1  	     261.7  	     260.5  	     257.7  	     260.6  	     260.6  	     261.6  	     
261.6  	     260.1  	     261.0  	     259.6  	     256.7  	     259.7  	     259.9  	     260.9  	     
260.8  	     259.5  	     260.1  	     258.4  	     255.9  	     258.4  	     258.9  	     259.8  	     
260.0  	     258.8  	     259.1  	     257.3  	     254.7  	     257.5  	     257.8  	     258.9  	     
258.9  	     257.8  	     258.3  	     256.2  	     253.8  	     256.4  	     257.0  	     257.7  	     
258.0  	     257.1  	     257.4  	     254.8  	     254.8  	     255.8  	     255.8  	     256.7  	     
256.9  	     256.1  	     256.2  	     253.7  	     251.7  	     254.2  	     254.7  	     255.3  	     
255.9  	     255.1  	     255.2  	     252.4  	     250.5  	     253.0  	     253.6  	     254.4  	     
254.8  	     253.9  	     254.1  	     251.0  	     249.7  	     252.2  	     252.6  	     253.6  	     
253.8  	     252.9  	     253.0  	     249.6  	     248.4  	     250.9  	     251.5  	     252.5  	     
252.4  	     251.9  	     251.7  	     248.3  	     247.8  	     250.0  	     250.3  	     251.2  	     
251.3  	     250.7  	     250.5  	     246.8  	     248.5  	     249.0  	     249.2  	     250.3  	     
249.9  	     249.6  	     249.4  	     245.4  	     245.0  	     247.2  	     247.9  	     248.8  	     
249.0  	     248.7  	     248.5  	     244.2  	     243.9  	     246.2  	     246.7  	     247.8  	     
248.8  	     248.5  	     248.1  	     243.8  	     243.5  	     245.7  	     246.5  	     247.6  	     
247.5  	     247.2  	     246.8  	     242.4  	     242.6  	     244.3  	     245.1  	     246.4  	     
246.0  	     246.1  	     245.6  	     240.9  	     241.3  	     243.0  	     243.9  	     245.0  	     
244.8  	     244.8  	     244.2  	     239.4  	     240.0  	     241.7  	     242.4  	     243.9  	     
243.4  	     243.6  	     243.0  	     238.0  	     238.7  	     240.4  	     241.3  	     242.6  	     
242.0  	     242.5  	     241.8  	     236.4  	     237.5  	     239.0  	     240.0  	     241.2  	     
240.5  	     241.4  	     240.6  	     234.9  	     236.3  	     237.6  	     238.5  	     240.0  	     
239.3  	     240.1  	     239.0  	     233.4  	     235.0  	     236.1  	     237.2  	     238.9  	     
237.7  	     238.9  	     237.8  	     231.7  	     233.5  	     235.0  	     235.7  	     237.4  	     
236.6  	     237.6  	     236.5  	     230.1  	     232.4  	     233.4  	     234.3  	     236.1  	     
235.1  	     236.5  	     235.1  	     228.6  	     231.0  	     232.1  	     233.0  	     234.8  	     
233.7  	     235.2  	     233.7  	     227.0  	     229.6  	     230.6  	     231.4  	     233.4  	     
232.1  	     234.0  	     232.4  	     225.6  	     228.4  	     229.1  	     230.0  	     232.3  	     
230.9  	     232.7  	     231.1  	     224.1  	     227.2  	     227.9  	     228.7  	     230.9  	     
229.2  	     231.3  	     229.6  	     222.4  	     225.8  	     226.3  	     227.1  	     229.6  	     
228.0  	     230.1  	     228.4  	     220.9  	     224.4  	     224.9  	     225.8  	     228.3  	     
226.6  	     228.7  	     227.0  	     219.3  	     223.2  	     223.4  	     224.1  	     226.9  	     
225.1  	     227.5  	     225.5  	     217.8  	     221.9  	     221.9  	     222.8  	     225.6  	     
223.7  	     226.2  	     224.2  	     216.3  	     220.4  	     220.3  	     221.3  	     224.2  	     
222.4  	     224.9  	     222.8  	     214.9  	     219.3  	     219.0  	     219.8  	     223.0  	     
220.8  	     223.7  	     221.5  	     213.4  	     217.9  	     217.5  	     218.5  	     221.6  	     
219.4  	     222.5  	     220.3  	     211.9  	     216.9  	     216.5  	     217.4  	     220.5  	     
218.0  	     221.1  	     218.8  	     210.3  	     215.5  	     215.0  	     215.9  	     219.3  	     
216.6  	     220.0  	     217.4  	     208.7  	     213.9  	     213.5  	     214.5  	     217.8  	     
215.3  	     218.6  	     216.0  	     207.2  	     212.8  	     211.9  	     212.9  	     216.6  	     
213.8  	     217.3  	     214.6  	     205.8  	     211.7  	     210.7  	     211.6  	     215.4  	     
212.5  	     216.0  	     213.3  	     204.4  	     210.4  	     209.1  	     210.0  	     214.0  	     
211.1  	     214.8  	     212.0  	     203.0  	     209.0  	     207.7  	     208.5  	     212.8  	     
209.5  	     213.6  	     210.6  	     201.6  	     207.5  	     206.4  	     207.3  	     211.5  	     
208.0  	     212.5  	     209.2  	     200.2  	     206.2  	     205.0  	     205.9  	     210.3  	     
206.5  	     211.2  	     208.0  	     198.7  	     205.2  	     203.6  	     204.6  	     209.0  	     
205.2  	     209.8  	     206.6  	     197.2  	     203.9  	     202.2  	     203.1  	     207.7  	     
204.0  	     208.6  	     205.3  	     195.8  	     202.8  	     201.2  	     201.8  	     206.5  	     
202.6  	     207.4  	     204.0  	     194.5  	     201.6  	     199.7  	     200.5  	     205.2  	     
201.2  	     206.4  	     202.8  	     193.1  	     200.4  	     198.3  	     199.3  	     204.0  	     
200.0  	     205.0  	     201.4  	     191.8  	     199.0  	     196.9  	     197.9  	     202.7  	     
198.6  	     203.8  	     200.1  	     190.5  	     197.7  	     195.8  	     196.5  	     201.4  	     
197.2  	     202.8  	     199.0  	     189.1  	     196.8  	     194.5  	     195.2  	     200.2  	     
196.1  	     201.6  	     197.6  	     187.9  	     195.6  	     193.2  	     194.1  	     199.0  	     
194.7  	     200.2  	     196.6  	     186.5  	     194.4  	     191.9  	     192.7  	     198.0  	     
193.5  	     199.0  	     195.2  	     185.2  	     193.0  	     190.6  	     191.4  	     196.8  	     
192.2  	     198.0  	     193.9  	     184.1  	     191.9  	     189.4  	     190.1  	     195.7  	     
191.0  	     196.7  	     192.8  	     182.7  	     190.5  	     187.8  	     188.6  	     194.2  	     
189.8  	     195.6  	     191.4  	     181.5  	     189.3  	     186.8  	     187.4  	     192.8  	     
188.6  	     194.6  	     190.3  	     180.3  	     188.2  	     185.4  	     186.0  	     191.8  	     
187.4  	     193.5  	     189.2  	     179.1  	     187.0  	     184.2  	     184.9  	     190.7  	     
186.1  	     192.3  	     188.1  	     177.9  	     185.8  	     182.7  	     183.5  	     189.5  	     
185.0  	     191.3  	     186.8  	     176.7  	     184.7  	     181.7  	     182.4  	     188.4  	     
183.6  	     190.1  	     185.6  	     175.5  	     184.0  	     180.8  	     181.4  	     187.6  	     
182.5  	     189.1  	     184.4  	     174.3  	     182.7  	     179.7  	     180.0  	     186.2  	     
181.4  	     188.1  	     183.3  	     173.3  	     181.6  	     178.3  	     179.2  	     185.3  	     
180.2  	     186.8  	     182.1  	     172.1  	     183.0  	     177.7  	     178.0  	     184.4  	     
179.1  	     185.6  	     180.9  	     170.9  	     178.8  	     176.5  	     177.2  	     183.4  	     
178.0  	     184.6  	     179.7  	     170.0  	     178.3  	     175.1  	     175.8  	     182.1  	     
177.0  	     183.4  	     178.6  	     168.8  	     177.4  	     173.9  	     174.5  	     181.0  	     
175.9  	     182.4  	     177.5  	     167.6  	     176.3  	     172.7  	     173.4  	     179.8  	     
174.8  	     181.4  	     176.6  	     166.6  	     175.0  	     171.7  	     172.5  	     178.7  	     
173.6  	     180.3  	     175.6  	     165.5  	     173.9  	     170.6  	     171.5  	     177.7  	     
172.4  	     179.2  	     174.4  	     164.5  	     173.0  	     169.3  	     170.1  	     176.8  	     
171.4  	     178.3  	     173.4  	     163.4  	     172.2  	     168.1  	     168.9  	     175.7  	     
170.5  	     177.3  	     172.4  	     162.4  	     171.1  	     167.2  	     167.8  	     174.8  	     
169.5  	     176.4  	     171.3  	     161.3  	     170.0  	     166.1  	     166.9  	     173.6  	     
168.4  	     175.3  	     170.3  	     160.3  	     168.9  	     165.0  	     166.3  	     172.6  	     
167.4  	     174.3  	     169.3  	     159.4  	     168.0  	     164.5  	     164.9  	     171.6  	     
166.4  	     173.3  	     168.2  	     158.4  	     167.2  	     163.2  	     163.9  	     170.8  	     
165.5  	     172.4  	     167.1  	     157.6  	     166.1  	     162.2  	     162.8  	     169.7  	     
164.4  	     171.4  	     166.1  	     156.6  	     164.8  	     161.4  	     161.9  	     168.7  	     
163.6  	     170.5  	     165.2  	     155.8  	     164.8  	     160.2  	     160.1  	     168.4  	     
162.4  	     169.6  	     164.4  	     155.0  	     162.9  	     159.3  	     159.9  	     166.9  	     
161.6  	     168.7  	     163.5  	     154.0  	     165.4  	     159.5  	     159.5  	     166.7  	     
160.5  	     167.8  	     162.4  	     153.2  	     162.1  	     158.2  	     158.6  	     165.7  	     
159.5  	     166.9  	     161.4  	     152.2  	     161.0  	     157.1  	     157.6  	     164.9  	     
158.6  	     165.9  	     160.4  	     151.3  	     160.2  	     156.2  	     156.7  	     163.8  	     
157.7  	     165.1  	     159.6  	     150.5  	     159.3  	     155.4  	     155.7  	     163.1  	     
156.9  	     164.2  	     158.8  	     149.7  	     158.0  	     153.9  	     154.5  	     161.7  	     
156.1  	     163.3  	     157.9  	     148.9  	     157.1  	     153.0  	     153.5  	     160.8  	     
155.2  	     162.4  	     157.1  	     148.1  	     156.2  	     152.1  	     152.7  	     159.9  	     
154.2  	     161.5  	     156.2  	     147.3  	     155.4  	     151.3  	     151.9  	     158.9  	     
153.4  	     160.7  	     155.4  	     146.5  	     154.5  	     150.6  	     151.0  	     158.3  	     
152.6  	     159.9  	     154.6  	     145.7  	     153.8  	     149.9  	     150.3  	     157.3  	     
151.8  	     159.0  	     153.8  	     144.9  	     153.1  	     149.1  	     149.1  	     156.7  	     
151.0  	     158.2  	     153.1  	     144.2  	     153.8  	     148.4  	     148.5  	     155.8  	     
150.2  	     157.4  	     152.1  	     143.4  	     150.8  	     147.0  	     147.8  	     155.4  	     
149.3  	     156.5  	     151.3  	     142.7  	     153.0  	     147.1  	     147.0  	     154.4  	     
148.5  	     155.6  	     150.5  	     142.0  	     152.3  	     146.1  	     146.1  	     153.5  	     
147.6  	     154.9  	     149.6  	     141.2  	     151.3  	     145.6  	     145.4  	     152.6  	     
146.9  	     154.1  	     148.8  	     140.4  	     150.8  	     144.7  	     144.5  	     151.7  	     
146.2  	     153.4  	     148.2  	     139.7  	     147.4  	     143.2  	     143.3  	     150.8  	     
145.5  	     152.5  	     147.4  	     139.1  	     146.3  	     142.6  	     143.0  	     150.3  	     
144.9  	     151.8  	     146.7  	     138.3  	     145.5  	     142.0  	     142.2  	     149.6  	     
144.0  	     151.1  	     146.0  	     137.7  	     144.9  	     141.3  	     141.7  	     148.9  	     
143.4  	     150.4  	     145.2  	     137.1  	     147.0  	     141.4  	     141.0  	     148.1  	     
142.6  	     149.7  	     144.4  	     136.4  	     146.3  	     140.5  	     140.2  	     147.5  	     
142.0  	     148.9  	     143.7  	     135.8  	     145.6  	     139.8  	     139.5  	     146.7  	     
141.3  	     148.1  	     143.0  	     135.1  	     144.9  	     139.1  	     139.0  	     146.1  	     
140.5  	     147.4  	     142.3  	     134.5  	     144.2  	     138.6  	     138.2  	     145.3  	     
139.8  	     146.6  	     141.5  	     133.9  	     141.1  	     137.5  	     137.6  	     144.7  	     
139.8  	     146.6  	     141.5  	     133.8  	     141.3  	     137.6  	     137.3  	     144.6  	     