
G48-PTC4  	G48-PTC5  	G48-PTC8  	G48-PTC11  	G48-PTC27  	G48-PTC28  	G48-PTC31  	G48-PTC34  	
Deg.F  	     Deg.F  	     Deg.F  	     Deg.F  	     Deg.F  	     Deg.F  	     Deg.F  	     Deg.F  	     
75.1  	     73.3  	     73.3  	     74.7  	     72.4  	     76.1  	     73.5  	     74.2  	     
75.1  	     73.3  	     73.3  	     74.7  	     72.4  	     76.1  	     73.5  	     74.2  	     
75.1  	     73.3  	     73.3  	     74.7  	     72.4  	     76.1  	     73.5  	     74.2  	     
76.0  	     74.0  	     73.7  	     76.0  	     73.1  	     76.9  	     74.5  	     75.2  	     
77.0  	     75.1  	     74.4  	     77.0  	     74.3  	     77.2  	     75.8  	     76.4  	     
78.0  	     76.3  	     75.1  	     77.2  	     75.7  	     79.6  	     76.7  	     77.3  	     
78.4  	     76.3  	     75.6  	     78.9  	     76.9  	     79.7  	     77.5  	     77.9  	     
79.2  	     76.9  	     76.5  	     79.6  	     78.1  	     80.2  	     78.2  	     79.1  	     
79.7  	     77.6  	     77.1  	     80.2  	     79.2  	     81.2  	     79.0  	     79.6  	     
80.6  	     78.8  	     77.9  	     79.7  	     80.2  	     80.8  	     80.0  	     80.5  	     
81.1  	     79.5  	     78.5  	     80.7  	     81.1  	     81.2  	     80.9  	     81.3  	     
81.7  	     80.0  	     79.2  	     80.9  	     82.1  	     81.7  	     81.4  	     82.0  	     
82.2  	     80.6  	     79.7  	     81.8  	     82.9  	     82.6  	     82.1  	     82.6  	     
82.9  	     81.2  	     80.5  	     82.6  	     83.9  	     84.0  	     82.7  	     83.2  	     
83.4  	     81.8  	     80.9  	     83.3  	     84.7  	     84.0  	     83.0  	     83.3  	     
84.0  	     82.3  	     82.0  	     83.9  	     85.4  	     85.3  	     83.7  	     84.3  	     
84.6  	     82.8  	     82.5  	     85.7  	     86.1  	     85.6  	     84.1  	     84.7  	     
85.1  	     83.5  	     82.9  	     85.0  	     86.7  	     86.3  	     84.6  	     85.4  	     
85.1  	     83.5  	     82.9  	     85.0  	     86.7  	     86.3  	     84.6  	     85.4  	     
85.6  	     84.1  	     83.6  	     85.7  	     87.5  	     86.9  	     85.3  	     85.9  	     
86.1  	     84.6  	     84.0  	     86.1  	     88.2  	     87.3  	     86.1  	     86.6  	     
86.5  	     84.7  	     84.7  	     86.7  	     88.6  	     87.9  	     86.5  	     87.0  	     
86.9  	     85.1  	     85.1  	     87.1  	     89.3  	     88.3  	     86.8  	     87.7  	     
87.4  	     85.3  	     85.7  	     87.8  	     90.0  	     88.8  	     87.4  	     88.1  	     
87.8  	     86.0  	     86.3  	     88.1  	     90.5  	     89.4  	     87.8  	     88.5  	     
88.4  	     86.4  	     86.8  	     88.4  	     91.1  	     89.7  	     88.4  	     89.2  	     
88.8  	     86.9  	     87.5  	     89.0  	     91.6  	     90.2  	     88.9  	     89.6  	     
89.3  	     87.6  	     87.9  	     89.4  	     92.1  	     90.8  	     89.4  	     90.0  	     
89.8  	     88.0  	     88.1  	     90.9  	     92.6  	     91.3  	     89.8  	     90.7  	     
89.8  	     88.3  	     88.3  	     91.1  	     92.6  	     91.4  	     89.8  	     90.7  	     
90.3  	     88.9  	     88.7  	     90.2  	     93.1  	     91.8  	     90.3  	     91.3  	     
90.8  	     89.2  	     89.3  	     91.0  	     93.5  	     92.3  	     90.7  	     91.7  	     
90.9  	     87.8  	     89.6  	     92.6  	     94.0  	     92.5  	     91.0  	     91.9  	     
91.4  	     89.6  	     90.2  	     92.7  	     94.5  	     92.9  	     91.3  	     92.3  	     
91.7  	     90.0  	     90.5  	     93.1  	     94.8  	     93.3  	     91.8  	     92.6  	     
92.4  	     90.5  	     91.0  	     93.9  	     95.5  	     94.2  	     92.7  	     93.4  	     
93.6  	     91.6  	     91.4  	     94.8  	     96.3  	     95.7  	     93.8  	     94.3  	     
94.9  	     92.7  	     92.3  	     96.6  	     97.5  	     97.6  	     95.4  	     95.7  	     
96.8  	     94.1  	     93.2  	     98.0  	     98.8  	     99.6  	     97.0  	     97.0  	     
98.4  	     95.8  	     94.2  	     99.6  	     100.6  	     101.8  	     99.1  	     98.8  	     
100.7  	     97.4  	     95.4  	     101.5  	     102.7  	     104.0  	     101.6  	     100.9  	     
102.9  	     99.5  	     96.5  	     103.5  	     104.6  	     106.5  	     103.9  	     102.7  	     
105.8  	     101.6  	     98.1  	     105.8  	     107.0  	     109.5  	     106.3  	     105.1  	     
108.6  	     104.0  	     100.2  	     108.6  	     109.4  	     112.6  	     109.2  	     107.3  	     
111.9  	     106.4  	     102.3  	     111.1  	     112.0  	     115.5  	     112.2  	     109.9  	     
115.5  	     109.7  	     104.8  	     114.1  	     114.8  	     119.0  	     115.6  	     112.7  	     
118.9  	     112.7  	     107.2  	     117.7  	     117.6  	     122.6  	     119.2  	     115.7  	     
122.8  	     115.6  	     110.2  	     120.5  	     120.8  	     126.6  	     122.9  	     119.0  	     
126.7  	     119.2  	     112.5  	     122.8  	     124.0  	     130.0  	     126.5  	     122.3  	     
130.5  	     122.2  	     115.6  	     127.5  	     127.0  	     134.2  	     130.1  	     126.4  	     
134.6  	     125.8  	     118.8  	     129.9  	     130.5  	     138.3  	     133.8  	     129.8  	     
138.5  	     129.2  	     122.5  	     133.5  	     133.8  	     141.8  	     138.7  	     133.1  	     
141.6  	     132.4  	     126.0  	     138.3  	     138.0  	     143.9  	     141.7  	     135.6  	     
143.2  	     134.4  	     130.0  	     139.3  	     145.2  	     145.5  	     143.7  	     137.5  	     
147.4  	     137.7  	     132.8  	     144.2  	     151.7  	     150.6  	     147.3  	     141.1  	     
151.7  	     141.2  	     135.9  	     147.5  	     155.6  	     155.2  	     152.1  	     145.3  	     
155.8  	     144.9  	     139.5  	     151.2  	     159.0  	     159.3  	     156.0  	     149.3  	     
159.6  	     148.8  	     143.4  	     153.3  	     162.2  	     163.5  	     160.0  	     152.7  	     
163.3  	     152.1  	     147.1  	     156.9  	     165.4  	     166.8  	     163.6  	     156.4  	     
166.5  	     155.3  	     150.5  	     161.2  	     168.6  	     170.0  	     167.3  	     159.9  	     
169.8  	     158.5  	     153.4  	     163.5  	     171.8  	     173.1  	     170.3  	     163.2  	     
172.5  	     161.4  	     157.0  	     167.4  	     174.9  	     176.0  	     173.7  	     166.7  	     
175.2  	     164.5  	     160.2  	     168.6  	     177.9  	     179.0  	     176.7  	     169.6  	     
178.4  	     167.4  	     163.5  	     172.5  	     180.7  	     181.6  	     179.6  	     172.9  	     
179.6  	     168.7  	     164.9  	     173.7  	     181.9  	     182.8  	     180.9  	     174.2  	     
181.2  	     170.3  	     166.7  	     175.7  	     183.6  	     184.4  	     182.5  	     175.7  	     
184.1  	     173.2  	     169.5  	     178.9  	     186.4  	     187.0  	     186.0  	     178.8  	     
186.8  	     176.0  	     172.5  	     180.8  	     189.6  	     189.8  	     188.8  	     182.4  	     
189.6  	     178.8  	     175.5  	     183.4  	     192.4  	     192.5  	     191.6  	     185.4  	     
192.4  	     181.6  	     179.1  	     186.0  	     195.1  	     195.3  	     194.7  	     188.4  	     
194.8  	     184.2  	     181.8  	     188.8  	     198.0  	     197.8  	     197.0  	     191.8  	     
197.1  	     186.8  	     184.6  	     190.8  	     200.6  	     200.0  	     200.0  	     194.2  	     
199.6  	     189.4  	     187.5  	     193.4  	     203.4  	     202.3  	     203.1  	     197.3  	     
201.5  	     191.5  	     190.0  	     195.5  	     205.6  	     204.3  	     205.1  	     199.2  	     
202.0  	     191.8  	     190.5  	     196.2  	     206.1  	     204.8  	     205.5  	     200.0  	     
204.6  	     194.6  	     193.5  	     198.9  	     208.6  	     206.9  	     208.6  	     202.9  	     
207.1  	     197.1  	     196.6  	     201.5  	     210.8  	     209.1  	     210.9  	     205.6  	     
209.5  	     199.7  	     199.2  	     204.3  	     213.3  	     209.9  	     213.2  	     208.1  	     
212.1  	     202.1  	     201.7  	     207.0  	     215.8  	     212.2  	     216.0  	     211.4  	     
214.5  	     204.6  	     204.3  	     209.3  	     218.1  	     214.3  	     218.2  	     214.0  	     
216.3  	     206.7  	     206.6  	     211.6  	     220.6  	     216.0  	     220.7  	     215.7  	     
218.1  	     208.8  	     209.3  	     213.4  	     222.8  	     217.6  	     222.3  	     218.0  	     
218.3  	     209.0  	     209.7  	     213.8  	     223.0  	     218.5  	     222.5  	     218.5  	     
219.6  	     211.0  	     211.7  	     215.5  	     225.0  	     219.7  	     224.3  	     220.3  	     
221.1  	     212.6  	     214.2  	     217.3  	     226.7  	     221.4  	     225.9  	     222.6  	     
222.5  	     214.5  	     216.5  	     218.9  	     228.4  	     222.9  	     227.4  	     225.3  	     
224.1  	     216.4  	     218.4  	     220.5  	     230.1  	     224.3  	     228.8  	     226.6  	     
225.5  	     217.9  	     220.4  	     222.3  	     232.0  	     226.0  	     230.3  	     228.3  	     
227.0  	     219.7  	     222.3  	     223.9  	     233.8  	     227.4  	     231.7  	     229.2  	     
228.2  	     221.3  	     224.2  	     225.4  	     235.4  	     228.7  	     232.9  	     231.0  	     
229.4  	     222.8  	     225.9  	     226.5  	     236.9  	     229.8  	     234.3  	     232.3  	     
230.7  	     224.4  	     227.6  	     228.1  	     238.4  	     231.2  	     235.6  	     233.8  	     
232.1  	     225.9  	     229.2  	     229.4  	     239.7  	     232.4  	     236.6  	     234.9  	     
233.0  	     227.2  	     230.7  	     230.7  	     241.0  	     233.7  	     238.1  	     236.9  	     
234.0  	     228.4  	     232.2  	     232.0  	     242.1  	     234.8  	     238.9  	     238.1  	     
235.1  	     229.6  	     233.7  	     233.2  	     243.2  	     235.8  	     240.1  	     239.1  	     
235.3  	     230.0  	     234.2  	     233.6  	     243.4  	     236.2  	     240.5  	     239.6  	     
236.1  	     231.0  	     234.8  	     234.3  	     244.3  	     236.9  	     241.3  	     240.5  	     
237.2  	     232.3  	     236.3  	     235.4  	     245.5  	     238.0  	     242.4  	     241.3  	     
238.0  	     233.3  	     237.5  	     236.8  	     246.3  	     238.9  	     243.3  	     242.6  	     
238.1  	     233.3  	     237.6  	     236.7  	     246.4  	     238.9  	     243.2  	     243.0  	     
239.0  	     234.3  	     238.4  	     237.6  	     247.1  	     239.9  	     243.8  	     244.0  	     
240.1  	     235.4  	     239.7  	     238.7  	     248.0  	     240.9  	     244.8  	     244.5  	     
240.8  	     236.6  	     240.9  	     239.5  	     248.8  	     241.7  	     245.6  	     245.6  	     
241.8  	     237.4  	     242.1  	     240.7  	     249.7  	     242.5  	     246.3  	     246.4  	     
242.5  	     238.4  	     243.0  	     241.5  	     250.4  	     243.3  	     247.0  	     247.3  	     
243.3  	     239.3  	     244.0  	     242.3  	     251.2  	     244.0  	     247.5  	     248.1  	     
244.1  	     240.2  	     244.7  	     243.3  	     251.7  	     244.8  	     248.2  	     248.8  	     
244.7  	     241.1  	     245.6  	     244.2  	     252.3  	     245.7  	     249.2  	     249.8  	     
245.6  	     241.9  	     246.5  	     245.2  	     252.9  	     246.5  	     249.7  	     250.5  	     
246.1  	     242.9  	     247.2  	     246.1  	     253.5  	     247.0  	     250.5  	     251.2  	     
246.8  	     243.5  	     248.1  	     246.6  	     254.0  	     247.6  	     250.8  	     251.7  	     
247.4  	     244.1  	     248.8  	     247.4  	     254.5  	     248.3  	     251.3  	     252.4  	     
248.0  	     245.1  	     249.3  	     248.2  	     255.0  	     248.9  	     251.9  	     252.7  	     
248.5  	     245.7  	     250.2  	     249.0  	     255.5  	     249.6  	     252.6  	     253.4  	     
249.3  	     246.4  	     250.8  	     249.5  	     256.0  	     250.2  	     252.9  	     254.0  	     
249.8  	     247.0  	     251.4  	     250.3  	     256.3  	     250.6  	     253.4  	     254.7  	     
250.3  	     247.6  	     252.0  	     250.8  	     256.7  	     251.2  	     253.8  	     255.0  	     
250.9  	     248.3  	     252.6  	     251.7  	     257.0  	     252.0  	     254.4  	     255.5  	     
251.3  	     248.9  	     253.1  	     252.2  	     257.3  	     252.3  	     254.7  	     256.1  	     
251.8  	     249.3  	     253.7  	     252.7  	     257.8  	     252.6  	     255.1  	     256.5  	     
252.4  	     250.2  	     253.9  	     253.2  	     258.1  	     253.3  	     255.3  	     256.7  	     
252.7  	     250.3  	     254.4  	     253.6  	     258.4  	     253.7  	     255.7  	     257.0  	     
252.9  	     250.4  	     254.5  	     253.8  	     258.4  	     253.8  	     255.7  	     257.2  	     
253.2  	     250.9  	     254.7  	     254.3  	     258.8  	     254.0  	     256.0  	     257.6  	     
253.4  	     251.4  	     255.6  	     254.8  	     258.9  	     254.3  	     256.2  	     258.0  	     
253.6  	     251.6  	     255.7  	     255.0  	     259.0  	     254.6  	     256.2  	     258.6  	     
253.9  	     252.0  	     256.1  	     255.3  	     259.1  	     254.7  	     256.2  	     258.0  	     
254.1  	     252.2  	     256.3  	     255.6  	     259.2  	     254.9  	     256.4  	     258.4  	     
254.2  	     252.5  	     256.4  	     256.0  	     259.3  	     255.1  	     256.4  	     258.5  	     
254.7  	     253.0  	     256.8  	     256.4  	     259.4  	     255.5  	     256.7  	     258.9  	     
254.9  	     253.3  	     257.1  	     256.8  	     259.5  	     256.0  	     256.9  	     259.0  	     
255.4  	     253.5  	     257.2  	     257.2  	     259.7  	     256.2  	     257.3  	     259.3  	     
255.8  	     254.1  	     257.6  	     257.6  	     259.8  	     256.7  	     257.7  	     259.6  	     
255.9  	     254.2  	     257.8  	     258.0  	     259.8  	     257.0  	     258.0  	     259.7  	     
256.4  	     254.6  	     258.0  	     258.1  	     260.0  	     257.2  	     258.2  	     259.9  	     
256.7  	     255.1  	     258.3  	     258.4  	     260.2  	     257.4  	     258.4  	     260.2  	     
257.0  	     255.4  	     258.5  	     258.7  	     260.3  	     257.7  	     258.5  	     260.5  	     
257.3  	     255.6  	     258.5  	     259.1  	     260.4  	     257.9  	     258.6  	     260.6  	     
257.6  	     256.0  	     258.9  	     259.3  	     260.4  	     258.1  	     258.6  	     260.7  	     
257.8  	     256.2  	     259.1  	     259.7  	     260.6  	     258.3  	     258.8  	     261.0  	     
258.1  	     256.5  	     259.1  	     260.0  	     260.6  	     258.5  	     259.0  	     261.2  	     
258.2  	     256.9  	     259.5  	     260.2  	     260.8  	     258.8  	     259.2  	     261.2  	     
258.6  	     257.0  	     259.6  	     260.5  	     260.8  	     258.8  	     259.4  	     261.5  	     
258.7  	     257.4  	     259.6  	     260.7  	     260.8  	     259.1  	     259.5  	     261.8  	     
259.0  	     257.7  	     260.2  	     261.0  	     260.9  	     259.3  	     259.6  	     261.8  	     
259.3  	     257.9  	     260.4  	     261.2  	     261.1  	     259.6  	     259.8  	     261.9  	     
259.3  	     258.0  	     260.2  	     261.5  	     261.1  	     259.9  	     260.0  	     262.3  	     
259.4  	     258.1  	     260.7  	     261.6  	     261.3  	     260.0  	     260.0  	     262.2  	     
259.6  	     258.3  	     260.8  	     261.9  	     261.3  	     260.3  	     260.3  	     262.3  	     
259.9  	     258.5  	     261.0  	     262.0  	     261.4  	     260.4  	     260.4  	     262.7  	     
260.0  	     258.8  	     261.1  	     262.2  	     261.6  	     260.6  	     260.4  	     262.9  	     
260.3  	     259.0  	     261.1  	     262.4  	     261.5  	     260.6  	     260.6  	     263.0  	     
260.4  	     259.2  	     261.4  	     262.6  	     261.7  	     260.8  	     260.8  	     263.0  	     
260.6  	     259.3  	     261.4  	     262.8  	     261.7  	     261.1  	     260.8  	     263.1  	     
260.6  	     259.5  	     261.5  	     263.0  	     261.6  	     261.3  	     261.0  	     263.2  	     
261.0  	     259.5  	     261.8  	     263.1  	     261.8  	     261.5  	     261.1  	     263.4  	     
261.2  	     259.9  	     262.1  	     263.3  	     261.9  	     261.6  	     261.2  	     263.5  	     
261.2  	     260.0  	     262.1  	     263.4  	     261.8  	     261.6  	     261.2  	     263.6  	     
261.5  	     260.2  	     262.0  	     263.5  	     261.8  	     261.8  	     261.3  	     263.5  	     
261.6  	     260.5  	     262.2  	     263.7  	     261.9  	     261.8  	     261.3  	     263.5  	     
261.6  	     260.6  	     262.5  	     263.8  	     262.0  	     261.9  	     261.3  	     263.6  	     
261.8  	     260.6  	     262.3  	     263.9  	     262.0  	     262.1  	     261.3  	     263.8  	     
261.9  	     260.7  	     262.6  	     264.2  	     262.1  	     262.2  	     261.5  	     263.9  	     
262.1  	     260.7  	     262.6  	     264.1  	     262.1  	     262.4  	     261.5  	     264.1  	     
262.1  	     261.1  	     262.9  	     264.3  	     262.0  	     262.5  	     261.7  	     263.9  	     
262.2  	     261.1  	     262.6  	     264.4  	     262.1  	     262.4  	     261.7  	     264.2  	     
262.3  	     261.3  	     263.1  	     264.6  	     262.1  	     262.5  	     261.9  	     264.3  	     
262.6  	     261.7  	     263.0  	     264.7  	     262.1  	     262.8  	     261.8  	     264.2  	     
262.6  	     261.5  	     263.1  	     264.8  	     262.1  	     262.9  	     261.8  	     264.2  	     
262.8  	     261.5  	     263.0  	     264.9  	     262.5  	     263.2  	     261.8  	     264.2  	     
262.9  	     261.7  	     263.1  	     265.0  	     262.5  	     263.2  	     261.9  	     264.3  	     
262.9  	     261.9  	     263.3  	     265.2  	     262.4  	     263.4  	     262.1  	     264.5  	     
262.9  	     261.8  	     263.2  	     265.1  	     262.5  	     263.5  	     261.8  	     264.8  	     
263.0  	     262.0  	     263.5  	     265.3  	     262.6  	     263.4  	     262.0  	     264.4  	     
263.0  	     262.0  	     263.6  	     265.2  	     262.3  	     263.5  	     261.9  	     264.5  	     
263.2  	     262.2  	     263.6  	     265.3  	     262.5  	     263.6  	     262.2  	     264.6  	     
263.3  	     262.3  	     263.6  	     265.5  	     262.3  	     263.7  	     262.2  	     264.7  	     
263.5  	     262.3  	     263.6  	     265.7  	     262.4  	     263.6  	     262.2  	     264.6  	     
263.6  	     262.5  	     263.9  	     265.8  	     262.4  	     263.7  	     262.2  	     264.9  	     
263.5  	     262.5  	     263.9  	     265.8  	     262.5  	     263.9  	     262.1  	     264.9  	     
263.7  	     262.8  	     264.0  	     265.7  	     262.5  	     263.8  	     262.3  	     265.1  	     
263.7  	     262.7  	     264.0  	     266.0  	     262.6  	     263.8  	     262.2  	     264.9  	     
263.8  	     262.8  	     263.7  	     265.8  	     262.4  	     263.9  	     262.3  	     265.1  	     
264.0  	     263.0  	     263.9  	     266.0  	     262.4  	     264.0  	     262.4  	     265.0  	     
264.0  	     263.0  	     263.9  	     265.9  	     262.5  	     264.1  	     262.3  	     265.2  	     
264.0  	     263.0  	     263.8  	     266.1  	     262.5  	     264.1  	     262.3  	     265.1  	     
264.3  	     263.1  	     264.0  	     266.1  	     262.5  	     264.1  	     262.3  	     265.1  	     
264.3  	     263.3  	     264.1  	     266.2  	     262.4  	     264.2  	     262.4  	     265.2  	     
264.2  	     263.2  	     264.1  	     266.2  	     262.5  	     264.4  	     262.3  	     265.2  	     
264.3  	     263.3  	     264.0  	     266.4  	     262.6  	     264.4  	     262.4  	     265.6  	     
264.3  	     263.2  	     264.3  	     266.3  	     262.5  	     264.5  	     262.2  	     265.1  	     
264.5  	     263.4  	     264.1  	     266.5  	     262.5  	     264.4  	     262.3  	     265.1  	     
264.4  	     263.4  	     264.2  	     266.4  	     262.5  	     264.7  	     262.3  	     265.2  	     
264.5  	     263.4  	     264.1  	     266.4  	     262.6  	     264.7  	     262.6  	     265.1  	     
264.7  	     263.5  	     264.3  	     266.5  	     262.5  	     264.7  	     262.3  	     265.1  	     
264.5  	     263.6  	     264.5  	     266.6  	     262.7  	     264.6  	     262.4  	     265.3  	     
264.7  	     263.7  	     264.4  	     266.4  	     262.6  	     264.8  	     262.6  	     265.5  	     
264.7  	     263.8  	     264.4  	     266.5  	     262.6  	     264.7  	     262.5  	     265.4  	     
264.7  	     263.6  	     264.5  	     266.5  	     262.7  	     264.9  	     262.6  	     265.4  	     
264.8  	     263.8  	     264.6  	     266.7  	     262.5  	     264.8  	     262.7  	     265.2  	     
264.7  	     263.8  	     264.3  	     266.6  	     262.5  	     264.8  	     262.4  	     265.2  	     
264.8  	     263.8  	     264.3  	     266.7  	     262.6  	     264.9  	     262.5  	     265.3  	     
264.8  	     264.0  	     264.4  	     266.7  	     262.6  	     264.9  	     262.6  	     265.4  	     
264.9  	     263.9  	     264.5  	     266.9  	     262.5  	     265.1  	     262.6  	     265.7  	     
264.8  	     264.0  	     264.4  	     266.9  	     262.6  	     265.0  	     262.7  	     265.3  	     
264.9  	     263.9  	     264.4  	     266.9  	     262.8  	     264.9  	     262.6  	     265.2  	     
265.0  	     264.0  	     264.5  	     266.9  	     262.6  	     265.1  	     262.7  	     265.2  	     
265.0  	     263.9  	     264.4  	     266.9  	     262.6  	     265.1  	     262.8  	     265.4  	     
265.0  	     264.1  	     264.6  	     266.9  	     262.5  	     265.1  	     262.7  	     265.4  	     
265.0  	     264.1  	     264.4  	     266.9  	     262.5  	     265.1  	     262.6  	     265.4  	     
265.3  	     264.0  	     264.4  	     266.9  	     262.7  	     265.3  	     262.6  	     265.3  	     
265.3  	     264.1  	     264.6  	     266.9  	     262.6  	     265.1  	     262.7  	     265.5  	     
265.1  	     264.1  	     264.4  	     267.0  	     262.5  	     265.3  	     262.8  	     265.5  	     
265.3  	     264.1  	     264.5  	     266.9  	     262.6  	     265.2  	     262.6  	     265.6  	     
265.2  	     264.2  	     264.6  	     267.0  	     262.5  	     265.2  	     262.7  	     265.6  	     
265.3  	     264.1  	     264.4  	     266.9  	     262.5  	     265.3  	     262.6  	     265.5  	     
265.2  	     264.1  	     264.5  	     266.8  	     262.5  	     265.2  	     262.6  	     265.4  	     
264.8  	     264.2  	     264.4  	     266.7  	     262.6  	     265.0  	     262.4  	     265.4  	     
264.7  	     263.8  	     264.6  	     266.6  	     262.2  	     264.9  	     262.1  	     265.2  	     
264.4  	     263.9  	     264.1  	     266.3  	     262.1  	     264.3  	     261.8  	     264.7  	     
263.9  	     263.5  	     264.0  	     265.7  	     261.8  	     263.6  	     260.9  	     264.1  	     
263.0  	     263.0  	     263.6  	     265.1  	     261.0  	     263.0  	     260.1  	     263.4  	     
262.4  	     262.5  	     263.1  	     264.3  	     260.3  	     261.9  	     259.4  	     262.9  	     
261.6  	     261.8  	     262.6  	     263.7  	     259.2  	     261.3  	     258.6  	     262.3  	     
260.8  	     261.0  	     261.9  	     262.9  	     258.4  	     260.4  	     257.6  	     261.6  	     
259.8  	     260.4  	     261.1  	     262.1  	     257.2  	     259.3  	     256.6  	     260.6  	     
258.7  	     259.5  	     260.4  	     261.2  	     256.2  	     258.6  	     255.5  	     259.8  	     
257.8  	     258.7  	     259.6  	     260.5  	     255.0  	     257.7  	     254.3  	     258.8  	     
256.7  	     257.8  	     258.6  	     259.3  	     253.8  	     256.8  	     253.5  	     258.0  	     
255.8  	     256.9  	     257.6  	     258.5  	     252.7  	     255.8  	     252.2  	     256.9  	     
254.8  	     255.7  	     256.5  	     257.6  	     251.4  	     254.7  	     251.2  	     255.9  	     
253.8  	     254.9  	     255.6  	     256.5  	     250.0  	     253.6  	     250.0  	     254.6  	     
251.9  	     253.8  	     254.6  	     255.2  	     248.7  	     252.6  	     248.8  	     253.7  	     
250.7  	     252.9  	     253.5  	     254.4  	     247.3  	     251.1  	     247.4  	     252.3  	     
250.4  	     251.6  	     252.1  	     253.0  	     245.9  	     250.1  	     246.4  	     251.3  	     
249.0  	     250.4  	     251.2  	     252.0  	     244.2  	     249.2  	     245.3  	     250.1  	     
248.1  	     249.5  	     249.8  	     250.5  	     243.0  	     248.1  	     244.3  	     249.2  	     
247.8  	     249.2  	     249.5  	     251.0  	     242.8  	     247.7  	     243.9  	     249.2  	     
246.6  	     248.1  	     248.4  	     249.8  	     241.5  	     246.6  	     242.8  	     247.9  	     
244.7  	     247.0  	     247.2  	     248.5  	     239.6  	     245.3  	     241.5  	     246.7  	     
243.7  	     245.9  	     246.1  	     247.4  	     238.2  	     244.2  	     240.4  	     245.5  	     
242.1  	     244.4  	     244.8  	     246.3  	     236.9  	     242.8  	     238.9  	     244.4  	     
241.1  	     243.3  	     243.5  	     244.9  	     235.3  	     241.6  	     237.9  	     243.0  	     
239.9  	     242.2  	     242.3  	     243.6  	     233.8  	     240.4  	     236.6  	     241.7  	     
238.5  	     240.9  	     240.8  	     242.5  	     232.0  	     239.2  	     235.2  	     240.3  	     
237.9  	     239.5  	     239.5  	     241.2  	     230.4  	     237.8  	     233.8  	     239.1  	     
236.7  	     238.4  	     238.2  	     240.0  	     228.9  	     236.4  	     232.5  	     237.8  	     
235.4  	     237.1  	     236.7  	     238.9  	     227.2  	     235.5  	     231.0  	     236.7  	     
234.1  	     235.8  	     235.5  	     237.7  	     225.6  	     234.1  	     229.7  	     235.3  	     
233.1  	     234.6  	     234.0  	     236.2  	     224.2  	     232.7  	     228.4  	     233.7  	     
230.9  	     233.5  	     232.6  	     235.2  	     222.7  	     231.2  	     226.9  	     232.3  	     
229.5  	     232.0  	     231.3  	     233.7  	     220.9  	     229.9  	     225.6  	     231.3  	     
228.1  	     230.6  	     229.7  	     232.6  	     219.3  	     228.6  	     224.3  	     230.0  	     
226.9  	     229.6  	     228.6  	     231.2  	     217.8  	     227.5  	     223.1  	     228.5  	     
225.5  	     228.2  	     227.3  	     229.9  	     216.3  	     226.3  	     221.8  	     227.2  	     
224.1  	     226.7  	     225.7  	     228.7  	     214.7  	     225.1  	     220.6  	     226.0  	     
222.7  	     225.5  	     224.3  	     227.5  	     213.1  	     223.6  	     219.3  	     225.0  	     
221.8  	     224.1  	     222.9  	     226.3  	     211.6  	     222.4  	     218.1  	     223.6  	     
220.7  	     222.8  	     221.6  	     224.8  	     210.2  	     221.2  	     216.7  	     222.4  	     
219.6  	     222.0  	     220.1  	     223.8  	     208.7  	     219.7  	     215.3  	     220.8  	     
217.9  	     220.4  	     218.9  	     222.4  	     207.0  	     218.5  	     213.9  	     219.4  	     
216.6  	     218.9  	     217.5  	     220.8  	     205.6  	     217.0  	     212.7  	     218.0  	     
215.4  	     217.8  	     216.1  	     219.7  	     204.1  	     215.7  	     211.4  	     216.7  	     
214.1  	     216.5  	     214.4  	     218.4  	     202.7  	     214.7  	     210.0  	     215.3  	     
212.9  	     215.3  	     213.2  	     217.3  	     201.2  	     213.3  	     208.8  	     214.1  	     
211.4  	     214.0  	     211.9  	     216.0  	     200.0  	     212.1  	     207.4  	     212.8  	     
210.2  	     212.6  	     210.4  	     214.8  	     198.6  	     210.7  	     206.4  	     211.9  	     
209.0  	     211.4  	     209.3  	     213.3  	     196.9  	     209.5  	     205.1  	     210.4  	     
207.8  	     210.1  	     207.9  	     212.1  	     195.6  	     208.2  	     203.7  	     209.2  	     
206.6  	     209.1  	     206.4  	     211.1  	     194.3  	     206.9  	     202.4  	     208.0  	     
205.7  	     207.7  	     205.0  	     209.3  	     193.0  	     205.6  	     201.2  	     206.5  	     
204.2  	     206.6  	     203.8  	     208.2  	     191.6  	     204.5  	     200.0  	     205.2  	     
203.8  	     205.4  	     202.5  	     207.0  	     190.2  	     203.2  	     198.5  	     203.8  	     
202.2  	     204.0  	     201.2  	     205.7  	     188.8  	     202.0  	     197.5  	     202.7  	     
200.3  	     202.9  	     200.0  	     204.6  	     187.5  	     200.8  	     196.3  	     201.5  	     
198.8  	     201.5  	     198.5  	     203.2  	     186.0  	     199.6  	     195.1  	     200.1  	     
198.8  	     200.4  	     197.3  	     202.0  	     184.8  	     198.4  	     194.0  	     198.8  	     
197.4  	     199.3  	     196.1  	     200.7  	     183.5  	     197.2  	     192.5  	     197.7  	     
196.1  	     198.0  	     194.9  	     199.4  	     182.3  	     196.0  	     191.4  	     196.4  	     
195.0  	     196.8  	     193.6  	     198.3  	     180.9  	     194.7  	     190.4  	     195.2  	     
193.6  	     195.7  	     192.5  	     197.4  	     179.6  	     193.7  	     189.0  	     194.1  	     
192.5  	     194.6  	     191.2  	     196.2  	     178.5  	     192.5  	     188.2  	     193.0  	     
191.3  	     193.5  	     190.0  	     194.8  	     177.2  	     191.3  	     187.0  	     191.8  	     
190.3  	     192.3  	     189.0  	     194.0  	     176.1  	     190.2  	     185.7  	     191.1  	     
189.2  	     191.3  	     187.8  	     192.7  	     175.0  	     188.8  	     184.7  	     189.6  	     
187.9  	     190.1  	     186.5  	     191.5  	     173.6  	     187.9  	     183.5  	     188.4  	     
186.7  	     188.8  	     185.5  	     190.5  	     172.6  	     186.9  	     182.3  	     187.2  	     
185.7  	     188.0  	     184.2  	     189.2  	     171.4  	     185.8  	     181.3  	     186.0  	     
184.7  	     186.9  	     183.0  	     188.1  	     170.5  	     184.7  	     180.2  	     185.1  	     
183.6  	     185.6  	     182.1  	     187.2  	     169.1  	     183.6  	     179.1  	     183.9  	     
182.3  	     184.5  	     180.7  	     185.7  	     168.1  	     182.4  	     178.0  	     182.9  	     
181.2  	     183.4  	     179.6  	     184.7  	     167.0  	     181.4  	     176.7  	     181.6  	     
180.4  	     182.2  	     178.5  	     183.9  	     166.0  	     180.4  	     176.0  	     180.8  	     
179.4  	     181.5  	     177.4  	     182.7  	     165.1  	     179.2  	     175.2  	     179.8  	     
178.3  	     180.4  	     176.4  	     181.6  	     163.9  	     178.3  	     174.1  	     178.8  	     
177.1  	     179.2  	     175.4  	     180.5  	     163.0  	     177.5  	     173.2  	     177.7  	     
176.3  	     178.2  	     174.5  	     179.4  	     162.0  	     176.5  	     172.1  	     176.7  	     
175.3  	     177.2  	     173.4  	     178.6  	     160.9  	     175.3  	     171.0  	     175.5  	     
174.5  	     176.2  	     172.3  	     177.4  	     160.0  	     174.1  	     170.0  	     174.5  	     
173.2  	     175.2  	     171.2  	     176.5  	     158.9  	     173.2  	     169.1  	     173.4  	     
172.1  	     174.1  	     170.1  	     175.3  	     158.0  	     172.6  	     168.1  	     172.3  	     
171.3  	     172.9  	     169.2  	     174.3  	     157.2  	     171.5  	     167.2  	     171.5  	     
170.7  	     172.1  	     168.2  	     173.5  	     156.0  	     170.4  	     165.9  	     170.2  	     
169.2  	     171.2  	     167.0  	     172.6  	     155.0  	     169.5  	     165.1  	     169.4  	     
168.9  	     170.4  	     166.2  	     171.4  	     154.2  	     168.5  	     164.2  	     168.5  	     
168.1  	     169.3  	     165.3  	     170.5  	     153.4  	     167.5  	     163.0  	     167.6  	     
167.4  	     168.4  	     164.2  	     169.5  	     152.4  	     166.6  	     162.2  	     166.6  	     
166.2  	     167.5  	     163.3  	     168.6  	     151.6  	     165.7  	     161.6  	     165.8  	     
164.8  	     166.6  	     162.6  	     167.7  	     150.7  	     164.8  	     160.6  	     164.9  	     
164.0  	     165.7  	     161.7  	     166.8  	     150.0  	     163.8  	     159.5  	     163.9  	     
163.0  	     164.7  	     160.6  	     165.9  	     149.1  	     163.0  	     158.9  	     163.2  	     
162.3  	     164.0  	     159.8  	     164.9  	     148.2  	     162.2  	     158.1  	     162.1  	     
161.4  	     163.0  	     159.1  	     164.0  	     147.3  	     161.2  	     157.2  	     161.2  	     
160.5  	     161.9  	     158.1  	     162.9  	     146.6  	     160.3  	     156.1  	     160.4  	     
159.8  	     161.3  	     157.2  	     162.2  	     145.8  	     159.4  	     155.4  	     159.3  	     
158.9  	     160.5  	     156.4  	     161.4  	     145.0  	     158.6  	     154.4  	     158.5  	     
158.0  	     159.6  	     155.2  	     160.7  	     144.0  	     157.8  	     153.7  	     157.8  	     
157.2  	     158.7  	     154.5  	     159.9  	     143.3  	     157.1  	     152.8  	     156.8  	     
156.3  	     157.9  	     153.5  	     158.8  	     142.6  	     156.2  	     152.2  	     156.2  	     
155.7  	     157.2  	     153.0  	     158.2  	     141.8  	     155.5  	     151.4  	     155.3  	     
154.8  	     156.5  	     152.1  	     157.3  	     141.0  	     154.6  	     150.9  	     154.7  	     
154.1  	     155.6  	     151.5  	     156.4  	     140.3  	     153.8  	     149.8  	     153.9  	     
153.2  	     154.6  	     150.7  	     155.6  	     139.7  	     152.9  	     149.0  	     152.9  	     
152.5  	     154.0  	     149.9  	     155.0  	     139.1  	     152.3  	     148.1  	     152.0  	     
151.7  	     153.2  	     149.0  	     154.1  	     138.4  	     151.6  	     147.4  	     151.4  	     
150.8  	     152.3  	     148.3  	     153.4  	     137.7  	     150.7  	     146.7  	     150.6  	     
150.2  	     151.7  	     147.5  	     152.4  	     137.0  	     150.1  	     146.2  	     149.7  	     
149.3  	     150.7  	     146.8  	     151.8  	     136.3  	     149.3  	     145.2  	     149.2  	     
148.7  	     150.1  	     145.9  	     151.1  	     135.7  	     148.6  	     144.8  	     148.4  	     
147.8  	     149.1  	     145.1  	     150.3  	     135.0  	     148.0  	     143.9  	     147.4  	     
147.2  	     148.5  	     144.3  	     149.6  	     134.4  	     147.1  	     143.3  	     146.8  	     
146.5  	     147.8  	     143.8  	     148.7  	     133.6  	     146.3  	     142.5  	     146.3  	     
146.4  	     147.1  	     143.0  	     148.0  	     133.1  	     145.7  	     141.9  	     145.5  	     
146.3  	     147.1  	     143.0  	     147.9  	     133.1  	     145.7  	     141.9  	     145.5  	     