
G48-PTC3  	G48-PTC5  	G48-PTC12  	G48-PTC13  	G48-PTC14  	G48-PTC31  	G48-PTC33  	G48-PTC34  	
Deg.F  	     Deg.F  	     Deg.F  	     Deg.F  	     Deg.F  	     Deg.F  	     Deg.F  	     Deg.F  	     
80.3  	     79.6  	     79.6  	     80.8  	     81.2  	     77.0  	     78.1  	     78.6  	     
80.3  	     79.6  	     79.6  	     80.8  	     81.2  	     77.0  	     78.1  	     78.6  	     
80.3  	     79.6  	     79.6  	     80.8  	     81.2  	     77.0  	     78.1  	     78.6  	     
80.7  	     80.3  	     80.2  	     81.3  	     81.6  	     77.5  	     78.8  	     79.0  	     
81.2  	     80.8  	     80.8  	     81.8  	     82.0  	     77.8  	     79.5  	     79.5  	     
81.7  	     81.2  	     81.2  	     82.2  	     82.4  	     78.2  	     80.0  	     79.8  	     
82.0  	     81.8  	     81.7  	     82.6  	     82.9  	     78.7  	     80.4  	     80.2  	     
82.5  	     82.2  	     82.0  	     82.9  	     83.3  	     79.0  	     80.9  	     80.6  	     
83.0  	     82.6  	     82.5  	     83.3  	     83.6  	     79.3  	     81.1  	     80.9  	     
83.3  	     82.9  	     82.8  	     83.9  	     84.0  	     79.6  	     81.5  	     81.3  	     
83.7  	     83.4  	     83.2  	     84.1  	     84.3  	     80.1  	     81.8  	     81.6  	     
84.1  	     83.5  	     83.5  	     84.5  	     84.9  	     80.4  	     82.0  	     81.9  	     
84.5  	     84.2  	     83.9  	     84.8  	     85.2  	     80.6  	     82.5  	     82.2  	     
84.7  	     84.3  	     84.0  	     85.2  	     85.5  	     81.0  	     82.8  	     82.5  	     
85.0  	     84.6  	     84.4  	     85.4  	     85.7  	     81.5  	     83.0  	     82.9  	     
85.4  	     84.9  	     84.8  	     85.7  	     86.1  	     81.8  	     83.5  	     83.3  	     
85.7  	     85.2  	     85.2  	     86.0  	     86.3  	     82.0  	     83.8  	     83.7  	     
86.0  	     85.5  	     85.4  	     86.4  	     86.7  	     82.4  	     84.0  	     83.9  	     
86.0  	     85.5  	     85.4  	     86.4  	     86.7  	     82.4  	     84.0  	     83.9  	     
86.4  	     85.8  	     85.7  	     86.6  	     86.9  	     82.7  	     84.3  	     84.2  	     
86.8  	     86.1  	     86.0  	     86.9  	     87.2  	     82.8  	     84.7  	     84.4  	     
87.0  	     86.4  	     86.1  	     87.1  	     87.5  	     83.1  	     85.1  	     84.7  	     
87.4  	     86.7  	     86.5  	     87.4  	     87.7  	     83.4  	     85.4  	     85.0  	     
87.7  	     87.0  	     86.7  	     87.6  	     87.8  	     83.7  	     85.8  	     85.3  	     
88.1  	     87.1  	     87.0  	     87.9  	     88.2  	     83.9  	     85.9  	     85.6  	     
88.3  	     87.4  	     87.2  	     88.1  	     88.4  	     84.1  	     86.2  	     85.8  	     
88.6  	     87.7  	     87.4  	     88.3  	     88.7  	     84.5  	     86.4  	     86.0  	     
88.7  	     87.8  	     87.7  	     88.6  	     88.8  	     84.6  	     86.7  	     86.3  	     
89.0  	     88.2  	     87.9  	     88.8  	     89.2  	     85.0  	     86.8  	     86.4  	     
89.1  	     88.1  	     88.0  	     88.8  	     89.2  	     85.0  	     86.9  	     86.6  	     
89.2  	     88.3  	     88.2  	     89.1  	     89.3  	     85.2  	     87.1  	     86.8  	     
89.6  	     88.7  	     88.4  	     89.4  	     89.6  	     85.5  	     87.2  	     87.0  	     
89.8  	     88.9  	     88.7  	     89.5  	     89.8  	     85.6  	     87.5  	     87.2  	     
90.3  	     89.6  	     89.2  	     90.1  	     90.3  	     86.0  	     88.5  	     87.6  	     
91.0  	     90.8  	     90.4  	     90.9  	     91.2  	     86.7  	     89.8  	     88.1  	     
92.2  	     92.4  	     92.0  	     92.2  	     92.4  	     87.6  	     91.6  	     88.8  	     
93.6  	     94.4  	     93.7  	     93.7  	     94.1  	     88.7  	     93.4  	     89.9  	     
95.3  	     96.9  	     95.7  	     95.5  	     95.9  	     90.0  	     95.8  	     91.1  	     
97.2  	     99.3  	     98.1  	     97.7  	     98.4  	     91.6  	     98.0  	     92.8  	     
99.6  	     102.3  	     100.8  	     100.1  	     101.1  	     93.6  	     100.8  	     94.2  	     
102.0  	     105.6  	     103.8  	     102.6  	     104.0  	     95.6  	     103.6  	     96.2  	     
104.9  	     109.3  	     106.8  	     105.4  	     106.9  	     97.8  	     106.6  	     98.2  	     
107.7  	     113.1  	     109.8  	     108.6  	     110.4  	     100.1  	     110.0  	     100.4  	     
110.9  	     117.1  	     113.2  	     112.2  	     114.4  	     102.9  	     113.3  	     103.1  	     
114.5  	     121.5  	     116.7  	     116.0  	     118.7  	     105.7  	     116.7  	     105.8  	     
118.1  	     125.6  	     120.4  	     120.1  	     123.3  	     108.6  	     120.7  	     108.4  	     
121.9  	     130.3  	     124.9  	     124.2  	     127.8  	     111.9  	     124.6  	     111.9  	     
126.0  	     134.9  	     128.8  	     128.6  	     132.7  	     115.4  	     128.2  	     114.9  	     
130.1  	     139.7  	     132.7  	     133.3  	     137.9  	     119.3  	     132.1  	     118.5  	     
134.1  	     144.2  	     137.0  	     137.7  	     143.2  	     122.5  	     136.4  	     122.2  	     
138.3  	     148.8  	     141.5  	     142.7  	     148.5  	     126.0  	     140.5  	     125.8  	     
142.4  	     153.3  	     145.6  	     147.1  	     153.2  	     130.2  	     144.4  	     129.5  	     
146.6  	     157.1  	     149.8  	     151.9  	     158.3  	     133.7  	     148.6  	     133.2  	     
151.0  	     160.3  	     154.1  	     156.5  	     163.4  	     136.6  	     152.5  	     137.0  	     
155.3  	     163.4  	     158.6  	     161.3  	     168.2  	     139.5  	     156.6  	     141.0  	     
159.4  	     167.9  	     162.7  	     165.7  	     173.3  	     142.6  	     160.2  	     144.9  	     
163.7  	     172.4  	     166.7  	     170.4  	     178.7  	     149.4  	     164.2  	     149.0  	     
167.7  	     177.0  	     170.8  	     174.6  	     183.2  	     153.5  	     168.1  	     153.3  	     
171.9  	     180.6  	     174.5  	     178.5  	     187.5  	     157.2  	     171.7  	     157.2  	     
174.5  	     182.7  	     176.7  	     181.1  	     190.1  	     157.3  	     173.8  	     159.9  	     
175.7  	     183.7  	     177.7  	     182.2  	     191.4  	     161.1  	     174.9  	     161.0  	     
179.3  	     186.8  	     181.0  	     185.9  	     194.9  	     164.5  	     177.8  	     164.5  	     
182.7  	     189.9  	     184.0  	     189.4  	     198.2  	     167.8  	     180.7  	     167.8  	     
186.3  	     193.1  	     187.1  	     192.9  	     201.4  	     171.2  	     183.8  	     171.4  	     
189.6  	     196.1  	     190.1  	     196.4  	     204.8  	     174.6  	     186.7  	     175.0  	     
193.1  	     199.2  	     193.2  	     199.7  	     208.1  	     177.8  	     189.5  	     178.2  	     
196.3  	     202.3  	     196.1  	     203.3  	     211.4  	     181.1  	     191.9  	     181.8  	     
199.7  	     205.0  	     198.8  	     206.4  	     214.5  	     184.2  	     194.5  	     184.8  	     
202.6  	     207.6  	     201.6  	     209.8  	     217.5  	     187.6  	     197.4  	     188.0  	     
205.3  	     210.1  	     204.2  	     212.4  	     220.3  	     190.1  	     199.8  	     190.7  	     
205.6  	     210.5  	     204.7  	     213.0  	     220.7  	     190.5  	     200.3  	     191.0  	     
208.7  	     213.1  	     207.3  	     215.7  	     223.3  	     193.5  	     203.2  	     194.1  	     
211.6  	     215.6  	     209.8  	     218.3  	     225.8  	     196.5  	     205.9  	     197.0  	     
214.5  	     217.9  	     212.1  	     221.2  	     228.5  	     199.5  	     208.7  	     199.7  	     
216.0  	     219.2  	     213.7  	     222.7  	     230.0  	     201.7  	     210.1  	     201.6  	     
217.3  	     220.4  	     214.9  	     223.7  	     231.1  	     202.4  	     211.3  	     202.9  	     
219.8  	     223.0  	     217.4  	     226.2  	     234.0  	     205.3  	     214.0  	     205.7  	     
222.5  	     225.3  	     219.8  	     228.7  	     236.4  	     208.3  	     216.6  	     208.5  	     
225.2  	     227.6  	     222.1  	     231.1  	     238.8  	     211.0  	     219.2  	     211.1  	     
227.7  	     229.7  	     224.4  	     233.2  	     241.2  	     213.8  	     221.6  	     213.9  	     
230.3  	     231.6  	     226.3  	     235.5  	     243.4  	     216.4  	     224.0  	     216.6  	     
232.5  	     233.5  	     228.4  	     237.5  	     245.2  	     219.0  	     226.1  	     218.8  	     
234.6  	     235.0  	     230.0  	     239.2  	     246.8  	     221.2  	     227.9  	     221.2  	     
236.5  	     236.6  	     231.4  	     240.9  	     248.2  	     223.5  	     229.6  	     223.6  	     
238.3  	     237.9  	     232.9  	     242.6  	     249.5  	     225.6  	     231.3  	     225.8  	     
239.0  	     238.4  	     233.4  	     243.3  	     250.0  	     226.6  	     232.0  	     226.6  	     
240.0  	     239.1  	     234.2  	     244.1  	     250.5  	     227.5  	     232.8  	     227.7  	     
241.4  	     240.2  	     235.2  	     245.5  	     251.8  	     229.5  	     234.3  	     229.7  	     
241.8  	     240.4  	     235.6  	     245.9  	     251.9  	     230.1  	     234.9  	     230.3  	     
242.7  	     241.0  	     236.3  	     246.8  	     252.6  	     231.1  	     235.7  	     231.6  	     
244.0  	     242.0  	     237.4  	     247.9  	     253.6  	     232.7  	     236.7  	     233.1  	     
245.2  	     242.9  	     238.3  	     249.0  	     254.3  	     234.3  	     238.1  	     234.8  	     
246.3  	     243.6  	     239.1  	     250.2  	     255.1  	     235.6  	     239.2  	     236.4  	     
247.5  	     244.6  	     239.9  	     251.0  	     255.7  	     237.0  	     240.5  	     237.9  	     
248.5  	     245.4  	     240.7  	     252.0  	     256.5  	     238.3  	     241.2  	     239.1  	     
249.4  	     246.0  	     241.4  	     252.7  	     256.9  	     239.4  	     242.3  	     240.3  	     
250.2  	     246.6  	     242.0  	     253.5  	     257.3  	     240.6  	     243.2  	     241.6  	     
251.0  	     247.2  	     242.6  	     254.1  	     257.8  	     241.8  	     244.1  	     242.8  	     
251.8  	     247.8  	     243.2  	     254.7  	     258.2  	     242.7  	     245.0  	     243.8  	     
252.5  	     248.2  	     243.8  	     255.3  	     258.7  	     243.5  	     245.6  	     244.9  	     
253.2  	     248.8  	     244.4  	     255.9  	     258.9  	     244.3  	     246.3  	     245.6  	     
253.7  	     249.2  	     244.8  	     256.4  	     259.3  	     245.0  	     246.8  	     246.4  	     
254.3  	     249.7  	     245.3  	     256.9  	     259.7  	     245.9  	     247.7  	     247.2  	     
254.9  	     250.2  	     245.6  	     257.4  	     259.9  	     246.6  	     248.2  	     248.1  	     
255.3  	     250.7  	     246.2  	     257.8  	     260.3  	     247.6  	     249.0  	     248.8  	     
255.9  	     251.1  	     246.7  	     258.2  	     260.6  	     248.2  	     249.6  	     250.0  	     
256.3  	     251.6  	     247.3  	     258.6  	     260.8  	     248.9  	     250.5  	     250.6  	     
256.7  	     252.0  	     247.8  	     258.9  	     261.1  	     249.4  	     251.0  	     251.2  	     
257.2  	     252.4  	     248.3  	     259.3  	     261.4  	     250.0  	     251.4  	     251.8  	     
257.6  	     252.9  	     248.6  	     259.6  	     261.6  	     250.7  	     252.1  	     252.4  	     
257.9  	     253.2  	     249.3  	     260.0  	     262.0  	     251.1  	     252.5  	     253.0  	     
258.4  	     253.7  	     249.5  	     260.3  	     262.2  	     251.8  	     253.2  	     253.5  	     
258.7  	     253.9  	     249.9  	     260.5  	     262.4  	     252.3  	     253.6  	     254.1  	     
258.9  	     254.2  	     250.2  	     260.7  	     262.5  	     252.6  	     253.7  	     254.4  	     
258.9  	     254.2  	     250.4  	     260.8  	     262.4  	     252.6  	     253.9  	     254.6  	     
259.2  	     254.5  	     250.6  	     261.0  	     262.5  	     253.0  	     254.2  	     255.1  	     
259.4  	     254.6  	     250.7  	     260.9  	     262.5  	     253.4  	     254.4  	     255.3  	     
259.5  	     254.7  	     250.8  	     261.1  	     262.3  	     253.6  	     254.6  	     255.6  	     
259.5  	     254.7  	     251.0  	     261.0  	     262.2  	     253.9  	     255.0  	     255.7  	     
259.6  	     254.9  	     251.1  	     261.1  	     262.2  	     253.8  	     254.9  	     256.3  	     
259.6  	     255.0  	     251.3  	     261.2  	     262.2  	     254.2  	     255.3  	     256.5  	     
259.8  	     255.2  	     251.6  	     261.3  	     262.1  	     254.5  	     255.5  	     256.6  	     
259.9  	     255.4  	     251.8  	     261.3  	     262.3  	     254.7  	     255.7  	     256.9  	     
260.0  	     255.7  	     252.0  	     261.4  	     262.4  	     255.0  	     256.2  	     257.1  	     
260.1  	     255.8  	     252.4  	     261.5  	     262.4  	     255.2  	     256.2  	     257.4  	     
260.1  	     256.0  	     252.5  	     261.5  	     262.5  	     255.3  	     256.5  	     257.6  	     
260.0  	     256.0  	     252.7  	     261.5  	     262.4  	     255.5  	     256.6  	     257.9  	     
260.2  	     256.2  	     253.0  	     261.7  	     262.4  	     255.6  	     256.9  	     257.9  	     
260.2  	     256.3  	     253.3  	     261.7  	     262.6  	     256.0  	     257.2  	     258.3  	     
260.4  	     256.7  	     253.6  	     261.8  	     262.6  	     256.2  	     257.3  	     258.4  	     
260.5  	     256.9  	     253.8  	     261.8  	     262.7  	     256.4  	     257.7  	     258.7  	     
260.6  	     257.0  	     254.0  	     261.8  	     262.6  	     256.8  	     257.7  	     258.9  	     
260.6  	     257.0  	     254.3  	     261.9  	     262.8  	     256.9  	     258.1  	     259.3  	     
260.8  	     257.3  	     254.4  	     262.0  	     262.8  	     257.2  	     258.2  	     259.4  	     
260.8  	     257.4  	     254.6  	     262.1  	     262.9  	     257.4  	     258.6  	     259.6  	     
261.0  	     257.8  	     255.0  	     262.2  	     262.9  	     257.6  	     258.7  	     259.8  	     
261.1  	     257.9  	     255.1  	     262.4  	     263.3  	     257.7  	     258.8  	     259.9  	     
261.6  	     258.5  	     255.3  	     262.5  	     263.3  	     257.9  	     259.0  	     260.0  	     
261.6  	     258.6  	     255.5  	     262.7  	     263.3  	     258.1  	     258.9  	     260.2  	     
261.8  	     258.7  	     255.7  	     262.5  	     263.3  	     258.1  	     259.2  	     260.3  	     
261.7  	     258.9  	     255.9  	     262.7  	     263.4  	     258.3  	     259.4  	     260.5  	     
262.0  	     259.1  	     256.0  	     262.9  	     263.5  	     258.4  	     259.5  	     260.8  	     
261.8  	     259.0  	     256.3  	     263.0  	     263.6  	     258.6  	     259.7  	     260.9  	     
261.9  	     259.2  	     256.5  	     263.0  	     263.6  	     258.8  	     259.9  	     261.0  	     
262.0  	     259.3  	     256.7  	     263.1  	     263.6  	     259.0  	     259.9  	     261.3  	     
262.0  	     259.4  	     256.9  	     263.2  	     263.7  	     259.0  	     260.0  	     261.4  	     
262.1  	     259.5  	     257.1  	     263.2  	     263.6  	     259.1  	     260.1  	     261.4  	     
262.3  	     259.9  	     257.2  	     263.2  	     263.7  	     259.3  	     260.4  	     261.6  	     
262.4  	     260.0  	     257.3  	     263.3  	     263.8  	     259.5  	     260.6  	     261.9  	     
262.5  	     260.2  	     257.6  	     263.4  	     263.9  	     259.6  	     260.7  	     262.0  	     
262.7  	     260.3  	     257.8  	     263.4  	     264.0  	     259.8  	     260.8  	     262.0  	     
262.7  	     260.5  	     257.8  	     263.5  	     264.1  	     259.9  	     260.7  	     262.1  	     
262.8  	     260.5  	     258.0  	     263.7  	     264.1  	     260.1  	     261.0  	     262.3  	     
262.7  	     260.5  	     258.1  	     263.7  	     264.2  	     260.2  	     261.0  	     262.2  	     
262.8  	     260.7  	     258.4  	     263.8  	     264.3  	     260.3  	     261.0  	     262.5  	     
262.7  	     260.8  	     258.4  	     263.9  	     264.3  	     260.4  	     261.3  	     262.7  	     
262.9  	     261.0  	     258.7  	     263.9  	     264.5  	     260.5  	     261.3  	     262.9  	     
262.9  	     261.0  	     258.7  	     264.0  	     264.5  	     260.6  	     261.2  	     263.0  	     
263.3  	     261.2  	     258.8  	     264.0  	     264.3  	     260.8  	     261.5  	     263.0  	     
263.3  	     261.3  	     258.8  	     264.0  	     264.4  	     260.9  	     261.7  	     263.2  	     
263.4  	     261.5  	     259.0  	     264.0  	     264.5  	     261.0  	     261.8  	     263.5  	     
263.4  	     261.7  	     259.2  	     264.2  	     264.7  	     261.1  	     261.9  	     263.4  	     
263.5  	     261.8  	     259.3  	     264.2  	     264.7  	     261.2  	     262.0  	     263.5  	     
263.3  	     261.6  	     259.5  	     264.3  	     264.7  	     261.3  	     262.1  	     263.7  	     
263.4  	     261.7  	     259.6  	     264.3  	     264.7  	     261.4  	     262.2  	     263.7  	     
263.4  	     261.8  	     259.8  	     264.3  	     264.8  	     261.5  	     262.0  	     264.1  	     
263.5  	     261.9  	     259.8  	     264.5  	     264.7  	     261.5  	     262.3  	     264.1  	     
263.5  	     262.0  	     260.0  	     264.4  	     264.9  	     261.9  	     262.3  	     264.1  	     
263.7  	     262.1  	     260.2  	     264.5  	     265.0  	     261.7  	     262.3  	     264.2  	     
263.8  	     262.3  	     260.2  	     264.6  	     264.9  	     261.7  	     262.5  	     264.2  	     
263.8  	     262.2  	     260.4  	     264.5  	     265.0  	     261.9  	     262.5  	     264.2  	     
263.8  	     262.3  	     260.4  	     264.5  	     264.9  	     261.9  	     262.4  	     264.4  	     
263.8  	     262.3  	     260.5  	     264.7  	     265.1  	     261.9  	     262.6  	     264.4  	     
263.9  	     262.5  	     260.5  	     264.8  	     265.0  	     262.0  	     262.6  	     264.4  	     
263.9  	     262.7  	     260.8  	     264.8  	     265.1  	     262.1  	     262.8  	     264.6  	     
264.0  	     262.8  	     260.8  	     264.9  	     265.3  	     262.2  	     262.9  	     264.8  	     
264.1  	     262.9  	     260.9  	     264.9  	     265.3  	     262.2  	     263.0  	     264.6  	     
264.1  	     262.9  	     261.0  	     264.9  	     265.2  	     262.4  	     262.9  	     264.8  	     
264.1  	     262.9  	     260.9  	     264.8  	     265.2  	     262.4  	     263.0  	     264.8  	     
264.1  	     263.0  	     261.1  	     264.9  	     265.2  	     262.5  	     263.1  	     265.0  	     
264.1  	     263.0  	     261.1  	     264.9  	     265.2  	     262.6  	     263.3  	     265.1  	     
264.2  	     263.1  	     261.2  	     264.9  	     265.3  	     262.6  	     263.2  	     265.1  	     
264.4  	     263.2  	     261.3  	     265.0  	     265.4  	     262.8  	     263.4  	     265.2  	     
264.3  	     263.2  	     261.3  	     265.0  	     265.3  	     262.7  	     263.3  	     265.3  	     
264.4  	     263.2  	     261.3  	     265.1  	     265.3  	     262.8  	     263.3  	     265.4  	     
264.4  	     263.3  	     261.5  	     265.1  	     265.3  	     262.8  	     263.3  	     265.3  	     
264.4  	     263.4  	     261.5  	     265.1  	     265.3  	     262.8  	     263.3  	     265.3  	     
264.4  	     263.5  	     261.5  	     265.1  	     265.5  	     262.9  	     263.4  	     265.4  	     
264.5  	     263.6  	     261.7  	     265.2  	     265.6  	     263.0  	     263.6  	     265.5  	     
264.4  	     263.6  	     261.7  	     265.1  	     265.5  	     263.1  	     263.6  	     265.6  	     
264.4  	     263.5  	     261.6  	     265.2  	     265.5  	     263.3  	     263.6  	     265.6  	     
264.5  	     263.7  	     261.9  	     265.4  	     265.6  	     263.3  	     263.7  	     265.6  	     
264.6  	     263.6  	     262.0  	     265.3  	     265.5  	     263.2  	     263.7  	     265.7  	     
264.6  	     263.7  	     262.0  	     265.3  	     265.5  	     263.3  	     263.7  	     265.7  	     
264.8  	     263.7  	     262.0  	     265.3  	     265.5  	     263.3  	     263.8  	     265.9  	     
264.9  	     263.8  	     262.3  	     265.4  	     265.6  	     263.4  	     263.9  	     265.7  	     
265.0  	     263.8  	     262.3  	     265.4  	     265.6  	     263.4  	     263.9  	     265.8  	     
264.9  	     263.8  	     262.3  	     265.3  	     265.5  	     263.4  	     263.9  	     265.9  	     
264.8  	     263.8  	     262.4  	     265.3  	     265.5  	     263.4  	     263.9  	     266.0  	     
264.8  	     263.9  	     262.3  	     265.4  	     265.6  	     263.4  	     263.8  	     266.1  	     
264.9  	     264.0  	     262.4  	     265.4  	     265.7  	     263.4  	     264.0  	     266.0  	     
265.0  	     264.1  	     262.5  	     265.4  	     265.8  	     263.6  	     264.0  	     266.0  	     
265.0  	     264.1  	     262.7  	     265.5  	     265.8  	     263.6  	     264.1  	     266.0  	     
265.0  	     264.2  	     262.7  	     265.6  	     265.8  	     263.7  	     264.0  	     266.1  	     
265.1  	     264.2  	     262.6  	     265.5  	     265.6  	     263.5  	     264.0  	     266.2  	     
265.1  	     264.3  	     262.7  	     265.5  	     265.7  	     263.7  	     264.2  	     266.1  	     
265.3  	     264.4  	     262.7  	     265.5  	     265.7  	     263.7  	     264.0  	     266.0  	     
265.1  	     264.4  	     262.7  	     265.5  	     265.6  	     263.7  	     264.0  	     266.2  	     
265.2  	     264.2  	     262.7  	     265.4  	     265.7  	     263.6  	     264.0  	     266.1  	     
265.0  	     264.1  	     262.5  	     265.4  	     265.5  	     263.6  	     264.0  	     266.0  	     
264.8  	     263.8  	     262.2  	     265.1  	     265.1  	     263.4  	     263.6  	     266.0  	     
264.3  	     263.3  	     261.7  	     264.8  	     264.7  	     263.3  	     263.3  	     265.9  	     
263.9  	     262.7  	     261.1  	     264.3  	     264.0  	     262.9  	     263.0  	     265.6  	     
263.3  	     262.0  	     260.6  	     263.8  	     263.3  	     262.4  	     262.4  	     265.3  	     
262.7  	     261.3  	     259.9  	     263.2  	     262.4  	     262.0  	     261.8  	     264.8  	     
261.9  	     260.5  	     259.0  	     262.3  	     261.5  	     261.4  	     261.3  	     264.2  	     
261.1  	     259.5  	     258.1  	     261.6  	     260.4  	     260.7  	     260.6  	     263.7  	     
260.1  	     258.4  	     257.2  	     260.7  	     259.5  	     260.0  	     259.9  	     263.1  	     
259.2  	     257.5  	     256.3  	     259.9  	     258.4  	     259.2  	     259.0  	     262.4  	     
257.9  	     256.3  	     255.3  	     259.0  	     257.4  	     258.5  	     258.2  	     261.6  	     
256.9  	     255.2  	     254.3  	     257.9  	     256.1  	     257.6  	     257.4  	     260.8  	     
255.8  	     254.2  	     253.3  	     256.9  	     255.1  	     256.7  	     256.6  	     260.1  	     
254.6  	     253.0  	     252.2  	     255.9  	     253.8  	     255.7  	     255.5  	     259.2  	     
253.4  	     251.8  	     251.1  	     254.5  	     252.4  	     254.8  	     254.6  	     258.3  	     
252.3  	     250.7  	     250.0  	     253.4  	     251.3  	     254.0  	     253.7  	     257.4  	     
251.0  	     249.5  	     248.8  	     252.4  	     250.0  	     252.9  	     252.7  	     256.4  	     
249.8  	     248.3  	     247.7  	     251.2  	     248.9  	     252.1  	     251.6  	     255.4  	     
248.6  	     247.3  	     246.7  	     250.0  	     247.7  	     250.9  	     250.6  	     254.5  	     
247.3  	     246.0  	     245.5  	     248.8  	     246.2  	     250.0  	     249.6  	     253.6  	     
245.8  	     244.9  	     244.3  	     247.6  	     245.2  	     248.9  	     248.7  	     252.4  	     
244.6  	     243.5  	     243.1  	     246.3  	     243.8  	     247.9  	     247.5  	     251.4  	     
244.0  	     242.9  	     242.6  	     245.9  	     243.4  	     247.5  	     247.1  	     251.0  	     
243.1  	     242.3  	     241.9  	     245.1  	     242.5  	     246.8  	     246.4  	     250.4  	     
241.8  	     241.0  	     240.9  	     244.0  	     241.3  	     245.5  	     245.3  	     249.3  	     
240.5  	     239.8  	     239.7  	     242.6  	     239.9  	     244.5  	     244.0  	     248.1  	     
239.1  	     238.5  	     238.5  	     241.3  	     238.6  	     243.5  	     242.9  	     247.0  	     
237.7  	     237.4  	     237.3  	     239.9  	     237.3  	     242.2  	     241.8  	     245.8  	     
236.4  	     236.1  	     236.2  	     238.7  	     236.0  	     241.0  	     240.7  	     244.8  	     
235.0  	     234.9  	     235.0  	     237.3  	     234.5  	     239.9  	     239.5  	     243.6  	     
233.5  	     233.5  	     233.7  	     236.2  	     233.3  	     238.7  	     238.3  	     242.5  	     
232.1  	     232.2  	     232.6  	     234.8  	     231.9  	     237.7  	     237.1  	     241.3  	     
230.8  	     231.0  	     231.5  	     233.5  	     230.5  	     236.5  	     235.9  	     240.2  	     
229.4  	     229.8  	     230.3  	     232.2  	     229.2  	     235.3  	     234.7  	     239.0  	     
228.1  	     228.6  	     229.1  	     230.9  	     228.0  	     234.1  	     233.4  	     237.9  	     
226.6  	     227.3  	     227.8  	     229.7  	     226.8  	     233.0  	     232.3  	     236.7  	     
225.3  	     226.1  	     226.5  	     228.5  	     225.5  	     231.8  	     231.0  	     235.6  	     
223.9  	     225.0  	     225.5  	     227.1  	     224.2  	     230.6  	     229.8  	     234.3  	     
222.7  	     223.8  	     224.3  	     225.8  	     222.8  	     229.4  	     228.6  	     233.1  	     
221.2  	     222.5  	     223.0  	     224.4  	     221.5  	     228.2  	     227.4  	     231.9  	     
219.8  	     221.2  	     221.9  	     223.2  	     220.2  	     227.2  	     226.2  	     230.8  	     
218.6  	     220.1  	     220.7  	     221.9  	     218.8  	     225.9  	     225.0  	     229.6  	     
217.2  	     218.8  	     219.5  	     220.6  	     217.4  	     224.6  	     223.8  	     228.4  	     
216.0  	     217.6  	     218.4  	     219.3  	     216.3  	     223.4  	     222.5  	     227.1  	     
214.6  	     216.6  	     217.3  	     218.1  	     215.2  	     222.3  	     221.4  	     226.2  	     
213.3  	     215.4  	     216.2  	     216.8  	     213.9  	     221.3  	     220.0  	     225.0  	     
212.0  	     214.2  	     215.0  	     215.6  	     212.7  	     220.2  	     219.0  	     223.9  	     
210.7  	     213.1  	     213.7  	     214.3  	     211.4  	     218.9  	     217.7  	     222.6  	     
209.4  	     212.0  	     212.7  	     213.1  	     210.1  	     217.8  	     216.6  	     221.4  	     
208.1  	     210.7  	     211.5  	     211.9  	     209.0  	     216.6  	     215.4  	     220.3  	     
206.7  	     209.5  	     210.4  	     210.7  	     207.8  	     215.6  	     214.2  	     219.0  	     
205.7  	     208.4  	     209.3  	     209.6  	     206.7  	     214.3  	     212.9  	     218.0  	     
204.4  	     207.2  	     208.1  	     208.3  	     205.5  	     213.3  	     211.9  	     216.9  	     
203.1  	     206.2  	     207.1  	     207.0  	     204.2  	     212.1  	     210.6  	     215.6  	     
201.8  	     205.1  	     206.0  	     205.9  	     203.1  	     211.0  	     209.5  	     214.6  	     
200.8  	     204.1  	     204.9  	     204.9  	     201.9  	     209.9  	     208.4  	     213.4  	     
199.4  	     202.9  	     203.8  	     203.5  	     200.8  	     208.8  	     207.3  	     212.4  	     
198.3  	     201.8  	     202.8  	     202.4  	     199.5  	     207.5  	     206.0  	     211.1  	     
197.0  	     200.8  	     201.6  	     201.3  	     198.4  	     206.4  	     205.0  	     209.9  	     
195.8  	     199.7  	     200.6  	     200.0  	     197.3  	     205.3  	     203.7  	     208.8  	     
194.7  	     198.6  	     199.5  	     199.1  	     196.1  	     204.3  	     202.6  	     207.8  	     
193.5  	     197.4  	     198.4  	     198.0  	     195.1  	     203.3  	     201.3  	     206.6  	     
192.3  	     196.3  	     197.3  	     196.9  	     194.2  	     202.1  	     200.2  	     205.5  	     
191.3  	     195.4  	     196.4  	     195.7  	     193.0  	     201.1  	     199.1  	     204.4  	     
190.0  	     194.2  	     195.4  	     194.7  	     192.0  	     200.0  	     198.1  	     203.3  	     
189.0  	     193.3  	     194.3  	     193.5  	     191.0  	     199.0  	     196.9  	     202.4  	     
187.9  	     192.2  	     193.2  	     192.4  	     189.7  	     198.0  	     195.9  	     201.4  	     
186.9  	     191.3  	     192.2  	     191.3  	     188.7  	     196.9  	     194.9  	     200.2  	     
185.8  	     190.3  	     191.1  	     190.3  	     187.5  	     196.0  	     193.8  	     199.2  	     
184.7  	     189.3  	     190.0  	     189.2  	     186.6  	     194.9  	     192.7  	     198.2  	     
183.5  	     188.3  	     189.1  	     188.2  	     185.6  	     194.0  	     191.6  	     197.1  	     
182.5  	     187.3  	     188.2  	     187.0  	     184.5  	     192.8  	     190.7  	     196.2  	     
181.5  	     186.1  	     187.2  	     186.0  	     183.7  	     191.8  	     189.6  	     195.2  	     
180.5  	     185.2  	     186.1  	     185.1  	     182.4  	     190.7  	     188.4  	     194.0  	     
179.4  	     184.2  	     185.1  	     184.0  	     181.5  	     189.8  	     187.4  	     193.0  	     
178.4  	     183.2  	     184.2  	     183.0  	     180.5  	     188.7  	     186.4  	     191.9  	     
177.4  	     182.3  	     183.2  	     182.1  	     179.6  	     187.8  	     185.3  	     191.0  	     
176.4  	     181.5  	     182.2  	     181.2  	     178.8  	     186.9  	     184.5  	     190.0  	     
175.5  	     180.4  	     181.3  	     180.2  	     177.9  	     185.9  	     183.5  	     189.1  	     
174.5  	     179.5  	     180.4  	     179.1  	     176.9  	     185.0  	     182.5  	     188.3  	     
173.6  	     178.7  	     179.6  	     178.2  	     175.8  	     184.2  	     181.4  	     187.4  	     
172.6  	     177.6  	     178.6  	     177.3  	     175.0  	     183.2  	     180.5  	     186.2  	     
171.6  	     176.8  	     177.7  	     176.3  	     174.0  	     182.2  	     179.5  	     185.4  	     
170.7  	     175.9  	     176.8  	     175.3  	     173.1  	     181.4  	     178.7  	     184.4  	     
169.9  	     174.8  	     175.8  	     174.5  	     172.1  	     180.4  	     177.6  	     183.5  	     
168.9  	     173.9  	     175.0  	     173.6  	     171.4  	     179.5  	     176.7  	     182.6  	     
168.1  	     173.1  	     174.2  	     172.6  	     170.6  	     178.6  	     175.8  	     181.6  	     
167.1  	     172.2  	     173.2  	     171.6  	     169.6  	     177.6  	     175.0  	     180.8  	     
166.1  	     171.4  	     172.4  	     170.9  	     168.6  	     176.8  	     173.9  	     179.8  	     
165.3  	     170.4  	     171.5  	     170.0  	     167.7  	     176.0  	     172.8  	     178.8  	     
164.3  	     169.6  	     170.7  	     169.2  	     166.9  	     175.1  	     172.0  	     178.2  	     
163.6  	     168.8  	     169.8  	     168.4  	     166.1  	     174.3  	     171.1  	     177.2  	     
162.7  	     168.0  	     169.1  	     167.5  	     165.3  	     173.3  	     170.2  	     176.3  	     
161.9  	     167.2  	     168.2  	     166.7  	     164.6  	     172.6  	     169.4  	     175.5  	     
161.1  	     166.3  	     167.3  	     165.8  	     163.8  	     171.7  	     168.5  	     174.6  	     
160.2  	     165.6  	     166.5  	     164.9  	     162.9  	     170.8  	     167.6  	     173.7  	     
159.3  	     164.8  	     165.7  	     164.1  	     162.2  	     170.0  	     166.7  	     172.7  	     
158.5  	     164.0  	     165.0  	     163.3  	     161.2  	     169.1  	     165.9  	     172.0  	     
157.8  	     163.2  	     164.1  	     162.6  	     160.4  	     168.3  	     165.1  	     171.2  	     
157.0  	     162.4  	     163.4  	     161.7  	     159.7  	     167.4  	     164.2  	     170.3  	     
156.2  	     161.6  	     162.6  	     161.1  	     159.0  	     166.6  	     163.3  	     169.4  	     
155.5  	     160.9  	     161.8  	     160.3  	     158.4  	     165.9  	     162.6  	     168.8  	     
154.7  	     160.1  	     161.1  	     159.3  	     157.5  	     165.0  	     161.8  	     167.9  	     
153.9  	     159.3  	     160.3  	     158.7  	     156.8  	     164.4  	     161.0  	     167.2  	     
153.3  	     158.5  	     159.6  	     157.9  	     156.1  	     163.7  	     160.4  	     166.5  	     
152.4  	     157.7  	     158.9  	     157.1  	     155.4  	     163.0  	     159.6  	     165.6  	     
151.7  	     156.9  	     158.0  	     156.4  	     154.6  	     162.2  	     158.9  	     164.8  	     
151.1  	     156.2  	     157.4  	     155.7  	     153.8  	     161.5  	     158.1  	     164.0  	     
150.3  	     155.5  	     156.6  	     155.0  	     153.3  	     160.7  	     157.3  	     163.3  	     
149.6  	     154.9  	     155.8  	     154.3  	     152.4  	     159.9  	     156.5  	     162.6  	     
148.9  	     154.2  	     155.1  	     153.6  	     151.9  	     159.1  	     155.8  	     161.9  	     
148.1  	     153.5  	     154.5  	     153.0  	     151.1  	     158.3  	     155.0  	     161.0  	     
147.4  	     152.7  	     153.6  	     152.2  	     150.4  	     157.7  	     154.3  	     160.4  	     
146.8  	     152.0  	     153.1  	     151.4  	     149.7  	     157.0  	     153.7  	     159.7  	     
146.2  	     151.4  	     152.3  	     150.7  	     149.1  	     156.3  	     153.0  	     158.8  	     
145.4  	     150.7  	     151.6  	     150.1  	     148.4  	     155.5  	     152.2  	     158.1  	     
144.9  	     150.0  	     151.0  	     149.4  	     147.6  	     154.9  	     151.4  	     157.5  	     
144.2  	     149.3  	     150.1  	     148.8  	     147.1  	     154.2  	     150.8  	     156.8  	     
143.6  	     148.8  	     149.7  	     148.1  	     146.5  	     153.6  	     150.1  	     156.0  	     
142.8  	     148.0  	     148.9  	     147.5  	     145.8  	     152.8  	     149.5  	     155.3  	     
142.3  	     147.4  	     148.3  	     146.8  	     145.2  	     152.3  	     148.8  	     154.8  	     
141.7  	     146.8  	     147.7  	     146.2  	     144.7  	     151.6  	     148.0  	     154.2  	     
141.0  	     146.1  	     147.1  	     145.5  	     143.9  	     150.9  	     147.4  	     153.4  	     
140.6  	     145.5  	     146.4  	     144.9  	     143.4  	     150.3  	     146.6  	     152.9  	     
139.9  	     144.9  	     145.8  	     144.3  	     142.8  	     149.6  	     146.1  	     151.9  	     
139.4  	     144.2  	     145.1  	     143.7  	     142.3  	     149.0  	     145.5  	     151.4  	     
138.8  	     143.7  	     144.6  	     143.2  	     141.7  	     148.3  	     144.9  	     150.8  	     
138.3  	     143.1  	     144.1  	     142.6  	     141.2  	     147.8  	     144.3  	     150.2  	     
137.7  	     142.5  	     143.4  	     142.0  	     140.5  	     147.0  	     143.6  	     149.5  	     
137.1  	     142.0  	     142.9  	     141.3  	     139.9  	     146.4  	     143.1  	     148.8  	     
136.5  	     141.3  	     142.2  	     140.8  	     139.3  	     145.9  	     142.5  	     148.3  	     
136.2  	     141.2  	     142.0  	     140.6  	     139.1  	     145.7  	     142.3  	     148.0  	     