
G48-PTC2  	G48-PTC3  	G48-PTC4  	G48-PTC5  	G48-PTC28  	G48-PTC31  	G48-PTC32  	G48-PTC33  	
Deg.F  	     Deg.F  	     Deg.F  	     Deg.F  	     Deg.F  	     Deg.F  	     Deg.F  	     Deg.F  	     
72.2  	     72.3  	     72.2  	     72.8  	     71.6  	     70.6  	     70.5  	     71.1  	     
72.2  	     72.3  	     72.2  	     72.8  	     71.6  	     70.6  	     70.5  	     71.1  	     
72.2  	     72.3  	     72.2  	     72.8  	     71.6  	     70.6  	     70.5  	     71.1  	     
72.4  	     72.5  	     72.7  	     73.2  	     72.2  	     71.0  	     70.9  	     71.7  	     
72.8  	     72.8  	     73.1  	     73.8  	     73.0  	     71.5  	     71.3  	     72.4  	     
73.1  	     73.3  	     73.6  	     74.2  	     73.4  	     71.9  	     71.5  	     72.7  	     
73.6  	     73.7  	     73.9  	     74.5  	     74.0  	     72.3  	     72.3  	     73.3  	     
74.1  	     74.1  	     74.4  	     74.9  	     74.3  	     72.7  	     72.9  	     73.8  	     
74.4  	     74.4  	     74.6  	     75.2  	     74.6  	     73.1  	     72.8  	     73.9  	     
74.8  	     74.9  	     74.9  	     75.5  	     75.1  	     73.5  	     73.1  	     74.2  	     
75.1  	     75.3  	     75.3  	     75.8  	     75.4  	     73.8  	     73.7  	     75.1  	     
75.5  	     75.8  	     75.6  	     76.1  	     75.7  	     74.3  	     74.1  	     75.2  	     
75.9  	     76.0  	     75.8  	     76.5  	     76.0  	     74.5  	     74.5  	     75.8  	     
76.2  	     76.3  	     76.2  	     76.7  	     76.4  	     75.0  	     74.8  	     76.3  	     
76.5  	     76.7  	     76.5  	     76.9  	     76.6  	     75.3  	     75.0  	     76.4  	     
76.9  	     77.0  	     76.8  	     77.3  	     77.0  	     75.6  	     75.6  	     77.0  	     
77.2  	     77.4  	     77.0  	     77.5  	     77.3  	     76.0  	     75.7  	     77.2  	     
77.5  	     77.7  	     77.4  	     77.9  	     77.5  	     76.3  	     75.9  	     77.5  	     
77.5  	     77.7  	     77.4  	     77.9  	     77.5  	     76.3  	     75.9  	     77.5  	     
77.9  	     78.0  	     77.7  	     78.2  	     78.0  	     76.7  	     76.4  	     77.8  	     
78.2  	     78.3  	     78.0  	     78.4  	     78.3  	     77.1  	     76.7  	     78.3  	     
78.4  	     78.5  	     78.2  	     78.6  	     78.7  	     77.3  	     77.4  	     78.7  	     
78.8  	     78.9  	     78.4  	     79.0  	     79.0  	     77.6  	     77.3  	     79.1  	     
79.0  	     79.2  	     78.7  	     79.2  	     79.3  	     77.9  	     77.8  	     79.5  	     
79.3  	     79.4  	     78.9  	     79.5  	     79.5  	     78.2  	     77.9  	     79.8  	     
79.7  	     79.7  	     79.2  	     79.6  	     79.8  	     78.6  	     78.5  	     80.1  	     
80.0  	     80.0  	     79.5  	     80.0  	     80.0  	     78.8  	     78.6  	     80.6  	     
80.3  	     80.3  	     79.8  	     80.2  	     80.3  	     79.1  	     78.7  	     80.6  	     
80.5  	     80.6  	     80.0  	     80.5  	     80.5  	     79.4  	     78.9  	     80.9  	     
80.7  	     80.8  	     80.1  	     80.6  	     80.6  	     79.3  	     79.2  	     81.2  	     
80.8  	     80.9  	     80.2  	     80.8  	     80.8  	     79.8  	     79.2  	     81.1  	     
81.0  	     81.1  	     80.5  	     81.0  	     81.1  	     79.9  	     79.5  	     81.6  	     
81.3  	     81.4  	     80.9  	     81.3  	     81.4  	     80.1  	     79.8  	     81.7  	     
81.6  	     81.7  	     81.2  	     81.8  	     82.1  	     80.5  	     80.4  	     82.3  	     
82.1  	     82.2  	     82.0  	     82.4  	     83.3  	     81.3  	     80.7  	     83.1  	     
82.7  	     83.0  	     82.9  	     83.8  	     84.9  	     82.3  	     81.8  	     84.4  	     
83.6  	     83.9  	     84.1  	     85.2  	     86.8  	     80.6  	     82.3  	     85.6  	     
84.7  	     85.0  	     85.5  	     87.0  	     88.8  	     82.1  	     83.8  	     87.4  	     
86.0  	     86.4  	     87.0  	     88.6  	     91.2  	     84.1  	     85.6  	     89.1  	     
87.5  	     88.1  	     88.6  	     90.6  	     93.7  	     86.6  	     87.7  	     91.2  	     
89.2  	     89.8  	     90.5  	     92.8  	     96.4  	     88.4  	     90.1  	     93.6  	     
90.9  	     91.8  	     92.7  	     95.3  	     99.6  	     91.2  	     92.4  	     96.1  	     
93.0  	     94.1  	     95.2  	     97.8  	     102.7  	     94.1  	     95.2  	     98.8  	     
95.1  	     96.5  	     97.9  	     100.9  	     106.1  	     97.3  	     98.2  	     101.7  	     
97.6  	     98.9  	     100.9  	     104.0  	     109.5  	     100.8  	     101.6  	     104.4  	     
100.1  	     101.8  	     103.7  	     107.3  	     113.4  	     104.1  	     104.9  	     107.6  	     
102.7  	     104.4  	     106.8  	     110.9  	     117.3  	     108.0  	     108.8  	     111.2  	     
105.6  	     107.8  	     110.3  	     114.6  	     121.1  	     111.9  	     112.8  	     114.7  	     
108.5  	     110.5  	     113.4  	     118.6  	     125.2  	     115.9  	     116.8  	     118.7  	     
111.5  	     113.9  	     116.7  	     122.0  	     129.0  	     120.4  	     121.2  	     122.6  	     
114.4  	     116.9  	     120.1  	     125.9  	     133.0  	     124.5  	     125.4  	     126.4  	     
117.6  	     120.4  	     123.8  	     129.8  	     136.9  	     128.5  	     129.6  	     130.5  	     
120.8  	     123.7  	     126.9  	     133.3  	     140.9  	     132.1  	     133.5  	     134.2  	     
124.2  	     126.8  	     130.2  	     136.7  	     145.0  	     136.3  	     137.5  	     138.1  	     
127.4  	     130.4  	     133.8  	     140.4  	     148.9  	     140.0  	     141.6  	     142.2  	     
130.6  	     133.9  	     137.6  	     144.8  	     152.8  	     146.1  	     146.4  	     146.2  	     
134.3  	     137.5  	     141.3  	     148.8  	     157.2  	     150.0  	     150.8  	     150.3  	     
137.8  	     141.1  	     145.0  	     153.0  	     161.3  	     153.8  	     155.1  	     154.6  	     
141.3  	     144.6  	     148.8  	     156.8  	     164.7  	     157.4  	     159.1  	     158.8  	     
145.0  	     148.3  	     152.2  	     160.5  	     169.0  	     160.8  	     162.7  	     162.9  	     
148.4  	     152.2  	     155.5  	     163.4  	     172.2  	     164.1  	     166.3  	     166.5  	     
151.8  	     155.3  	     159.0  	     166.9  	     174.9  	     167.1  	     169.4  	     169.9  	     
154.8  	     158.5  	     161.9  	     169.7  	     177.7  	     170.3  	     172.6  	     173.6  	     
158.1  	     161.7  	     165.0  	     172.5  	     180.6  	     173.3  	     175.6  	     176.9  	     
161.2  	     164.8  	     168.2  	     175.5  	     183.6  	     176.3  	     178.4  	     180.7  	     
162.4  	     166.0  	     169.5  	     176.9  	     184.9  	     177.4  	     179.4  	     181.7  	     
164.3  	     167.9  	     171.2  	     178.6  	     186.3  	     179.2  	     181.4  	     184.0  	     
167.4  	     171.1  	     174.3  	     181.3  	     188.9  	     182.4  	     184.9  	     187.2  	     
170.5  	     174.2  	     177.1  	     184.0  	     191.9  	     185.3  	     187.5  	     190.3  	     
173.3  	     177.2  	     179.9  	     186.8  	     194.6  	     188.0  	     190.1  	     193.6  	     
176.3  	     179.9  	     182.9  	     189.5  	     197.3  	     191.1  	     193.3  	     196.7  	     
179.0  	     182.5  	     185.7  	     192.3  	     200.4  	     193.9  	     195.6  	     199.8  	     
181.9  	     185.5  	     188.5  	     194.9  	     202.4  	     196.6  	     198.8  	     202.6  	     
184.9  	     188.4  	     191.2  	     197.6  	     205.4  	     199.4  	     201.1  	     205.4  	     
187.5  	     191.2  	     193.9  	     200.0  	     207.8  	     201.9  	     204.0  	     208.0  	     
190.0  	     193.4  	     196.4  	     202.3  	     210.1  	     204.6  	     206.2  	     210.4  	     
190.3  	     193.8  	     196.7  	     202.6  	     210.4  	     204.8  	     206.6  	     210.6  	     
192.9  	     196.5  	     199.2  	     205.2  	     213.1  	     207.2  	     208.9  	     213.3  	     
195.7  	     199.3  	     201.8  	     207.6  	     215.5  	     209.7  	     211.6  	     216.2  	     
198.3  	     201.9  	     204.2  	     209.8  	     218.2  	     212.3  	     214.0  	     218.6  	     
200.8  	     204.4  	     206.7  	     212.1  	     220.7  	     214.8  	     216.5  	     221.4  	     
203.5  	     207.0  	     209.2  	     214.3  	     222.9  	     217.4  	     219.0  	     223.7  	     
206.0  	     209.4  	     211.6  	     216.6  	     225.4  	     219.9  	     221.2  	     225.9  	     
207.4  	     210.8  	     212.8  	     217.9  	     226.6  	     221.2  	     222.5  	     227.2  	     
208.5  	     211.8  	     214.0  	     219.0  	     227.4  	     222.3  	     223.7  	     228.3  	     
210.9  	     214.2  	     216.5  	     221.1  	     229.6  	     224.6  	     225.7  	     230.8  	     
213.3  	     216.6  	     218.8  	     223.6  	     231.9  	     227.0  	     228.4  	     233.1  	     
215.7  	     218.9  	     220.9  	     225.5  	     233.9  	     229.3  	     230.6  	     235.3  	     
218.3  	     221.3  	     223.2  	     227.3  	     236.0  	     231.5  	     232.5  	     237.6  	     
220.6  	     223.6  	     225.3  	     229.3  	     238.1  	     233.7  	     234.7  	     240.1  	     
222.9  	     225.9  	     227.4  	     231.5  	     240.3  	     235.8  	     237.3  	     242.2  	     
225.1  	     228.0  	     229.4  	     233.3  	     241.6  	     237.7  	     239.2  	     244.0  	     
227.2  	     230.0  	     231.2  	     234.6  	     243.0  	     239.6  	     240.7  	     245.9  	     
229.2  	     231.9  	     232.9  	     236.4  	     244.4  	     241.3  	     242.3  	     247.3  	     
230.1  	     232.7  	     233.6  	     236.8  	     244.9  	     242.0  	     243.1  	     248.1  	     
231.2  	     233.6  	     234.5  	     237.6  	     245.6  	     242.8  	     243.6  	     248.8  	     
232.7  	     235.0  	     235.6  	     238.6  	     246.7  	     244.1  	     245.2  	     250.1  	     
232.9  	     235.3  	     235.9  	     239.0  	     246.9  	     244.2  	     245.1  	     250.3  	     
234.6  	     236.9  	     237.3  	     240.2  	     248.1  	     245.6  	     246.2  	     251.5  	     
236.2  	     238.4  	     238.7  	     241.4  	     248.9  	     246.9  	     248.0  	     252.5  	     
237.8  	     239.9  	     240.1  	     242.5  	     250.0  	     248.1  	     249.0  	     253.7  	     
239.2  	     241.2  	     241.4  	     243.6  	     250.9  	     249.2  	     250.0  	     254.7  	     
240.7  	     242.5  	     242.5  	     244.7  	     251.7  	     250.2  	     250.9  	     255.6  	     
241.9  	     243.6  	     243.4  	     245.4  	     252.5  	     251.2  	     251.9  	     256.5  	     
243.0  	     244.7  	     244.3  	     246.3  	     253.3  	     252.1  	     252.6  	     257.3  	     
244.2  	     245.7  	     245.3  	     247.1  	     253.8  	     252.9  	     253.3  	     257.8  	     
245.1  	     246.5  	     246.1  	     247.7  	     254.4  	     253.6  	     254.1  	     258.5  	     
246.2  	     247.5  	     246.8  	     248.3  	     254.9  	     254.3  	     254.8  	     259.0  	     
247.0  	     248.2  	     247.6  	     249.1  	     255.4  	     255.0  	     255.2  	     259.7  	     
247.8  	     248.9  	     248.3  	     249.7  	     255.9  	     255.6  	     255.7  	     260.1  	     
248.5  	     249.6  	     249.0  	     250.3  	     256.4  	     256.0  	     256.3  	     260.5  	     
249.0  	     250.1  	     249.3  	     250.5  	     256.6  	     256.6  	     256.9  	     261.1  	     
249.7  	     250.7  	     249.9  	     251.1  	     257.2  	     256.9  	     257.3  	     261.5  	     
250.2  	     251.0  	     250.2  	     251.0  	     257.4  	     257.2  	     257.4  	     261.7  	     
250.2  	     251.1  	     250.4  	     251.6  	     257.4  	     257.4  	     257.6  	     261.6  	     
250.9  	     251.7  	     251.0  	     251.8  	     257.8  	     257.7  	     257.9  	     262.0  	     
251.4  	     252.1  	     251.2  	     252.2  	     257.9  	     257.8  	     258.0  	     261.6  	     
252.1  	     252.7  	     252.0  	     252.7  	     258.0  	     258.1  	     258.1  	     261.9  	     
252.5  	     253.0  	     252.4  	     253.0  	     258.2  	     258.1  	     258.3  	     262.1  	     
252.8  	     253.3  	     252.6  	     253.2  	     258.3  	     258.5  	     258.3  	     262.3  	     
253.2  	     253.5  	     252.9  	     253.5  	     258.5  	     258.4  	     258.6  	     262.4  	     
253.5  	     253.9  	     253.3  	     253.8  	     258.7  	     258.8  	     258.6  	     262.5  	     
253.7  	     254.0  	     253.6  	     253.9  	     259.0  	     258.9  	     258.9  	     262.7  	     
254.0  	     254.3  	     253.9  	     254.3  	     259.2  	     259.0  	     259.0  	     262.7  	     
254.3  	     254.5  	     254.1  	     254.5  	     259.3  	     259.2  	     258.8  	     262.7  	     
254.6  	     254.8  	     254.4  	     254.8  	     259.5  	     259.3  	     259.3  	     262.8  	     
254.8  	     255.1  	     254.6  	     255.0  	     259.7  	     259.3  	     259.3  	     262.5  	     
255.1  	     255.3  	     255.0  	     255.3  	     259.9  	     259.6  	     259.4  	     262.8  	     
255.3  	     255.4  	     255.3  	     255.6  	     260.3  	     259.8  	     259.5  	     263.2  	     
255.5  	     255.7  	     255.4  	     255.7  	     260.5  	     259.9  	     260.1  	     263.2  	     
255.9  	     256.0  	     255.6  	     255.8  	     260.6  	     259.9  	     260.0  	     263.0  	     
256.0  	     256.0  	     255.9  	     256.2  	     260.7  	     260.1  	     259.9  	     263.0  	     
256.1  	     256.3  	     256.2  	     256.4  	     260.9  	     260.2  	     260.1  	     263.3  	     
256.4  	     256.5  	     256.4  	     256.6  	     261.1  	     260.4  	     260.1  	     263.0  	     
256.6  	     256.8  	     256.6  	     256.9  	     261.3  	     260.5  	     260.4  	     263.0  	     
256.8  	     256.9  	     256.8  	     257.1  	     261.3  	     260.5  	     260.3  	     263.5  	     
257.0  	     257.1  	     256.9  	     257.2  	     261.5  	     260.7  	     260.6  	     263.5  	     
257.2  	     257.3  	     257.1  	     257.4  	     261.5  	     260.5  	     260.4  	     263.4  	     
257.4  	     257.5  	     257.4  	     257.6  	     261.7  	     260.8  	     260.1  	     263.4  	     
257.6  	     257.6  	     257.6  	     257.8  	     261.8  	     260.8  	     260.5  	     263.4  	     
257.8  	     257.8  	     257.8  	     258.0  	     261.9  	     261.0  	     260.3  	     263.4  	     
257.9  	     258.0  	     258.0  	     258.1  	     262.0  	     261.1  	     260.6  	     263.3  	     
258.1  	     258.2  	     258.1  	     258.3  	     262.1  	     261.2  	     260.9  	     263.5  	     
258.2  	     258.3  	     258.2  	     258.4  	     262.3  	     261.3  	     261.1  	     263.7  	     
258.3  	     258.5  	     258.4  	     258.5  	     262.4  	     261.4  	     261.4  	     263.7  	     
258.6  	     258.6  	     258.6  	     258.7  	     262.6  	     261.5  	     261.3  	     263.7  	     
258.7  	     258.8  	     258.7  	     258.7  	     262.7  	     261.4  	     261.3  	     263.9  	     
258.9  	     258.8  	     258.8  	     259.0  	     262.7  	     261.4  	     261.3  	     263.9  	     
259.0  	     259.0  	     259.0  	     259.1  	     262.7  	     261.5  	     261.3  	     263.9  	     
259.2  	     259.2  	     259.1  	     259.3  	     262.8  	     261.6  	     261.0  	     263.7  	     
259.3  	     259.4  	     259.4  	     259.4  	     262.9  	     261.8  	     261.5  	     263.9  	     
259.4  	     259.6  	     259.5  	     259.7  	     263.0  	     261.8  	     261.7  	     264.0  	     
259.6  	     259.7  	     259.6  	     259.7  	     263.1  	     262.0  	     261.9  	     264.0  	     
259.7  	     259.8  	     259.7  	     259.8  	     263.3  	     262.0  	     261.7  	     263.9  	     
259.9  	     260.0  	     259.9  	     260.0  	     263.2  	     262.0  	     261.7  	     264.0  	     
260.0  	     260.1  	     260.0  	     260.1  	     263.4  	     262.0  	     261.7  	     264.2  	     
260.1  	     260.3  	     260.1  	     260.3  	     263.5  	     262.2  	     261.9  	     264.2  	     
260.2  	     260.3  	     260.3  	     260.4  	     263.7  	     262.3  	     262.0  	     264.2  	     
260.3  	     260.4  	     260.4  	     260.5  	     263.8  	     262.3  	     261.8  	     264.1  	     
260.4  	     260.4  	     260.5  	     260.5  	     263.9  	     262.2  	     262.1  	     264.1  	     
260.5  	     260.5  	     260.5  	     260.7  	     263.9  	     262.4  	     262.0  	     264.1  	     
260.7  	     260.6  	     260.6  	     260.7  	     263.8  	     262.4  	     261.9  	     264.1  	     
260.7  	     260.8  	     260.7  	     260.9  	     264.1  	     262.4  	     262.2  	     264.3  	     
260.8  	     260.9  	     260.9  	     260.9  	     264.1  	     262.6  	     262.2  	     264.2  	     
260.8  	     260.9  	     260.9  	     261.0  	     264.2  	     262.6  	     262.1  	     264.2  	     
260.9  	     261.0  	     261.0  	     261.0  	     264.2  	     262.7  	     262.2  	     264.3  	     
261.1  	     261.1  	     261.1  	     261.0  	     264.2  	     262.7  	     262.8  	     264.2  	     
261.1  	     261.1  	     261.1  	     261.1  	     264.2  	     262.6  	     262.4  	     264.3  	     
261.2  	     261.3  	     261.2  	     261.3  	     264.4  	     262.8  	     262.2  	     264.2  	     
261.4  	     261.3  	     261.5  	     261.5  	     264.4  	     262.8  	     262.4  	     264.1  	     
261.5  	     261.5  	     261.5  	     261.6  	     264.5  	     262.9  	     262.4  	     264.3  	     
261.5  	     261.6  	     261.6  	     261.7  	     264.6  	     263.0  	     262.6  	     264.5  	     
261.7  	     261.7  	     261.7  	     261.7  	     264.6  	     263.0  	     262.4  	     264.3  	     
261.8  	     261.8  	     261.7  	     261.8  	     264.6  	     263.0  	     262.8  	     264.4  	     
261.8  	     261.8  	     261.8  	     261.8  	     264.7  	     262.9  	     262.7  	     264.5  	     
261.9  	     261.8  	     261.8  	     261.9  	     264.8  	     263.0  	     262.7  	     264.5  	     
261.9  	     261.9  	     261.9  	     262.1  	     264.9  	     263.1  	     262.6  	     264.5  	     
262.0  	     262.1  	     262.1  	     262.2  	     265.0  	     263.1  	     262.7  	     264.3  	     
262.1  	     262.1  	     262.1  	     262.2  	     264.9  	     263.3  	     262.6  	     264.4  	     
262.2  	     262.2  	     262.1  	     262.2  	     264.9  	     263.2  	     263.0  	     264.5  	     
262.3  	     262.2  	     262.3  	     262.3  	     265.1  	     263.2  	     263.2  	     264.7  	     
262.3  	     262.2  	     262.3  	     262.4  	     265.1  	     263.3  	     262.9  	     264.3  	     
262.3  	     262.3  	     262.4  	     262.4  	     265.2  	     263.3  	     263.0  	     264.4  	     
262.3  	     262.4  	     262.5  	     262.5  	     265.3  	     263.5  	     263.2  	     264.5  	     
262.5  	     262.5  	     262.6  	     262.5  	     265.3  	     263.4  	     263.2  	     264.5  	     
262.6  	     262.5  	     262.6  	     262.6  	     265.2  	     263.4  	     263.3  	     264.6  	     
262.7  	     262.6  	     262.6  	     262.6  	     265.3  	     263.4  	     263.2  	     264.6  	     
262.7  	     262.7  	     262.7  	     262.7  	     265.3  	     263.4  	     263.2  	     264.5  	     
262.8  	     262.7  	     262.7  	     262.7  	     265.4  	     263.4  	     263.2  	     264.5  	     
262.8  	     262.7  	     262.8  	     262.9  	     265.5  	     263.7  	     263.3  	     264.8  	     
262.9  	     262.9  	     262.9  	     263.0  	     265.5  	     263.7  	     263.2  	     264.8  	     
263.0  	     263.0  	     263.0  	     262.9  	     265.6  	     263.7  	     263.3  	     264.5  	     
263.1  	     263.0  	     263.0  	     263.0  	     265.6  	     263.7  	     263.4  	     264.7  	     
263.1  	     263.1  	     263.0  	     263.1  	     265.6  	     263.6  	     263.4  	     264.6  	     
263.2  	     263.1  	     263.0  	     263.1  	     265.6  	     263.8  	     263.5  	     264.7  	     
263.2  	     263.2  	     263.2  	     263.2  	     265.7  	     263.6  	     263.5  	     264.6  	     
263.5  	     263.3  	     263.3  	     263.4  	     265.9  	     263.9  	     263.5  	     264.8  	     
263.5  	     263.3  	     263.5  	     263.4  	     265.8  	     263.9  	     263.4  	     264.8  	     
263.6  	     263.4  	     263.5  	     263.4  	     265.8  	     263.8  	     263.3  	     264.7  	     
263.6  	     263.4  	     263.5  	     263.4  	     265.8  	     263.9  	     263.4  	     264.6  	     
263.5  	     263.4  	     263.5  	     263.5  	     265.8  	     263.9  	     263.6  	     264.8  	     
263.6  	     263.4  	     263.5  	     263.3  	     265.9  	     263.9  	     263.4  	     264.6  	     
263.6  	     263.4  	     263.6  	     263.5  	     266.0  	     263.9  	     263.7  	     264.7  	     
263.6  	     263.5  	     263.6  	     263.5  	     266.0  	     264.0  	     263.4  	     264.7  	     
263.6  	     263.5  	     263.6  	     263.5  	     266.1  	     264.1  	     263.9  	     264.8  	     
263.6  	     263.5  	     263.6  	     263.6  	     266.0  	     264.0  	     263.6  	     264.7  	     
263.8  	     263.5  	     263.7  	     263.6  	     266.0  	     264.0  	     264.0  	     264.8  	     
263.9  	     263.7  	     263.8  	     263.7  	     266.0  	     263.9  	     263.7  	     264.8  	     
263.9  	     263.8  	     263.7  	     263.6  	     265.8  	     263.9  	     263.4  	     264.7  	     
263.8  	     263.7  	     263.6  	     263.5  	     265.6  	     263.8  	     263.6  	     264.4  	     
263.8  	     263.5  	     263.5  	     263.2  	     265.2  	     263.6  	     263.3  	     264.2  	     
263.6  	     263.4  	     263.0  	     262.9  	     264.8  	     263.1  	     262.8  	     263.7  	     
263.3  	     263.1  	     262.7  	     262.3  	     264.1  	     262.9  	     262.3  	     263.3  	     
263.0  	     262.7  	     262.1  	     261.9  	     263.4  	     262.4  	     261.9  	     262.8  	     
262.6  	     262.2  	     261.7  	     261.4  	     262.6  	     261.8  	     261.3  	     262.1  	     
262.1  	     261.7  	     261.1  	     260.7  	     261.9  	     261.2  	     260.8  	     261.4  	     
261.6  	     261.1  	     260.5  	     260.0  	     261.1  	     260.5  	     260.2  	     260.8  	     
261.0  	     260.4  	     259.8  	     259.4  	     260.3  	     259.8  	     259.3  	     260.0  	     
260.3  	     259.8  	     259.1  	     258.6  	     259.5  	     259.1  	     258.6  	     259.4  	     
259.7  	     258.8  	     258.4  	     257.9  	     258.6  	     258.4  	     257.8  	     258.3  	     
258.8  	     257.9  	     257.7  	     257.0  	     257.8  	     257.4  	     256.9  	     257.3  	     
258.1  	     257.2  	     256.8  	     256.2  	     256.9  	     256.6  	     255.9  	     256.3  	     
257.4  	     256.4  	     256.0  	     255.3  	     256.0  	     256.0  	     255.5  	     255.9  	     
256.6  	     255.5  	     255.2  	     254.5  	     255.0  	     255.1  	     254.3  	     254.7  	     
255.7  	     254.7  	     254.3  	     253.3  	     254.0  	     254.2  	     253.5  	     253.7  	     
254.7  	     253.8  	     253.6  	     252.7  	     252.9  	     253.2  	     252.6  	     252.7  	     
253.8  	     252.7  	     252.5  	     251.8  	     252.0  	     252.4  	     251.8  	     251.9  	     
252.9  	     251.6  	     251.7  	     250.9  	     251.0  	     251.2  	     250.7  	     250.9  	     
251.8  	     250.6  	     250.5  	     249.7  	     249.9  	     250.2  	     249.7  	     249.4  	     
250.7  	     249.6  	     249.6  	     248.7  	     248.9  	     249.3  	     248.6  	     248.6  	     
249.7  	     248.5  	     248.5  	     247.7  	     248.0  	     248.3  	     247.7  	     247.4  	     
248.5  	     247.3  	     247.6  	     246.8  	     246.8  	     247.3  	     246.6  	     246.3  	     
248.4  	     247.3  	     247.5  	     246.6  	     246.8  	     247.2  	     246.6  	     246.5  	     
247.5  	     246.3  	     246.6  	     245.8  	     245.7  	     246.3  	     245.8  	     245.2  	     
246.5  	     245.2  	     245.7  	     244.7  	     244.7  	     245.3  	     244.8  	     244.1  	     
245.5  	     244.1  	     244.6  	     243.7  	     243.8  	     244.2  	     243.6  	     242.9  	     
244.3  	     243.0  	     243.6  	     242.4  	     242.7  	     243.4  	     242.5  	     241.6  	     
243.2  	     241.9  	     242.6  	     241.6  	     241.6  	     242.2  	     241.5  	     240.4  	     
242.2  	     240.7  	     241.5  	     240.5  	     240.7  	     241.0  	     240.2  	     239.2  	     
240.9  	     239.6  	     240.5  	     239.3  	     239.6  	     239.9  	     239.2  	     238.1  	     
239.9  	     238.5  	     239.3  	     238.3  	     238.4  	     238.9  	     238.0  	     236.9  	     
238.6  	     237.3  	     238.3  	     237.2  	     237.2  	     237.8  	     237.0  	     235.7  	     
237.5  	     236.2  	     237.2  	     236.2  	     236.1  	     236.8  	     235.9  	     234.5  	     
236.4  	     235.0  	     236.1  	     235.1  	     235.1  	     235.5  	     235.1  	     233.3  	     
235.3  	     233.8  	     235.0  	     234.1  	     233.9  	     234.6  	     234.0  	     232.1  	     
234.2  	     232.8  	     234.2  	     233.1  	     232.8  	     233.5  	     232.6  	     230.7  	     
233.0  	     231.7  	     233.1  	     231.9  	     231.6  	     232.4  	     231.6  	     229.8  	     
231.9  	     230.4  	     231.9  	     230.9  	     230.4  	     231.2  	     230.6  	     228.4  	     
230.7  	     229.2  	     230.9  	     229.8  	     229.2  	     230.1  	     229.4  	     227.2  	     
229.5  	     228.0  	     229.7  	     228.5  	     228.2  	     229.0  	     228.2  	     226.2  	     
228.3  	     226.7  	     228.6  	     227.4  	     227.1  	     227.9  	     227.1  	     225.0  	     
227.0  	     225.6  	     227.5  	     226.4  	     225.9  	     227.0  	     225.9  	     223.7  	     
225.9  	     224.5  	     226.5  	     225.4  	     224.9  	     225.8  	     224.9  	     222.3  	     
224.8  	     223.2  	     225.4  	     224.4  	     223.9  	     224.7  	     223.6  	     221.5  	     
223.5  	     222.0  	     224.4  	     223.2  	     222.7  	     223.6  	     222.7  	     220.2  	     
222.2  	     220.7  	     223.1  	     222.0  	     221.6  	     222.3  	     221.5  	     218.9  	     
221.1  	     219.6  	     222.1  	     220.7  	     220.7  	     221.4  	     220.7  	     218.0  	     
219.9  	     218.3  	     221.0  	     219.8  	     219.5  	     220.2  	     219.6  	     216.7  	     
218.7  	     217.3  	     219.9  	     218.8  	     218.3  	     219.2  	     218.5  	     215.4  	     
217.5  	     216.0  	     218.9  	     217.7  	     217.1  	     218.0  	     217.4  	     214.4  	     
216.4  	     214.9  	     217.8  	     216.6  	     216.0  	     216.9  	     216.0  	     213.0  	     
215.3  	     213.8  	     216.7  	     215.6  	     214.9  	     215.8  	     215.0  	     211.8  	     
214.1  	     212.6  	     215.5  	     214.5  	     213.8  	     214.8  	     213.9  	     210.6  	     
212.9  	     211.5  	     214.5  	     213.3  	     212.9  	     213.7  	     213.0  	     209.7  	     
211.7  	     210.4  	     213.5  	     212.4  	     211.5  	     212.7  	     211.7  	     208.2  	     
210.7  	     209.2  	     212.4  	     211.3  	     210.4  	     211.3  	     210.6  	     206.8  	     
209.6  	     208.1  	     211.4  	     210.3  	     209.4  	     210.2  	     209.6  	     205.8  	     
208.6  	     207.0  	     210.4  	     209.3  	     208.2  	     209.3  	     208.3  	     204.5  	     
207.5  	     206.0  	     209.3  	     208.1  	     207.2  	     208.3  	     207.3  	     203.5  	     
206.3  	     204.9  	     208.3  	     207.1  	     206.2  	     207.1  	     206.3  	     202.4  	     
205.3  	     203.8  	     207.1  	     206.0  	     205.1  	     206.0  	     205.5  	     201.3  	     
203.8  	     202.4  	     206.0  	     204.9  	     204.2  	     205.0  	     204.0  	     200.1  	     
202.7  	     201.3  	     205.0  	     203.9  	     202.9  	     204.0  	     203.5  	     199.3  	     
201.7  	     200.3  	     203.9  	     202.9  	     201.9  	     203.0  	     202.0  	     198.2  	     
200.6  	     199.2  	     202.9  	     201.7  	     200.8  	     201.9  	     201.2  	     197.1  	     
199.5  	     198.0  	     201.9  	     200.9  	     199.8  	     201.0  	     200.2  	     195.8  	     
198.4  	     196.8  	     200.8  	     199.8  	     198.7  	     199.9  	     199.3  	     194.9  	     
197.2  	     195.8  	     199.8  	     198.8  	     197.7  	     199.0  	     198.2  	     193.8  	     
196.1  	     194.6  	     198.8  	     197.5  	     196.9  	     197.8  	     197.4  	     192.8  	     
195.2  	     193.7  	     197.8  	     196.8  	     195.9  	     196.9  	     196.4  	     191.8  	     
194.1  	     192.6  	     197.0  	     195.8  	     194.8  	     195.9  	     195.5  	     190.6  	     
193.1  	     191.6  	     195.9  	     194.8  	     194.0  	     194.8  	     194.3  	     189.3  	     
191.9  	     190.6  	     194.9  	     193.9  	     193.0  	     194.0  	     193.2  	     188.4  	     
190.9  	     189.6  	     194.0  	     192.9  	     192.0  	     192.9  	     192.3  	     187.4  	     
189.8  	     188.6  	     193.0  	     192.0  	     191.0  	     191.8  	     191.2  	     186.4  	     
188.9  	     187.7  	     191.9  	     190.8  	     189.8  	     190.8  	     190.1  	     185.2  	     
188.0  	     186.7  	     190.9  	     189.9  	     188.8  	     190.0  	     189.4  	     184.5  	     
187.0  	     185.6  	     189.9  	     188.9  	     187.9  	     189.0  	     188.2  	     183.3  	     
186.0  	     184.6  	     188.9  	     188.1  	     187.0  	     188.2  	     187.5  	     182.4  	     
185.1  	     183.5  	     188.0  	     186.9  	     186.0  	     187.1  	     186.5  	     181.5  	     
184.0  	     182.6  	     187.2  	     186.0  	     185.2  	     186.2  	     185.8  	     180.4  	     
182.9  	     181.5  	     186.2  	     185.2  	     184.3  	     185.1  	     184.4  	     179.2  	     
182.0  	     180.7  	     185.2  	     184.2  	     183.4  	     184.2  	     183.3  	     178.2  	     
181.1  	     179.7  	     184.4  	     183.3  	     182.2  	     183.4  	     182.5  	     177.5  	     
180.1  	     178.8  	     183.5  	     182.3  	     181.4  	     182.3  	     181.7  	     176.4  	     
179.1  	     177.8  	     182.6  	     181.6  	     180.6  	     181.4  	     180.8  	     175.8  	     
178.1  	     176.9  	     181.7  	     180.6  	     179.7  	     180.5  	     180.1  	     174.7  	     
177.1  	     175.9  	     180.8  	     179.8  	     178.7  	     179.6  	     178.9  	     173.7  	     
176.2  	     174.9  	     179.7  	     178.9  	     177.7  	     178.8  	     178.4  	     172.8  	     
175.3  	     174.0  	     178.9  	     178.0  	     177.0  	     178.0  	     177.3  	     171.8  	     
174.5  	     173.1  	     178.1  	     177.2  	     176.1  	     177.2  	     176.7  	     171.1  	     
173.5  	     172.2  	     177.1  	     176.2  	     175.0  	     176.1  	     175.3  	     169.9  	     
172.7  	     171.3  	     176.3  	     175.3  	     174.4  	     175.2  	     174.6  	     169.2  	     
171.9  	     170.6  	     175.6  	     174.6  	     173.5  	     174.4  	     173.9  	     168.3  	     
171.1  	     169.7  	     174.7  	     173.6  	     172.7  	     173.7  	     173.1  	     167.5  	     
170.2  	     168.9  	     173.9  	     173.0  	     171.7  	     172.7  	     172.0  	     166.7  	     
169.4  	     168.1  	     173.0  	     172.1  	     170.9  	     172.0  	     171.2  	     165.7  	     
168.4  	     167.2  	     172.2  	     171.1  	     170.1  	     171.0  	     170.6  	     165.0  	     
167.6  	     166.4  	     171.4  	     170.5  	     169.3  	     170.1  	     169.6  	     164.1  	     
166.7  	     165.6  	     170.6  	     169.7  	     168.3  	     169.3  	     168.6  	     163.1  	     
165.9  	     164.8  	     169.8  	     168.8  	     167.5  	     168.6  	     168.1  	     162.5  	     
165.2  	     164.0  	     169.0  	     168.2  	     166.9  	     167.7  	     167.1  	     161.8  	     
164.3  	     163.2  	     168.1  	     167.4  	     166.0  	     166.9  	     166.0  	     160.8  	     
163.5  	     162.3  	     167.4  	     166.6  	     165.2  	     166.2  	     165.8  	     160.3  	     
162.8  	     161.6  	     166.5  	     165.7  	     164.5  	     165.5  	     164.9  	     159.4  	     
162.0  	     160.8  	     165.8  	     165.1  	     163.7  	     164.7  	     164.0  	     158.4  	     
161.2  	     160.0  	     165.0  	     164.0  	     163.0  	     164.1  	     163.5  	     157.9  	     
160.4  	     159.1  	     164.2  	     163.3  	     162.2  	     163.2  	     162.7  	     157.4  	     
159.4  	     158.2  	     163.3  	     162.2  	     161.4  	     162.4  	     161.5  	     156.1  	     
158.6  	     157.5  	     162.5  	     161.7  	     160.7  	     161.6  	     161.1  	     155.5  	     
158.0  	     156.8  	     161.8  	     161.0  	     160.0  	     160.8  	     160.2  	     154.9  	     
157.1  	     156.0  	     160.9  	     160.0  	     159.1  	     160.1  	     159.5  	     154.1  	     
156.3  	     155.2  	     160.3  	     159.4  	     158.5  	     159.2  	     158.7  	     153.3  	     
155.6  	     154.6  	     159.6  	     158.7  	     157.7  	     158.6  	     158.2  	     152.5  	     
155.0  	     154.0  	     158.9  	     158.1  	     156.9  	     157.9  	     157.3  	     151.8  	     
154.3  	     153.2  	     158.2  	     157.4  	     156.4  	     157.1  	     156.6  	     151.2  	     
153.6  	     152.6  	     157.6  	     156.7  	     155.6  	     156.4  	     155.8  	     150.5  	     
152.9  	     151.9  	     156.9  	     156.0  	     154.9  	     155.7  	     155.0  	     149.7  	     
152.1  	     151.2  	     155.9  	     155.3  	     154.2  	     154.8  	     154.5  	     149.1  	     
151.4  	     150.4  	     155.3  	     154.6  	     153.5  	     154.2  	     153.7  	     148.3  	     
150.8  	     149.7  	     154.6  	     153.9  	     152.8  	     153.7  	     153.0  	     147.8  	     
150.0  	     149.1  	     153.9  	     153.2  	     152.2  	     152.8  	     152.5  	     147.2  	     
149.4  	     148.3  	     153.3  	     152.5  	     151.5  	     152.3  	     151.9  	     146.6  	     
148.7  	     147.7  	     152.6  	     151.8  	     150.9  	     151.6  	     151.0  	     145.7  	     
148.1  	     146.9  	     151.9  	     150.9  	     150.1  	     151.0  	     150.3  	     145.0  	     
147.4  	     146.4  	     151.2  	     150.4  	     149.4  	     150.2  	     149.8  	     144.6  	     
146.7  	     145.7  	     150.6  	     149.7  	     148.9  	     149.7  	     149.1  	     143.8  	     
146.2  	     145.1  	     149.8  	     149.2  	     148.2  	     149.0  	     148.4  	     143.2  	     
145.5  	     144.4  	     149.3  	     148.6  	     147.5  	     148.3  	     147.6  	     142.7  	     
145.0  	     143.8  	     148.7  	     147.9  	     146.9  	     147.8  	     147.2  	     142.1  	     
144.2  	     143.2  	     148.1  	     147.2  	     146.3  	     147.1  	     146.6  	     141.4  	     
143.6  	     142.6  	     147.4  	     146.8  	     145.7  	     146.4  	     145.9  	     140.9  	     
142.9  	     142.0  	     146.8  	     146.1  	     145.0  	     145.9  	     145.4  	     140.2  	     
142.4  	     141.4  	     146.2  	     145.5  	     144.4  	     145.2  	     144.9  	     139.7  	     
141.8  	     140.9  	     145.6  	     144.9  	     143.8  	     144.6  	     143.8  	     139.1  	     
141.1  	     140.2  	     145.0  	     144.2  	     143.3  	     144.2  	     143.5  	     138.5  	     
140.7  	     139.7  	     144.4  	     143.9  	     142.8  	     143.7  	     143.3  	     138.2  	     