
G48-PTC3  	G48-PTC8  	G48-PTC12  	G48-PTC26  	G48-PTC28  	G48-PTC32  	G48-PTC34  	G48-PTC36  	
Deg.F  	     Deg.F  	     Deg.F  	     Deg.F  	     Deg.F  	     Deg.F  	     Deg.F  	     Deg.F  	     
71.5  	     70.3  	     72.7  	     71.8  	     73.1  	     71.5  	     73.0  	     72.3  	     
71.5  	     70.3  	     72.7  	     71.8  	     73.1  	     71.5  	     73.0  	     72.3  	     
71.4  	     70.3  	     72.7  	     71.9  	     73.1  	     71.5  	     72.9  	     72.5  	     
71.8  	     70.5  	     73.7  	     72.8  	     74.0  	     72.4  	     73.7  	     73.2  	     
72.4  	     71.0  	     74.3  	     73.9  	     75.2  	     73.5  	     74.9  	     74.4  	     
72.9  	     71.4  	     75.2  	     75.0  	     75.8  	     74.3  	     75.6  	     75.2  	     
73.4  	     71.9  	     75.4  	     75.8  	     76.7  	     74.8  	     76.3  	     75.6  	     
74.0  	     72.3  	     76.4  	     76.7  	     77.2  	     75.5  	     77.0  	     76.4  	     
74.4  	     72.8  	     76.8  	     77.7  	     77.9  	     76.0  	     77.4  	     76.6  	     
75.1  	     73.4  	     77.2  	     78.4  	     78.3  	     76.6  	     77.7  	     77.0  	     
75.6  	     73.9  	     77.6  	     79.2  	     78.9  	     76.9  	     78.1  	     77.7  	     
76.0  	     74.4  	     78.0  	     79.9  	     79.4  	     77.7  	     78.2  	     77.8  	     
76.5  	     74.8  	     78.4  	     80.5  	     79.8  	     77.9  	     79.0  	     78.5  	     
77.0  	     75.3  	     78.8  	     80.9  	     80.1  	     78.1  	     79.5  	     78.7  	     
77.3  	     75.6  	     79.1  	     81.5  	     80.5  	     78.9  	     79.7  	     79.5  	     
77.7  	     76.1  	     79.3  	     82.1  	     80.9  	     79.2  	     79.2  	     79.2  	     
78.1  	     76.5  	     79.9  	     82.6  	     81.3  	     79.6  	     80.3  	     79.8  	     
78.6  	     76.8  	     80.1  	     83.0  	     81.8  	     79.8  	     80.3  	     80.2  	     
78.6  	     77.0  	     80.0  	     83.0  	     81.7  	     79.9  	     80.4  	     80.1  	     
79.0  	     77.3  	     80.3  	     83.5  	     82.1  	     80.3  	     80.8  	     80.4  	     
79.4  	     77.7  	     80.7  	     84.1  	     82.5  	     80.7  	     81.2  	     80.8  	     
79.7  	     78.1  	     81.1  	     84.4  	     82.7  	     81.2  	     81.7  	     81.2  	     
80.0  	     78.3  	     81.4  	     84.9  	     83.1  	     81.3  	     81.9  	     81.6  	     
80.5  	     78.6  	     81.8  	     85.2  	     83.3  	     82.0  	     82.2  	     81.9  	     
80.9  	     79.0  	     82.0  	     85.6  	     83.7  	     82.2  	     82.5  	     82.2  	     
81.1  	     79.3  	     82.4  	     85.9  	     84.0  	     82.7  	     82.5  	     82.5  	     
81.5  	     79.7  	     82.7  	     86.3  	     84.3  	     83.4  	     82.6  	     83.0  	     
81.8  	     80.0  	     82.9  	     86.6  	     84.7  	     82.8  	     82.9  	     83.3  	     
82.2  	     80.2  	     83.1  	     87.0  	     85.1  	     83.2  	     83.8  	     83.4  	     
82.2  	     80.2  	     83.3  	     87.0  	     85.0  	     83.4  	     84.0  	     83.3  	     
82.4  	     80.6  	     83.6  	     87.2  	     85.2  	     83.6  	     84.0  	     83.5  	     
82.8  	     80.9  	     83.7  	     87.5  	     85.5  	     83.9  	     84.4  	     83.6  	     
83.0  	     81.1  	     83.7  	     87.8  	     85.8  	     84.4  	     84.9  	     84.3  	     
83.5  	     81.4  	     84.1  	     88.2  	     86.1  	     84.8  	     85.3  	     84.5  	     
84.0  	     81.7  	     84.9  	     89.0  	     87.1  	     85.6  	     86.3  	     85.6  	     
84.8  	     82.3  	     86.4  	     90.7  	     88.9  	     87.2  	     87.6  	     87.1  	     
85.8  	     82.9  	     88.2  	     92.7  	     90.7  	     88.7  	     89.4  	     88.4  	     
87.4  	     84.0  	     90.4  	     95.3  	     93.4  	     91.1  	     91.6  	     90.5  	     
89.2  	     84.9  	     92.8  	     98.2  	     96.2  	     93.2  	     93.7  	     92.7  	     
91.0  	     86.6  	     95.4  	     101.3  	     99.3  	     95.8  	     96.4  	     94.9  	     
93.2  	     88.4  	     98.4  	     104.8  	     102.6  	     98.9  	     99.2  	     97.6  	     
95.4  	     90.4  	     101.7  	     108.7  	     106.7  	     102.3  	     102.6  	     100.7  	     
97.8  	     92.4  	     105.1  	     112.5  	     110.5  	     105.5  	     106.0  	     103.9  	     
100.6  	     95.0  	     109.4  	     116.6  	     114.9  	     109.2  	     109.4  	     107.2  	     
103.6  	     97.7  	     113.9  	     121.0  	     118.9  	     112.7  	     113.6  	     111.0  	     
106.3  	     100.4  	     117.9  	     125.2  	     123.1  	     116.5  	     117.7  	     114.9  	     
109.3  	     103.6  	     122.9  	     130.0  	     128.2  	     120.8  	     122.0  	     118.9  	     
113.0  	     107.1  	     127.5  	     134.6  	     133.2  	     125.1  	     126.6  	     122.9  	     
116.1  	     110.9  	     131.9  	     139.5  	     137.4  	     129.0  	     131.2  	     127.6  	     
119.7  	     114.8  	     137.2  	     144.8  	     141.9  	     132.9  	     135.7  	     131.8  	     
123.2  	     118.6  	     141.9  	     150.0  	     146.3  	     136.5  	     140.1  	     136.1  	     
126.9  	     122.9  	     146.0  	     154.9  	     150.6  	     141.1  	     144.8  	     140.6  	     
130.3  	     126.9  	     150.5  	     159.5  	     154.4  	     145.0  	     149.3  	     144.6  	     
133.8  	     130.8  	     154.8  	     164.6  	     158.5  	     149.0  	     153.7  	     148.5  	     
137.2  	     135.0  	     159.3  	     169.3  	     162.3  	     153.0  	     158.5  	     153.1  	     
140.9  	     139.2  	     163.3  	     174.4  	     165.9  	     157.6  	     162.9  	     157.3  	     
144.7  	     143.3  	     167.4  	     179.2  	     169.5  	     161.5  	     167.6  	     161.9  	     
148.1  	     147.6  	     171.8  	     184.0  	     170.9  	     166.1  	     172.2  	     166.2  	     
152.0  	     151.7  	     175.4  	     189.1  	     173.4  	     170.3  	     176.5  	     170.2  	     
153.0  	     152.8  	     176.2  	     190.1  	     174.5  	     171.2  	     177.4  	     171.5  	     
155.5  	     155.9  	     178.8  	     193.4  	     177.2  	     174.2  	     180.3  	     174.3  	     
159.1  	     159.9  	     181.5  	     197.2  	     180.8  	     177.8  	     183.6  	     177.3  	     
162.7  	     163.6  	     184.2  	     201.3  	     184.6  	     182.0  	     187.4  	     180.8  	     
165.6  	     167.2  	     186.8  	     205.4  	     187.8  	     185.0  	     190.8  	     184.5  	     
168.9  	     170.8  	     189.5  	     209.2  	     191.3  	     188.3  	     194.7  	     187.8  	     
171.8  	     174.1  	     192.4  	     212.9  	     194.6  	     191.3  	     197.8  	     191.0  	     
175.1  	     177.5  	     195.3  	     216.2  	     198.1  	     194.7  	     201.2  	     194.3  	     
178.2  	     181.0  	     198.0  	     219.6  	     201.3  	     200.4  	     206.9  	     194.7  	     
181.5  	     184.2  	     200.2  	     223.2  	     204.4  	     204.2  	     208.7  	     200.4  	     
184.5  	     187.3  	     202.3  	     226.3  	     207.3  	     203.7  	     210.3  	     203.1  	     
187.2  	     190.4  	     204.4  	     228.8  	     209.8  	     205.0  	     210.4  	     205.3  	     
188.7  	     191.6  	     205.6  	     230.0  	     210.8  	     207.1  	     215.4  	     209.1  	     
190.1  	     193.0  	     206.6  	     231.2  	     212.3  	     209.5  	     214.9  	     208.7  	     
190.1  	     193.0  	     206.5  	     231.3  	     212.4  	     209.0  	     215.1  	     208.3  	     
192.6  	     195.8  	     208.3  	     233.6  	     214.5  	     211.7  	     217.2  	     210.7  	     
195.2  	     198.0  	     209.4  	     235.5  	     216.5  	     213.7  	     219.1  	     212.4  	     
197.6  	     200.3  	     211.0  	     237.2  	     218.3  	     215.5  	     220.6  	     214.6  	     
199.6  	     202.3  	     211.7  	     238.7  	     220.0  	     217.6  	     222.4  	     216.8  	     
201.8  	     204.5  	     212.8  	     240.1  	     221.4  	     218.1  	     225.2  	     218.9  	     
203.6  	     206.4  	     214.1  	     241.5  	     222.9  	     220.1  	     224.5  	     219.5  	     
205.6  	     208.2  	     215.6  	     243.0  	     224.3  	     221.7  	     226.0  	     221.4  	     
207.7  	     209.8  	     216.5  	     244.0  	     225.7  	     223.1  	     227.2  	     222.6  	     
209.3  	     211.5  	     217.3  	     245.2  	     226.8  	     224.5  	     228.5  	     223.8  	     
211.1  	     213.1  	     218.4  	     246.2  	     227.8  	     225.4  	     229.1  	     224.7  	     
212.8  	     214.8  	     219.2  	     247.3  	     228.8  	     226.7  	     230.6  	     226.3  	     
214.4  	     216.1  	     220.2  	     248.4  	     229.8  	     228.0  	     231.8  	     227.3  	     
216.0  	     217.5  	     221.4  	     249.3  	     230.8  	     228.9  	     233.0  	     229.0  	     
217.6  	     219.0  	     222.3  	     250.0  	     231.7  	     230.1  	     233.8  	     230.0  	     
217.7  	     219.0  	     222.3  	     250.1  	     231.8  	     230.1  	     233.8  	     230.0  	     
219.0  	     220.3  	     222.9  	     250.7  	     232.6  	     231.3  	     234.7  	     231.1  	     
220.3  	     221.3  	     223.6  	     251.2  	     233.4  	     232.1  	     235.5  	     232.2  	     
221.6  	     222.7  	     224.3  	     251.8  	     234.3  	     233.2  	     236.8  	     233.4  	     
222.8  	     223.8  	     225.5  	     252.7  	     235.2  	     234.2  	     237.5  	     234.1  	     
224.3  	     224.9  	     226.8  	     253.3  	     235.9  	     233.1  	     238.7  	     233.1  	     
225.4  	     226.1  	     227.4  	     253.9  	     236.7  	     239.5  	     242.6  	     238.8  	     
226.6  	     227.0  	     228.0  	     254.1  	     237.4  	     239.1  	     242.3  	     239.5  	     
227.8  	     228.2  	     228.8  	     254.6  	     238.1  	     239.6  	     242.8  	     239.6  	     
228.9  	     229.2  	     229.7  	     255.1  	     238.6  	     240.6  	     243.7  	     240.7  	     
230.0  	     230.1  	     230.3  	     255.6  	     239.6  	     241.1  	     244.3  	     241.3  	     
231.0  	     231.1  	     231.4  	     256.2  	     240.2  	     239.5  	     242.6  	     239.8  	     
231.5  	     231.4  	     231.7  	     256.4  	     240.6  	     240.1  	     243.6  	     240.3  	     
232.1  	     232.0  	     231.8  	     256.5  	     240.9  	     240.5  	     243.9  	     240.8  	     
233.2  	     232.8  	     232.8  	     256.9  	     241.6  	     240.9  	     244.6  	     241.0  	     
234.0  	     233.7  	     233.3  	     257.1  	     242.0  	     241.6  	     245.0  	     241.9  	     
235.0  	     234.4  	     233.9  	     257.6  	     242.5  	     242.3  	     245.3  	     242.8  	     
235.8  	     235.2  	     234.7  	     257.9  	     243.1  	     242.8  	     245.9  	     243.6  	     
236.7  	     236.0  	     235.2  	     258.2  	     243.6  	     243.4  	     246.9  	     244.4  	     
237.4  	     236.7  	     236.2  	     258.6  	     244.2  	     244.9  	     248.0  	     244.5  	     
238.4  	     237.5  	     236.9  	     258.9  	     244.7  	     244.9  	     248.0  	     245.7  	     
239.1  	     238.1  	     237.2  	     259.0  	     245.4  	     245.2  	     248.6  	     246.0  	     
239.8  	     238.7  	     238.0  	     259.1  	     245.8  	     245.7  	     248.8  	     246.5  	     
240.5  	     239.3  	     238.3  	     259.2  	     246.3  	     246.2  	     249.3  	     246.9  	     
241.2  	     240.2  	     239.2  	     259.5  	     246.9  	     246.5  	     249.7  	     247.5  	     
241.9  	     240.7  	     240.0  	     259.9  	     247.3  	     247.0  	     250.2  	     248.0  	     
242.6  	     241.3  	     240.2  	     260.2  	     247.9  	     247.7  	     250.8  	     248.7  	     
243.2  	     241.8  	     240.9  	     260.4  	     248.3  	     248.0  	     251.4  	     249.1  	     
243.9  	     242.5  	     241.6  	     260.4  	     248.7  	     248.4  	     251.8  	     249.6  	     
244.5  	     243.1  	     242.2  	     260.5  	     249.8  	     248.9  	     252.2  	     249.9  	     
245.1  	     243.5  	     242.5  	     260.7  	     250.2  	     249.2  	     252.4  	     250.4  	     
245.6  	     244.0  	     243.3  	     260.8  	     250.6  	     249.6  	     252.7  	     250.7  	     
246.1  	     244.5  	     243.7  	     261.0  	     251.1  	     250.0  	     253.3  	     251.3  	     
246.9  	     244.9  	     244.0  	     261.3  	     251.5  	     250.5  	     253.7  	     251.7  	     
247.3  	     245.5  	     244.6  	     261.4  	     251.8  	     250.9  	     254.3  	     252.2  	     
247.8  	     245.9  	     244.7  	     261.5  	     252.2  	     251.3  	     254.4  	     252.5  	     
248.3  	     246.3  	     245.5  	     261.7  	     252.5  	     251.5  	     254.9  	     252.9  	     
248.8  	     246.7  	     245.9  	     261.6  	     253.0  	     251.9  	     255.2  	     253.4  	     
249.3  	     247.2  	     246.5  	     261.8  	     253.4  	     252.4  	     255.5  	     253.7  	     
249.8  	     247.6  	     246.9  	     262.0  	     253.7  	     252.5  	     255.9  	     253.9  	     
250.3  	     248.1  	     247.4  	     262.2  	     254.1  	     252.8  	     256.2  	     254.4  	     
250.6  	     248.4  	     247.8  	     262.4  	     254.5  	     253.0  	     256.5  	     254.6  	     
251.1  	     248.8  	     248.0  	     262.3  	     254.7  	     253.4  	     256.7  	     254.8  	     
251.5  	     249.1  	     248.6  	     262.4  	     255.0  	     253.6  	     256.9  	     255.1  	     
251.8  	     249.5  	     249.1  	     262.6  	     255.4  	     253.9  	     257.2  	     255.5  	     
252.3  	     249.9  	     249.4  	     262.6  	     255.6  	     254.3  	     257.7  	     255.9  	     
252.5  	     250.2  	     249.8  	     262.7  	     255.9  	     254.4  	     257.8  	     256.1  	     
253.0  	     250.4  	     250.1  	     262.7  	     256.2  	     254.9  	     258.1  	     256.4  	     
252.9  	     250.5  	     250.2  	     262.8  	     256.2  	     254.7  	     258.0  	     256.4  	     
253.3  	     250.8  	     250.9  	     262.9  	     256.4  	     255.0  	     258.3  	     256.6  	     
253.7  	     251.0  	     250.7  	     262.7  	     256.6  	     255.2  	     258.3  	     256.6  	     
253.8  	     251.4  	     251.0  	     262.4  	     256.6  	     255.2  	     258.4  	     256.7  	     
254.1  	     251.6  	     251.1  	     262.3  	     256.6  	     255.4  	     258.5  	     256.8  	     
254.3  	     251.7  	     251.1  	     262.4  	     257.0  	     255.5  	     258.7  	     256.9  	     
254.7  	     252.0  	     251.6  	     262.6  	     257.1  	     255.7  	     259.0  	     257.2  	     
254.9  	     252.2  	     252.0  	     262.7  	     257.3  	     255.9  	     259.1  	     257.6  	     
255.2  	     252.5  	     252.3  	     262.9  	     257.7  	     256.3  	     259.5  	     257.9  	     
255.6  	     252.8  	     252.7  	     262.9  	     257.9  	     256.4  	     259.9  	     258.0  	     
255.8  	     252.9  	     252.9  	     263.0  	     258.2  	     256.7  	     260.0  	     258.2  	     
256.1  	     253.2  	     253.3  	     263.1  	     258.3  	     256.9  	     260.2  	     258.4  	     
256.3  	     253.5  	     253.3  	     263.0  	     258.6  	     257.1  	     260.5  	     258.5  	     
256.6  	     253.6  	     253.7  	     263.1  	     258.7  	     257.1  	     260.5  	     258.8  	     
256.8  	     253.9  	     254.0  	     263.1  	     258.8  	     257.4  	     260.6  	     258.8  	     
257.0  	     254.0  	     253.9  	     263.0  	     259.0  	     257.4  	     260.9  	     258.9  	     
257.3  	     254.2  	     254.5  	     263.2  	     259.3  	     257.3  	     261.5  	     259.5  	     
257.5  	     254.4  	     254.8  	     263.2  	     259.3  	     257.7  	     261.1  	     259.9  	     
257.7  	     254.7  	     254.9  	     263.2  	     259.6  	     258.1  	     261.4  	     259.4  	     
258.0  	     255.0  	     255.3  	     263.4  	     259.7  	     257.9  	     261.4  	     259.6  	     
258.1  	     255.1  	     255.4  	     263.3  	     260.0  	     258.3  	     261.4  	     259.8  	     
258.4  	     255.3  	     255.7  	     263.4  	     260.2  	     258.3  	     261.6  	     260.1  	     
258.6  	     255.4  	     256.0  	     263.5  	     260.5  	     258.4  	     261.6  	     259.9  	     
258.8  	     255.6  	     256.0  	     263.6  	     260.6  	     258.8  	     261.9  	     260.3  	     
258.9  	     255.7  	     256.2  	     263.7  	     260.8  	     258.9  	     262.2  	     260.5  	     
259.2  	     255.9  	     256.7  	     263.8  	     261.0  	     259.2  	     262.2  	     260.5  	     
259.4  	     256.1  	     256.6  	     263.8  	     261.2  	     259.1  	     262.3  	     260.8  	     
259.5  	     256.2  	     256.9  	     263.8  	     261.2  	     259.4  	     262.4  	     260.8  	     
259.8  	     256.5  	     256.9  	     263.9  	     261.4  	     259.3  	     262.7  	     260.9  	     
259.9  	     256.6  	     257.1  	     263.9  	     261.5  	     259.4  	     262.7  	     260.8  	     
260.1  	     256.8  	     257.3  	     264.0  	     261.7  	     259.6  	     262.9  	     261.1  	     
260.2  	     256.9  	     257.5  	     263.9  	     261.8  	     259.8  	     262.8  	     261.1  	     
260.5  	     257.0  	     257.7  	     263.9  	     261.9  	     260.0  	     262.9  	     261.1  	     
260.6  	     257.3  	     258.1  	     263.9  	     262.1  	     259.9  	     263.2  	     261.3  	     
260.7  	     257.5  	     258.3  	     264.0  	     262.2  	     260.8  	     264.4  	     261.1  	     
260.9  	     257.6  	     258.5  	     264.0  	     262.3  	     259.7  	     263.7  	     261.5  	     
261.0  	     257.8  	     258.8  	     264.0  	     262.4  	     260.5  	     263.7  	     261.8  	     
261.2  	     257.9  	     258.6  	     264.1  	     262.5  	     260.7  	     264.2  	     261.7  	     
261.4  	     258.1  	     258.8  	     264.1  	     262.7  	     260.7  	     263.7  	     262.1  	     
261.5  	     258.1  	     258.9  	     264.2  	     262.7  	     260.7  	     263.9  	     262.1  	     
261.6  	     258.3  	     259.2  	     264.2  	     262.8  	     260.5  	     263.9  	     262.2  	     
261.7  	     258.3  	     259.3  	     264.3  	     263.0  	     260.8  	     264.0  	     262.3  	     
261.9  	     258.5  	     259.4  	     264.3  	     263.0  	     260.9  	     264.1  	     262.3  	     
261.9  	     258.5  	     259.5  	     264.3  	     263.1  	     261.2  	     264.2  	     262.4  	     
262.1  	     258.8  	     259.8  	     264.3  	     263.2  	     261.0  	     264.1  	     262.5  	     
262.2  	     258.8  	     259.8  	     264.4  	     263.4  	     261.2  	     264.2  	     262.5  	     
262.3  	     258.9  	     259.7  	     264.4  	     263.4  	     261.2  	     264.2  	     262.6  	     
262.4  	     259.1  	     260.1  	     264.4  	     263.5  	     261.2  	     264.4  	     262.8  	     
262.5  	     259.2  	     260.2  	     264.4  	     263.6  	     261.5  	     264.5  	     262.9  	     
262.7  	     259.3  	     260.3  	     264.4  	     263.6  	     261.5  	     264.6  	     262.7  	     
262.7  	     259.5  	     260.3  	     264.4  	     263.7  	     261.3  	     264.5  	     262.8  	     
262.8  	     259.4  	     260.5  	     264.3  	     263.7  	     261.3  	     264.5  	     262.7  	     
262.9  	     259.6  	     260.6  	     264.3  	     263.8  	     261.1  	     264.0  	     262.1  	     
263.0  	     259.6  	     260.8  	     264.4  	     263.9  	     261.4  	     264.8  	     263.0  	     
263.0  	     259.8  	     261.0  	     264.5  	     264.0  	     261.5  	     264.6  	     263.2  	     
263.1  	     259.7  	     261.1  	     264.5  	     264.1  	     262.1  	     265.3  	     263.4  	     
263.2  	     259.9  	     261.0  	     264.6  	     264.2  	     262.0  	     265.4  	     263.5  	     
263.3  	     260.1  	     261.2  	     264.6  	     264.3  	     262.4  	     265.3  	     263.7  	     
263.4  	     260.1  	     261.3  	     264.6  	     264.3  	     262.4  	     265.3  	     263.7  	     
263.4  	     260.1  	     261.2  	     264.6  	     264.5  	     262.3  	     265.3  	     263.6  	     
263.4  	     260.1  	     261.3  	     264.5  	     264.5  	     262.4  	     265.2  	     263.7  	     
263.6  	     260.3  	     261.6  	     264.5  	     264.5  	     262.4  	     265.3  	     263.7  	     
263.6  	     260.4  	     261.5  	     264.6  	     264.6  	     262.3  	     265.3  	     263.5  	     
263.7  	     260.4  	     261.7  	     264.6  	     264.6  	     262.3  	     265.4  	     263.8  	     
263.8  	     260.5  	     261.8  	     264.5  	     264.6  	     262.4  	     265.4  	     263.7  	     
263.9  	     260.6  	     261.8  	     264.6  	     264.7  	     262.4  	     265.6  	     264.1  	     
264.6  	     260.6  	     262.0  	     264.6  	     264.9  	     263.5  	     264.5  	     265.2  	     
264.1  	     260.7  	     262.0  	     264.6  	     264.9  	     260.5  	     266.0  	     264.9  	     
264.0  	     260.7  	     262.3  	     264.6  	     264.9  	     262.7  	     265.4  	     264.1  	     
264.1  	     260.8  	     262.0  	     264.7  	     265.0  	     263.8  	     264.6  	     264.9  	     
264.1  	     260.9  	     262.3  	     264.6  	     265.1  	     262.6  	     265.6  	     264.1  	     
264.2  	     260.9  	     262.5  	     264.6  	     265.1  	     262.8  	     265.4  	     264.2  	     
264.2  	     261.0  	     262.5  	     264.6  	     265.1  	     262.7  	     265.7  	     264.3  	     
264.2  	     261.1  	     262.5  	     264.6  	     265.2  	     265.9  	     263.5  	     261.7  	     
264.2  	     261.1  	     262.8  	     264.7  	     265.2  	     262.4  	     263.4  	     265.2  	     
264.4  	     261.1  	     262.7  	     264.6  	     265.3  	     262.1  	     264.0  	     263.5  	     
264.4  	     261.2  	     262.8  	     264.7  	     265.3  	     263.2  	     266.2  	     264.6  	     
264.6  	     261.2  	     262.7  	     264.6  	     265.4  	     263.2  	     266.1  	     264.7  	     
264.4  	     261.2  	     262.8  	     264.6  	     265.4  	     263.2  	     266.1  	     264.7  	     
264.6  	     261.2  	     263.2  	     264.6  	     265.4  	     263.2  	     266.3  	     264.7  	     
264.5  	     261.4  	     263.0  	     264.6  	     265.4  	     263.3  	     266.1  	     264.6  	     
264.6  	     261.5  	     263.2  	     264.6  	     265.5  	     262.9  	     265.8  	     264.4  	     
264.7  	     261.6  	     263.2  	     264.6  	     265.6  	     263.2  	     265.8  	     264.3  	     
264.6  	     261.6  	     263.2  	     264.8  	     265.6  	     263.6  	     266.6  	     263.8  	     
264.8  	     261.6  	     263.2  	     264.6  	     265.6  	     263.1  	     266.0  	     264.6  	     
264.8  	     261.6  	     263.3  	     264.6  	     265.6  	     263.2  	     265.9  	     264.4  	     
264.8  	     261.6  	     263.3  	     264.7  	     265.6  	     263.1  	     266.1  	     264.6  	     
264.7  	     261.6  	     263.3  	     264.7  	     265.6  	     263.1  	     266.1  	     264.6  	     
264.8  	     261.6  	     263.5  	     264.7  	     265.8  	     263.2  	     266.1  	     264.5  	     
264.9  	     261.8  	     263.4  	     264.6  	     265.8  	     263.2  	     266.1  	     264.7  	     
265.0  	     261.8  	     263.4  	     264.6  	     265.8  	     263.3  	     266.2  	     264.7  	     
264.9  	     261.9  	     263.7  	     264.6  	     265.8  	     263.3  	     266.1  	     264.7  	     
265.0  	     261.9  	     263.6  	     264.7  	     265.8  	     263.2  	     266.3  	     264.8  	     
265.1  	     261.9  	     263.6  	     264.6  	     265.8  	     263.5  	     266.4  	     265.0  	     
265.1  	     262.0  	     263.7  	     264.5  	     265.8  	     263.7  	     266.1  	     264.9  	     
265.0  	     261.9  	     263.4  	     264.2  	     265.7  	     263.8  	     265.8  	     264.3  	     
264.9  	     261.9  	     263.3  	     263.8  	     265.4  	     263.1  	     265.7  	     264.3  	     
264.6  	     261.8  	     262.8  	     263.3  	     265.1  	     262.9  	     265.1  	     263.7  	     
264.4  	     261.5  	     262.0  	     261.9  	     264.5  	     262.4  	     264.2  	     262.8  	     
264.1  	     261.2  	     261.2  	     260.8  	     263.7  	     261.5  	     263.2  	     262.0  	     
263.4  	     260.7  	     260.5  	     259.3  	     262.9  	     260.7  	     262.2  	     260.8  	     
262.8  	     260.2  	     259.4  	     257.9  	     262.0  	     260.1  	     260.8  	     260.1  	     
262.0  	     259.3  	     258.5  	     256.4  	     261.1  	     258.7  	     259.6  	     258.6  	     
261.2  	     258.6  	     257.4  	     254.6  	     259.8  	     257.3  	     258.1  	     257.2  	     
260.2  	     257.6  	     256.3  	     252.9  	     258.8  	     256.2  	     256.9  	     256.0  	     
259.3  	     256.7  	     255.1  	     251.1  	     257.6  	     255.0  	     255.6  	     254.7  	     
258.2  	     255.6  	     253.7  	     249.3  	     256.4  	     253.8  	     254.2  	     253.6  	     
257.2  	     254.7  	     252.5  	     247.5  	     255.2  	     252.5  	     252.9  	     252.1  	     
256.0  	     253.5  	     251.2  	     245.6  	     253.9  	     251.1  	     251.6  	     251.0  	     
255.0  	     252.3  	     250.0  	     243.5  	     252.4  	     249.6  	     250.1  	     249.5  	     
253.6  	     251.0  	     248.6  	     241.9  	     251.0  	     248.2  	     248.6  	     248.0  	     
252.4  	     249.8  	     247.5  	     239.9  	     249.6  	     246.9  	     247.4  	     246.4  	     
251.1  	     248.5  	     245.9  	     238.0  	     248.4  	     245.1  	     246.0  	     245.4  	     
250.9  	     248.4  	     245.9  	     237.8  	     248.1  	     245.1  	     245.8  	     245.4  	     
249.8  	     247.3  	     244.9  	     236.1  	     246.9  	     243.7  	     244.2  	     244.2  	     
248.4  	     246.0  	     243.5  	     234.1  	     245.4  	     242.4  	     243.6  	     243.3  	     
246.9  	     244.5  	     242.1  	     232.2  	     244.0  	     240.8  	     241.6  	     241.4  	     
245.5  	     243.4  	     240.9  	     230.3  	     242.6  	     239.4  	     240.2  	     239.8  	     
244.1  	     241.9  	     239.6  	     228.5  	     241.3  	     237.9  	     238.7  	     238.3  	     
242.7  	     240.5  	     238.5  	     226.6  	     239.7  	     236.5  	     237.4  	     237.1  	     
241.0  	     238.8  	     237.1  	     224.9  	     238.3  	     235.0  	     236.1  	     235.0  	     
239.7  	     237.5  	     236.0  	     223.0  	     236.8  	     233.2  	     234.6  	     233.9  	     
238.3  	     236.0  	     234.3  	     220.9  	     235.3  	     231.8  	     232.8  	     232.7  	     
237.0  	     234.6  	     233.0  	     219.0  	     234.0  	     230.2  	     231.4  	     231.1  	     
235.5  	     233.2  	     232.0  	     217.0  	     232.4  	     228.8  	     230.1  	     229.7  	     
233.9  	     231.9  	     230.3  	     215.2  	     230.9  	     227.4  	     228.7  	     228.3  	     
232.3  	     230.4  	     229.6  	     213.4  	     229.3  	     225.9  	     226.9  	     226.5  	     
230.8  	     229.0  	     227.9  	     211.4  	     227.8  	     224.5  	     225.3  	     225.2  	     
229.2  	     227.3  	     226.3  	     209.6  	     226.3  	     222.8  	     224.2  	     224.1  	     
227.8  	     226.0  	     224.8  	     207.9  	     224.7  	     221.4  	     222.8  	     222.6  	     
226.3  	     224.5  	     223.8  	     206.1  	     223.5  	     220.0  	     221.1  	     221.1  	     
224.7  	     223.1  	     222.3  	     204.4  	     222.1  	     218.3  	     219.7  	     219.5  	     
223.3  	     221.6  	     221.1  	     202.7  	     220.7  	     216.8  	     218.4  	     218.1  	     
221.7  	     220.2  	     219.8  	     201.1  	     219.4  	     215.4  	     216.8  	     216.7  	     
220.3  	     218.8  	     218.4  	     199.3  	     217.8  	     214.0  	     215.3  	     215.2  	     
218.7  	     217.4  	     217.0  	     197.5  	     216.3  	     212.4  	     213.9  	     213.8  	     
217.1  	     216.0  	     215.9  	     195.9  	     215.0  	     211.2  	     212.6  	     212.7  	     
215.7  	     214.4  	     214.4  	     194.5  	     213.5  	     209.5  	     211.2  	     211.2  	     
214.1  	     213.1  	     213.3  	     192.7  	     212.2  	     208.3  	     209.7  	     209.8  	     
212.7  	     211.6  	     211.6  	     191.1  	     210.7  	     206.6  	     208.6  	     208.4  	     
211.3  	     210.4  	     210.7  	     189.6  	     209.2  	     205.1  	     207.0  	     206.9  	     
209.8  	     209.0  	     209.2  	     188.1  	     207.9  	     203.6  	     205.4  	     205.2  	     
208.3  	     207.6  	     208.1  	     186.5  	     206.5  	     202.1  	     204.2  	     203.8  	     
207.0  	     206.2  	     206.6  	     184.9  	     205.2  	     200.5  	     202.7  	     202.7  	     
205.5  	     205.0  	     205.5  	     183.5  	     203.7  	     199.3  	     201.4  	     201.3  	     
204.1  	     203.3  	     204.0  	     182.0  	     202.3  	     197.7  	     200.0  	     200.1  	     
202.7  	     201.9  	     202.4  	     180.6  	     201.1  	     196.5  	     198.8  	     198.6  	     
201.3  	     200.6  	     201.4  	     179.3  	     199.8  	     195.2  	     197.4  	     197.3  	     
199.8  	     199.2  	     200.3  	     177.9  	     198.5  	     193.8  	     195.9  	     196.1  	     
198.4  	     197.8  	     199.1  	     176.6  	     197.1  	     192.4  	     194.8  	     194.7  	     
196.8  	     196.7  	     198.0  	     175.0  	     195.8  	     191.1  	     193.4  	     193.4  	     
195.5  	     195.3  	     196.7  	     173.7  	     194.5  	     189.8  	     192.3  	     192.2  	     
194.2  	     194.1  	     195.5  	     172.4  	     193.2  	     188.4  	     190.7  	     191.1  	     
192.8  	     192.9  	     194.3  	     171.0  	     192.1  	     187.2  	     189.7  	     189.8  	     
191.6  	     191.4  	     193.2  	     169.7  	     190.8  	     185.9  	     188.4  	     188.5  	     
190.3  	     190.2  	     192.0  	     168.5  	     189.4  	     184.6  	     187.3  	     187.3  	     
188.9  	     189.1  	     190.9  	     167.3  	     188.3  	     183.2  	     186.1  	     186.0  	     
187.6  	     187.8  	     189.2  	     166.0  	     187.1  	     182.1  	     185.0  	     185.0  	     
186.4  	     186.5  	     188.3  	     164.6  	     185.8  	     180.9  	     183.9  	     183.7  	     
185.1  	     185.4  	     187.2  	     163.4  	     184.8  	     179.8  	     182.7  	     182.6  	     
183.8  	     184.2  	     186.1  	     162.2  	     183.6  	     178.5  	     181.6  	     181.5  	     
182.4  	     183.0  	     185.1  	     161.2  	     182.2  	     177.2  	     180.4  	     180.3  	     
181.2  	     181.8  	     183.9  	     160.1  	     181.0  	     176.0  	     179.0  	     179.2  	     
180.3  	     180.6  	     182.8  	     158.9  	     179.9  	     174.8  	     177.9  	     178.1  	     
179.0  	     179.4  	     181.7  	     157.7  	     178.8  	     173.6  	     176.8  	     177.0  	     
177.9  	     178.2  	     180.4  	     156.6  	     177.7  	     172.5  	     176.0  	     175.9  	     
176.5  	     177.1  	     179.5  	     155.6  	     176.6  	     171.3  	     174.6  	     174.7  	     
175.4  	     175.9  	     178.4  	     154.6  	     175.5  	     170.3  	     173.8  	     173.6  	     
174.2  	     174.8  	     177.3  	     153.6  	     174.3  	     169.5  	     172.9  	     172.9  	     
173.1  	     173.7  	     176.5  	     152.7  	     173.3  	     168.3  	     171.8  	     171.7  	     
172.0  	     172.7  	     175.4  	     151.5  	     172.2  	     167.4  	     170.8  	     170.8  	     
170.9  	     171.7  	     174.2  	     150.4  	     171.3  	     166.2  	     169.4  	     169.3  	     
169.8  	     170.7  	     173.3  	     149.5  	     170.3  	     165.3  	     168.8  	     168.9  	     
168.8  	     169.6  	     172.3  	     148.4  	     169.1  	     164.3  	     168.4  	     167.4  	     
167.6  	     168.6  	     171.4  	     147.6  	     168.0  	     163.4  	     166.7  	     167.6  	     
166.6  	     167.3  	     170.4  	     146.6  	     167.0  	     161.9  	     165.7  	     165.6  	     
165.6  	     166.3  	     169.5  	     145.6  	     166.1  	     161.0  	     165.0  	     164.8  	     
164.6  	     165.1  	     168.1  	     144.8  	     165.0  	     160.2  	     164.0  	     163.8  	     
163.6  	     164.2  	     167.5  	     144.1  	     164.2  	     159.0  	     162.8  	     162.8  	     
162.5  	     163.2  	     166.5  	     143.0  	     163.2  	     158.2  	     162.1  	     162.0  	     
161.5  	     162.3  	     165.5  	     142.4  	     162.3  	     157.1  	     161.2  	     161.1  	     
160.4  	     161.4  	     164.7  	     141.5  	     161.3  	     156.4  	     160.2  	     160.2  	     
159.6  	     160.5  	     163.9  	     140.7  	     160.3  	     155.9  	     159.3  	     159.1  	     
158.6  	     159.5  	     162.9  	     139.8  	     159.3  	     154.2  	     158.2  	     158.4  	     
157.6  	     158.6  	     162.0  	     139.0  	     158.5  	     153.6  	     157.4  	     157.4  	     
156.7  	     157.7  	     161.2  	     138.3  	     157.6  	     152.5  	     156.6  	     156.5  	     
155.8  	     156.9  	     160.2  	     137.6  	     156.7  	     151.6  	     155.5  	     155.4  	     
154.8  	     155.9  	     159.4  	     136.7  	     155.9  	     151.0  	     154.9  	     154.6  	     
153.9  	     155.0  	     158.4  	     136.1  	     155.0  	     150.0  	     154.2  	     153.9  	     
153.0  	     154.2  	     157.6  	     135.5  	     154.2  	     149.2  	     153.2  	     153.2  	     
152.1  	     153.3  	     157.1  	     134.8  	     153.3  	     148.8  	     152.3  	     152.4  	     
151.3  	     152.3  	     155.8  	     134.1  	     152.4  	     148.0  	     151.8  	     151.8  	     
150.4  	     151.6  	     155.1  	     133.3  	     151.6  	     146.8  	     150.7  	     150.8  	     
149.5  	     150.8  	     154.3  	     132.7  	     150.8  	     146.0  	     150.0  	     150.0  	     
148.8  	     150.0  	     153.4  	     131.9  	     150.1  	     145.4  	     149.5  	     149.2  	     
147.8  	     149.2  	     152.7  	     131.4  	     149.3  	     144.7  	     148.6  	     148.2  	     
147.0  	     148.4  	     151.8  	     130.7  	     148.5  	     143.7  	     147.7  	     147.5  	     
146.2  	     147.6  	     151.1  	     130.1  	     147.7  	     143.1  	     147.2  	     146.9  	     
145.4  	     146.8  	     150.4  	     129.5  	     146.8  	     142.5  	     146.2  	     146.2  	     
144.5  	     145.9  	     149.6  	     128.6  	     146.1  	     141.8  	     145.7  	     145.5  	     
143.8  	     145.2  	     148.7  	     128.1  	     145.4  	     141.2  	     144.9  	     144.8  	     
143.0  	     144.3  	     148.0  	     127.5  	     144.6  	     140.2  	     144.1  	     144.1  	     
142.2  	     143.7  	     147.3  	     127.0  	     143.8  	     139.6  	     143.5  	     143.2  	     
141.6  	     143.1  	     146.6  	     126.5  	     143.2  	     138.9  	     142.7  	     142.8  	     