
G17-PTC7  	G17-PTC9  	G17-PTC10  	G17-PTC11  	G17-PTC12  	
Deg.F  	     Deg.F  	     Deg.F  	     Deg.F  	     Deg.F  	     
77.6  	     78.9  	     77.5  	     79.0  	     80.0  	     
77.6  	     78.9  	     77.5  	     79.0  	     80.0  	     
77.6  	     78.9  	     77.5  	     79.0  	     80.0  	     
77.6  	     78.9  	     77.5  	     79.0  	     80.0  	     
77.7  	     79.6  	     77.7  	     79.7  	     80.5  	     
78.0  	     80.6  	     78.6  	     80.8  	     81.2  	     
78.5  	     81.6  	     79.2  	     81.8  	     82.2  	     
79.2  	     82.8  	     80.1  	     83.0  	     83.4  	     
80.1  	     84.3  	     81.3  	     84.6  	     84.8  	     
81.2  	     86.3  	     82.7  	     86.4  	     86.5  	     
82.5  	     88.4  	     84.2  	     88.4  	     88.4  	     
84.0  	     90.7  	     86.1  	     91.0  	     90.8  	     
85.6  	     92.6  	     87.8  	     92.7  	     92.5  	     
87.1  	     94.2  	     89.1  	     94.7  	     94.3  	     
87.4  	     94.9  	     89.5  	     95.3  	     94.8  	     
88.6  	     95.9  	     90.4  	     96.4  	     96.1  	     
89.9  	     97.6  	     91.9  	     98.3  	     97.8  	     
91.2  	     99.5  	     93.2  	     100.1  	     99.4  	     
92.6  	     101.0  	     94.5  	     102.0  	     101.0  	     
94.0  	     102.4  	     95.7  	     103.4  	     102.4  	     
95.0  	     104.0  	     96.9  	     105.0  	     103.7  	     
96.1  	     105.0  	     97.9  	     106.3  	     104.7  	     
97.3  	     106.4  	     98.9  	     107.7  	     105.9  	     
98.3  	     107.5  	     99.9  	     108.8  	     107.0  	     
99.4  	     108.8  	     100.9  	     110.1  	     108.1  	     
100.5  	     109.6  	     101.8  	     111.1  	     109.0  	     
100.5  	     110.2  	     102.1  	     111.6  	     109.3  	     
101.5  	     111.1  	     102.7  	     112.5  	     110.1  	     
102.6  	     113.1  	     104.4  	     114.4  	     111.6  	     
104.0  	     115.0  	     106.0  	     116.5  	     113.3  	     
105.8  	     117.5  	     108.0  	     118.7  	     115.4  	     
107.7  	     119.9  	     110.3  	     121.2  	     117.8  	     
109.6  	     122.9  	     112.5  	     124.3  	     120.3  	     
111.7  	     125.5  	     114.9  	     127.0  	     123.1  	     
114.3  	     129.1  	     117.6  	     130.5  	     126.4  	     
116.7  	     132.2  	     120.5  	     133.9  	     129.6  	     
119.3  	     135.8  	     123.3  	     137.6  	     133.1  	     
122.0  	     139.6  	     126.3  	     141.3  	     136.6  	     
125.1  	     143.4  	     129.5  	     145.3  	     140.3  	     
128.3  	     147.4  	     132.6  	     149.2  	     144.1  	     
131.4  	     151.4  	     135.8  	     153.5  	     148.0  	     
134.3  	     155.4  	     139.1  	     157.7  	     152.0  	     
137.7  	     159.6  	     142.7  	     162.0  	     156.1  	     
141.0  	     163.8  	     146.0  	     166.6  	     160.1  	     
144.4  	     168.0  	     149.7  	     171.2  	     164.3  	     
147.9  	     172.5  	     153.2  	     175.6  	     168.7  	     
151.3  	     177.1  	     156.9  	     180.1  	     172.9  	     
155.1  	     180.9  	     160.7  	     184.6  	     177.3  	     
158.7  	     185.6  	     164.4  	     189.6  	     181.7  	     
162.4  	     190.2  	     168.2  	     194.2  	     186.2  	     
166.3  	     194.0  	     171.6  	     198.2  	     190.3  	     
169.1  	     197.2  	     174.5  	     201.8  	     193.9  	     
172.3  	     200.3  	     177.3  	     205.0  	     197.3  	     
175.1  	     203.3  	     179.8  	     208.1  	     200.3  	     
177.8  	     205.2  	     182.1  	     210.4  	     202.9  	     
180.2  	     208.1  	     184.2  	     213.3  	     205.2  	     
182.5  	     210.0  	     186.5  	     215.4  	     207.5  	     
184.4  	     211.8  	     188.5  	     217.4  	     209.4  	     
186.5  	     213.6  	     190.2  	     219.1  	     211.2  	     
188.5  	     214.6  	     191.9  	     220.2  	     212.7  	     
190.1  	     216.1  	     193.6  	     222.1  	     214.2  	     
191.9  	     217.4  	     195.2  	     223.3  	     215.5  	     
193.5  	     218.3  	     196.8  	     224.1  	     216.6  	     
194.8  	     219.5  	     198.0  	     225.2  	     217.7  	     
196.4  	     220.3  	     199.5  	     226.0  	     218.7  	     
197.8  	     220.9  	     200.7  	     226.5  	     219.5  	     
199.1  	     221.8  	     202.0  	     227.4  	     220.4  	     
200.7  	     222.4  	     203.3  	     227.9  	     221.3  	     
202.1  	     223.1  	     204.5  	     228.4  	     221.9  	     
203.1  	     223.7  	     205.6  	     229.0  	     222.7  	     
204.1  	     224.1  	     206.5  	     229.1  	     223.1  	     
205.3  	     224.6  	     207.7  	     229.6  	     223.8  	     
206.4  	     225.0  	     208.7  	     230.0  	     224.3  	     
207.4  	     225.5  	     209.8  	     230.3  	     224.9  	     
208.5  	     225.8  	     210.6  	     230.5  	     225.4  	     
209.5  	     226.3  	     211.5  	     230.8  	     225.8  	     
210.7  	     226.7  	     212.4  	     231.0  	     226.2  	     
211.3  	     226.9  	     213.2  	     231.2  	     226.6  	     
212.0  	     227.3  	     214.1  	     231.3  	     226.9  	     
212.9  	     227.6  	     214.8  	     231.5  	     227.3  	     
213.8  	     227.8  	     215.6  	     231.7  	     227.6  	     
214.5  	     228.1  	     216.4  	     231.7  	     227.9  	     
215.1  	     228.2  	     217.1  	     231.8  	     228.2  	     
216.0  	     228.5  	     217.7  	     231.9  	     228.5  	     
216.6  	     228.7  	     218.3  	     232.0  	     228.8  	     
217.3  	     228.9  	     218.8  	     232.1  	     229.0  	     
218.0  	     229.0  	     219.5  	     232.2  	     229.3  	     
218.5  	     229.1  	     219.9  	     232.2  	     229.5  	     
219.1  	     229.4  	     220.5  	     232.2  	     229.7  	     
219.6  	     229.4  	     221.0  	     232.3  	     229.9  	     
220.2  	     229.6  	     221.5  	     232.4  	     230.0  	     
220.9  	     229.8  	     222.0  	     232.4  	     230.3  	     
221.2  	     229.9  	     222.4  	     232.4  	     230.3  	     
221.7  	     230.0  	     223.0  	     232.4  	     230.5  	     
222.1  	     230.2  	     223.3  	     232.5  	     230.7  	     
222.6  	     230.2  	     223.7  	     232.5  	     230.9  	     
222.9  	     230.2  	     224.1  	     232.5  	     230.9  	     
223.4  	     230.4  	     224.4  	     232.5  	     231.0  	     
223.8  	     230.5  	     224.8  	     232.6  	     231.2  	     
224.0  	     230.6  	     225.2  	     232.6  	     231.3  	     
224.3  	     230.6  	     225.5  	     232.5  	     231.4  	     
224.7  	     230.8  	     225.8  	     232.6  	     231.5  	     
225.1  	     230.8  	     226.0  	     232.5  	     231.6  	     
225.1  	     231.0  	     226.1  	     232.7  	     231.6  	     
225.7  	     232.0  	     227.1  	     233.7  	     232.3  	     
227.0  	     233.2  	     228.3  	     234.9  	     233.2  	     
227.8  	     234.9  	     229.8  	     236.5  	     234.7  	     
229.5  	     236.8  	     231.7  	     238.3  	     236.4  	     
231.0  	     239.0  	     233.5  	     240.4  	     238.4  	     
232.7  	     240.5  	     235.1  	     242.0  	     240.0  	     
234.1  	     242.0  	     236.3  	     243.4  	     241.6  	     
235.4  	     243.5  	     237.5  	     244.9  	     243.1  	     
236.5  	     244.5  	     238.4  	     246.2  	     244.2  	     
237.7  	     245.7  	     239.5  	     247.4  	     245.4  	     
238.6  	     246.7  	     240.4  	     248.4  	     246.4  	     
239.2  	     247.2  	     240.7  	     249.0  	     247.0  	     
239.5  	     246.6  	     240.8  	     248.2  	     246.9  	     
239.8  	     247.7  	     241.0  	     249.7  	     247.6  	     
240.5  	     248.5  	     241.8  	     250.4  	     248.2  	     
241.3  	     249.2  	     242.5  	     251.0  	     248.9  	     
241.7  	     249.7  	     243.1  	     251.6  	     249.4  	     
242.8  	     250.4  	     243.7  	     252.1  	     249.9  	     
243.2  	     250.8  	     244.3  	     252.7  	     250.4  	     
243.7  	     251.3  	     244.9  	     253.2  	     250.9  	     
244.3  	     251.9  	     245.5  	     253.7  	     251.4  	     
245.1  	     252.3  	     246.0  	     254.0  	     251.9  	     
245.4  	     252.6  	     246.6  	     254.5  	     252.3  	     
246.1  	     252.9  	     247.1  	     254.9  	     252.8  	     
246.5  	     253.3  	     247.5  	     255.1  	     253.1  	     
247.0  	     253.7  	     247.9  	     255.4  	     253.5  	     
247.5  	     254.0  	     248.3  	     255.7  	     253.7  	     
248.0  	     254.2  	     248.7  	     255.9  	     254.0  	     
248.2  	     254.4  	     249.1  	     256.2  	     254.3  	     
248.6  	     254.6  	     249.4  	     256.3  	     254.6  	     
249.2  	     254.9  	     249.8  	     256.4  	     254.9  	     
249.4  	     255.0  	     250.1  	     256.6  	     255.0  	     
249.7  	     255.1  	     250.4  	     256.7  	     255.3  	     
250.1  	     255.4  	     250.7  	     256.9  	     255.5  	     
250.4  	     255.5  	     251.1  	     257.0  	     255.6  	     
250.6  	     255.6  	     251.3  	     257.1  	     255.8  	     
250.8  	     255.8  	     251.5  	     257.2  	     255.9  	     
251.2  	     255.8  	     251.8  	     257.2  	     256.1  	     
251.5  	     256.0  	     252.0  	     257.3  	     256.3  	     
251.7  	     256.0  	     252.3  	     257.4  	     256.3  	     
252.0  	     256.1  	     252.5  	     257.5  	     256.5  	     
252.4  	     256.3  	     252.8  	     257.6  	     256.7  	     
252.5  	     256.3  	     253.1  	     257.6  	     256.8  	     
252.6  	     256.4  	     253.2  	     257.6  	     256.8  	     
252.8  	     256.6  	     253.5  	     257.6  	     257.0  	     
253.1  	     256.6  	     253.6  	     257.7  	     257.0  	     
253.4  	     256.6  	     253.8  	     257.6  	     257.0  	     
253.7  	     256.6  	     253.9  	     257.7  	     257.0  	     
253.6  	     256.6  	     254.1  	     257.7  	     257.2  	     
253.9  	     256.7  	     254.3  	     257.8  	     257.2  	     
254.1  	     256.9  	     254.5  	     257.7  	     257.2  	     
254.2  	     256.8  	     254.6  	     257.8  	     257.3  	     
254.4  	     256.9  	     254.7  	     257.8  	     257.3  	     
254.5  	     256.9  	     255.0  	     257.8  	     257.3  	     
254.7  	     257.1  	     255.1  	     257.9  	     257.5  	     
255.0  	     257.1  	     255.2  	     257.9  	     257.5  	     
255.1  	     257.1  	     255.4  	     257.9  	     257.5  	     
255.3  	     257.2  	     255.6  	     257.9  	     257.5  	     
255.4  	     257.2  	     255.7  	     257.9  	     257.5  	     
255.6  	     257.3  	     255.7  	     258.0  	     257.5  	     
255.6  	     257.3  	     255.8  	     257.9  	     257.5  	     
255.9  	     257.3  	     255.9  	     257.9  	     257.6  	     
256.0  	     257.3  	     256.1  	     257.9  	     257.5  	     
256.0  	     257.4  	     256.1  	     257.9  	     257.6  	     
256.3  	     257.4  	     256.2  	     258.0  	     257.6  	     
256.3  	     257.4  	     256.2  	     257.8  	     257.6  	     
256.3  	     257.5  	     256.4  	     257.9  	     257.7  	     
256.4  	     257.6  	     256.4  	     257.9  	     257.7  	     
256.6  	     257.5  	     256.6  	     257.9  	     257.7  	     
256.8  	     257.6  	     256.7  	     257.9  	     257.7  	     
256.6  	     257.6  	     256.7  	     257.9  	     257.6  	     
256.9  	     257.6  	     256.8  	     257.9  	     257.7  	     
256.9  	     257.6  	     256.8  	     257.9  	     257.7  	     
256.8  	     257.6  	     256.8  	     257.8  	     257.6  	     
257.2  	     257.6  	     256.8  	     257.8  	     257.7  	     
257.1  	     257.6  	     256.9  	     257.9  	     257.6  	     
257.1  	     257.6  	     256.9  	     257.9  	     257.7  	     
257.2  	     257.6  	     256.9  	     257.8  	     257.7  	     
257.0  	     257.6  	     256.9  	     257.8  	     257.7  	     
257.3  	     257.5  	     256.9  	     257.8  	     257.7  	     
257.0  	     257.6  	     256.9  	     257.8  	     257.7  	     
257.2  	     257.6  	     257.0  	     257.8  	     257.8  	     
257.1  	     257.6  	     257.0  	     257.8  	     257.8  	     
257.1  	     257.6  	     257.0  	     257.8  	     257.9  	     
257.1  	     257.6  	     257.1  	     257.7  	     257.8  	     
257.2  	     257.6  	     257.1  	     257.8  	     257.8  	     
257.2  	     257.5  	     257.1  	     257.8  	     258.0  	     
257.3  	     257.5  	     257.2  	     257.8  	     257.9  	     
257.5  	     257.6  	     257.3  	     257.9  	     258.0  	     
257.6  	     257.6  	     257.3  	     257.9  	     257.9  	     
257.3  	     257.6  	     257.3  	     257.8  	     258.0  	     
257.4  	     257.6  	     257.3  	     257.8  	     257.9  	     
257.5  	     257.6  	     257.3  	     257.9  	     258.0  	     
257.6  	     257.7  	     257.6  	     257.9  	     258.0  	     
257.5  	     257.6  	     257.4  	     257.8  	     258.0  	     
257.6  	     257.6  	     257.5  	     257.8  	     258.0  	     
257.5  	     257.6  	     257.5  	     257.8  	     258.0  	     
257.5  	     257.6  	     257.3  	     257.9  	     257.9  	     
257.6  	     257.6  	     257.5  	     257.8  	     257.9  	     
257.6  	     257.7  	     257.4  	     258.0  	     258.0  	     
257.7  	     257.7  	     257.7  	     257.9  	     258.0  	     
257.7  	     257.8  	     257.7  	     257.9  	     258.0  	     
257.6  	     257.9  	     257.6  	     257.8  	     258.1  	     
257.7  	     257.8  	     257.7  	     257.9  	     258.0  	     
257.8  	     257.6  	     257.6  	     257.8  	     258.0  	     
257.4  	     257.0  	     256.9  	     257.1  	     257.4  	     
257.1  	     256.4  	     256.4  	     256.5  	     257.1  	     
256.6  	     255.7  	     255.8  	     255.7  	     256.3  	     
256.2  	     254.5  	     255.2  	     254.3  	     255.4  	     
255.4  	     253.8  	     254.5  	     253.7  	     254.5  	     
254.7  	     252.5  	     253.4  	     252.3  	     253.4  	     
253.9  	     250.9  	     252.7  	     250.6  	     251.9  	     
252.9  	     249.6  	     251.7  	     249.2  	     250.7  	     
251.7  	     248.0  	     250.0  	     247.6  	     249.1  	     
250.6  	     246.3  	     248.6  	     245.8  	     247.2  	     
249.4  	     244.2  	     247.2  	     243.5  	     245.5  	     
248.3  	     242.2  	     245.8  	     241.4  	     243.8  	     
246.9  	     240.3  	     244.3  	     239.6  	     241.9  	     
245.2  	     238.5  	     242.7  	     237.2  	     239.8  	     
243.7  	     236.1  	     240.9  	     234.7  	     237.7  	     
242.0  	     233.8  	     239.1  	     232.2  	     235.6  	     
240.4  	     231.2  	     237.3  	     229.4  	     233.3  	     
240.0  	     230.9  	     237.1  	     229.0  	     232.9  	     
238.4  	     228.8  	     235.4  	     226.9  	     230.9  	     
236.5  	     226.6  	     233.4  	     224.6  	     228.6  	     
234.6  	     224.0  	     231.3  	     221.6  	     226.0  	     
232.7  	     221.2  	     229.2  	     218.8  	     223.3  	     
230.7  	     218.6  	     227.1  	     215.9  	     220.9  	     
228.6  	     215.9  	     225.0  	     212.9  	     218.2  	     
226.8  	     213.3  	     222.7  	     209.8  	     215.6  	     
224.3  	     210.3  	     220.5  	     206.7  	     212.7  	     
222.1  	     207.0  	     218.0  	     203.4  	     210.0  	     
219.7  	     204.2  	     215.5  	     200.4  	     207.0  	     
217.2  	     201.2  	     212.9  	     197.3  	     204.2  	     
214.6  	     198.2  	     210.4  	     193.9  	     201.0  	     
212.3  	     195.3  	     208.0  	     190.7  	     198.3  	     
209.5  	     192.2  	     205.4  	     187.4  	     195.2  	     
207.2  	     188.8  	     202.7  	     183.9  	     192.1  	     
204.8  	     186.2  	     200.1  	     181.0  	     189.1  	     
202.2  	     182.7  	     197.7  	     177.5  	     186.2  	     
199.6  	     179.7  	     195.2  	     174.3  	     182.9  	     
197.0  	     176.6  	     192.6  	     171.0  	     179.9  	     
194.4  	     173.7  	     190.1  	     168.1  	     176.9  	     
192.0  	     170.8  	     187.6  	     164.9  	     174.1  	     
189.5  	     167.7  	     185.0  	     161.8  	     171.1  	     
186.9  	     165.5  	     182.6  	     159.2  	     168.6  	     
184.6  	     162.7  	     180.3  	     156.3  	     165.8  	     
182.4  	     159.9  	     177.9  	     153.6  	     163.2  	     
179.9  	     157.5  	     175.6  	     150.9  	     160.6  	     
177.7  	     155.0  	     173.3  	     148.5  	     158.1  	     
175.4  	     152.7  	     171.0  	     146.1  	     155.8  	     
173.2  	     150.5  	     168.8  	     143.9  	     153.4  	     
171.0  	     148.2  	     166.7  	     141.5  	     151.2  	     
168.6  	     145.9  	     164.5  	     139.3  	     148.8  	     
166.7  	     143.8  	     162.5  	     137.3  	     146.6  	     
164.5  	     141.8  	     160.5  	     135.3  	     144.6  	     
162.7  	     140.0  	     158.4  	     133.4  	     142.8  	     
160.6  	     138.2  	     156.7  	     131.7  	     140.9  	     
158.7  	     136.5  	     154.8  	     130.0  	     139.1  	     
156.9  	     134.7  	     152.9  	     128.4  	     137.3  	     
155.0  	     133.1  	     151.5  	     126.8  	     135.5  	     
153.2  	     131.5  	     149.6  	     125.2  	     133.9  	     
151.6  	     130.0  	     147.7  	     123.8  	     132.4  	     
150.0  	     128.6  	     146.1  	     122.3  	     130.8  	     
148.3  	     127.0  	     144.5  	     121.1  	     129.2  	     
147.9  	     126.8  	     144.1  	     120.8  	     129.0  	     
146.8  	     125.7  	     142.9  	     119.4  	     127.7  	     
145.1  	     124.3  	     141.3  	     118.2  	     126.3  	     
143.8  	     123.3  	     140.2  	     117.0  	     124.7  	     
142.8  	     122.2  	     139.2  	     115.9  	     123.5  	     
142.0  	     121.3  	     138.6  	     114.9  	     122.2  	     
141.9  	     121.3  	     138.6  	     114.9  	     122.0  	     