
G17-PTC7  	G17-PTC9  	G17-PTC10  	G17-PTC11  	G17-PTC12  	G17-PTC14  	G17-PTC15  	G17-PTC16  	
Deg.F  	     Deg.F  	     Deg.F  	     Deg.F  	     Deg.F  	     Deg.F  	     Deg.F  	     Deg.F  	     
76.1  	     74.7  	     74.2  	     75.3  	     77.3  	     76.3  	     74.0  	     74.2  	     
76.1  	     74.7  	     74.2  	     75.3  	     77.3  	     76.3  	     74.0  	     74.2  	     
76.1  	     74.7  	     74.2  	     75.3  	     77.3  	     76.3  	     74.0  	     74.2  	     
76.1  	     74.7  	     74.2  	     75.3  	     77.3  	     76.3  	     74.0  	     74.2  	     
77.0  	     74.9  	     74.5  	     75.8  	     77.7  	     77.0  	     74.2  	     74.4  	     
77.6  	     75.3  	     75.0  	     76.2  	     78.7  	     77.5  	     74.4  	     74.6  	     
78.7  	     76.0  	     75.8  	     77.1  	     80.0  	     78.3  	     74.8  	     74.8  	     
80.3  	     76.7  	     76.5  	     77.8  	     82.1  	     79.2  	     75.2  	     75.1  	     
81.7  	     77.6  	     77.5  	     78.9  	     84.3  	     80.4  	     75.7  	     75.4  	     
83.8  	     78.6  	     78.5  	     80.1  	     87.3  	     81.7  	     76.3  	     75.8  	     
85.7  	     79.9  	     79.7  	     81.5  	     90.6  	     83.2  	     76.8  	     76.3  	     
88.2  	     81.1  	     81.0  	     83.3  	     94.4  	     85.0  	     77.9  	     77.0  	     
90.4  	     82.5  	     82.5  	     85.0  	     98.5  	     86.8  	     79.0  	     77.8  	     
92.4  	     83.9  	     83.5  	     86.6  	     102.4  	     88.6  	     80.3  	     78.9  	     
93.0  	     84.3  	     84.0  	     87.3  	     103.5  	     89.3  	     80.7  	     79.1  	     
94.3  	     84.9  	     84.7  	     88.3  	     105.4  	     90.4  	     81.5  	     79.8  	     
95.9  	     85.8  	     85.4  	     89.7  	     108.1  	     91.8  	     82.6  	     80.8  	     
97.6  	     86.6  	     86.3  	     91.2  	     110.7  	     93.4  	     83.8  	     81.7  	     
99.1  	     87.5  	     86.9  	     92.5  	     112.3  	     94.9  	     84.9  	     82.8  	     
100.5  	     88.6  	     88.0  	     93.9  	     114.2  	     96.5  	     86.0  	     83.6  	     
101.6  	     89.2  	     88.9  	     95.1  	     115.2  	     97.8  	     87.1  	     84.6  	     
102.9  	     90.2  	     90.0  	     96.4  	     116.4  	     99.0  	     88.1  	     85.5  	     
103.8  	     91.0  	     90.6  	     97.3  	     117.2  	     100.2  	     89.1  	     86.4  	     
105.2  	     91.9  	     91.6  	     98.4  	     117.9  	     101.4  	     90.1  	     87.3  	     
105.9  	     92.6  	     91.8  	     99.3  	     118.4  	     102.3  	     90.9  	     88.0  	     
106.9  	     93.6  	     93.2  	     100.5  	     118.8  	     103.4  	     91.8  	     88.9  	     
107.1  	     93.8  	     93.3  	     100.8  	     118.9  	     103.8  	     92.0  	     89.2  	     
107.9  	     94.4  	     94.2  	     101.4  	     119.3  	     104.7  	     92.6  	     89.8  	     
110.1  	     95.7  	     95.4  	     103.0  	     120.5  	     106.3  	     93.5  	     90.4  	     
112.2  	     97.3  	     97.2  	     104.8  	     122.8  	     108.2  	     94.9  	     91.6  	     
114.6  	     98.9  	     98.6  	     106.7  	     125.6  	     110.2  	     96.1  	     92.6  	     
117.2  	     100.9  	     100.4  	     108.8  	     129.2  	     112.7  	     97.7  	     94.0  	     
120.3  	     102.9  	     102.4  	     111.2  	     132.8  	     115.3  	     99.5  	     95.2  	     
123.4  	     104.7  	     104.3  	     113.6  	     137.0  	     118.1  	     101.2  	     96.8  	     
126.7  	     107.1  	     106.5  	     116.4  	     141.3  	     121.0  	     103.2  	     98.5  	     
130.0  	     109.3  	     108.7  	     119.0  	     145.9  	     123.9  	     105.3  	     100.3  	     
133.5  	     111.7  	     111.0  	     122.1  	     150.7  	     127.1  	     107.4  	     102.2  	     
137.2  	     113.9  	     113.5  	     125.1  	     155.7  	     130.3  	     109.5  	     104.1  	     
140.9  	     116.4  	     115.7  	     128.2  	     160.4  	     133.6  	     111.9  	     105.9  	     
144.6  	     118.9  	     118.0  	     131.4  	     165.1  	     137.0  	     114.1  	     108.0  	     
148.6  	     121.5  	     120.6  	     134.6  	     169.7  	     140.7  	     116.6  	     110.3  	     
152.6  	     124.1  	     123.2  	     138.2  	     174.7  	     144.5  	     119.1  	     112.4  	     
156.5  	     126.8  	     125.8  	     141.6  	     179.8  	     148.0  	     121.7  	     114.8  	     
160.5  	     129.6  	     129.0  	     145.1  	     184.4  	     151.6  	     124.3  	     117.2  	     
164.4  	     132.6  	     131.5  	     148.7  	     190.0  	     155.5  	     127.0  	     119.6  	     
168.7  	     135.2  	     134.7  	     152.5  	     194.6  	     159.3  	     129.9  	     122.2  	     
172.9  	     138.4  	     137.6  	     156.1  	     199.3  	     163.4  	     132.7  	     125.0  	     
176.9  	     141.4  	     140.2  	     159.9  	     204.2  	     167.3  	     135.8  	     127.6  	     
181.1  	     144.7  	     143.5  	     163.6  	     209.7  	     171.2  	     138.9  	     130.2  	     
185.3  	     147.3  	     146.4  	     167.4  	     214.2  	     175.3  	     141.9  	     133.0  	     
188.8  	     150.4  	     149.4  	     171.0  	     219.2  	     178.9  	     145.0  	     135.9  	     
191.7  	     152.6  	     152.1  	     174.1  	     222.2  	     182.3  	     148.1  	     138.7  	     
194.3  	     155.0  	     154.2  	     177.1  	     224.8  	     185.5  	     151.0  	     141.6  	     
196.5  	     157.3  	     156.5  	     179.9  	     226.7  	     188.2  	     153.7  	     144.2  	     
199.0  	     159.5  	     158.7  	     182.4  	     228.7  	     190.9  	     156.2  	     146.8  	     
201.0  	     161.3  	     160.8  	     184.9  	     229.3  	     193.2  	     158.6  	     149.3  	     
202.9  	     163.4  	     162.9  	     187.1  	     230.5  	     195.5  	     161.0  	     151.6  	     
204.6  	     165.2  	     164.7  	     189.2  	     231.4  	     197.7  	     163.1  	     153.9  	     
206.1  	     167.1  	     166.8  	     191.1  	     231.5  	     199.6  	     165.2  	     156.0  	     
207.5  	     169.1  	     168.7  	     193.0  	     231.9  	     201.3  	     167.3  	     158.2  	     
208.7  	     170.9  	     170.4  	     194.6  	     231.7  	     203.1  	     169.3  	     160.3  	     
210.0  	     172.4  	     172.3  	     196.4  	     232.1  	     204.7  	     171.4  	     162.4  	     
211.2  	     174.4  	     174.1  	     197.9  	     232.4  	     206.2  	     173.4  	     164.4  	     
212.2  	     175.9  	     175.6  	     199.4  	     232.7  	     207.5  	     175.2  	     166.2  	     
213.3  	     177.7  	     177.5  	     201.0  	     233.0  	     208.9  	     176.9  	     168.2  	     
214.3  	     179.3  	     179.2  	     202.3  	     232.7  	     210.0  	     178.8  	     170.1  	     
215.2  	     180.8  	     180.6  	     203.5  	     232.9  	     211.4  	     180.4  	     171.9  	     
216.1  	     182.3  	     182.3  	     204.8  	     233.1  	     212.5  	     182.0  	     173.7  	     
216.8  	     183.9  	     183.8  	     205.9  	     232.8  	     213.4  	     183.6  	     175.3  	     
217.6  	     185.2  	     185.2  	     207.1  	     232.8  	     214.4  	     185.2  	     177.0  	     
218.3  	     186.6  	     186.7  	     208.1  	     232.9  	     215.3  	     186.6  	     178.5  	     
219.0  	     188.2  	     188.1  	     209.2  	     233.0  	     216.2  	     188.1  	     180.2  	     
219.5  	     189.5  	     189.5  	     210.1  	     232.9  	     217.0  	     189.5  	     181.7  	     
220.2  	     190.8  	     190.9  	     211.1  	     233.4  	     217.9  	     190.9  	     183.3  	     
220.7  	     192.2  	     192.1  	     211.9  	     232.9  	     218.6  	     192.2  	     184.8  	     
221.2  	     193.3  	     193.3  	     212.6  	     232.9  	     219.4  	     193.5  	     186.2  	     
221.7  	     194.4  	     194.4  	     213.5  	     232.9  	     220.0  	     194.7  	     187.6  	     
222.2  	     195.6  	     195.7  	     214.2  	     233.2  	     220.6  	     195.9  	     188.9  	     
222.8  	     196.6  	     196.8  	     214.9  	     233.0  	     221.3  	     197.1  	     190.3  	     
223.1  	     197.9  	     197.9  	     215.7  	     232.8  	     221.8  	     198.4  	     191.5  	     
223.6  	     199.0  	     199.0  	     216.4  	     232.8  	     222.4  	     199.5  	     192.8  	     
223.9  	     200.0  	     200.0  	     216.9  	     232.9  	     222.8  	     200.5  	     194.0  	     
224.3  	     201.0  	     201.2  	     217.6  	     232.3  	     223.3  	     201.5  	     195.1  	     
224.6  	     202.0  	     202.1  	     218.3  	     233.3  	     223.7  	     202.4  	     196.2  	     
224.1  	     202.9  	     203.2  	     218.7  	     232.9  	     224.1  	     203.5  	     197.4  	     
222.3  	     203.8  	     203.8  	     219.3  	     232.7  	     224.6  	     204.5  	     198.5  	     
222.8  	     204.7  	     204.8  	     219.7  	     233.0  	     224.9  	     205.4  	     199.6  	     
224.5  	     205.7  	     205.8  	     220.3  	     232.8  	     225.4  	     206.3  	     200.7  	     
227.2  	     206.4  	     206.7  	     220.7  	     232.5  	     225.7  	     207.2  	     201.7  	     
227.2  	     207.3  	     207.5  	     221.2  	     232.6  	     226.2  	     208.0  	     202.7  	     
224.8  	     208.1  	     208.5  	     221.8  	     233.1  	     226.5  	     208.9  	     203.6  	     
226.7  	     209.1  	     209.2  	     222.2  	     232.8  	     226.8  	     209.6  	     204.5  	     
208.2  	     209.6  	     209.6  	     222.3  	     232.5  	     226.6  	     210.4  	     205.5  	     
225.9  	     210.3  	     210.4  	     222.8  	     232.6  	     227.1  	     211.2  	     206.3  	     
197.6  	     210.9  	     211.0  	     223.0  	     232.2  	     227.2  	     211.7  	     207.1  	     
183.7  	     211.7  	     211.9  	     223.4  	     232.0  	     227.5  	     212.5  	     207.9  	     
87.5  	     212.3  	     212.5  	     223.7  	     232.1  	     227.8  	     213.2  	     208.6  	     
227.9  	     213.0  	     213.2  	     224.0  	     232.5  	     228.0  	     213.8  	     209.4  	     
228.1  	     213.7  	     213.9  	     224.4  	     232.6  	     228.2  	     214.5  	     210.2  	     
228.3  	     214.3  	     214.4  	     224.5  	     231.9  	     228.4  	     215.1  	     210.9  	     
228.5  	     214.8  	     215.1  	     224.9  	     232.3  	     228.7  	     215.7  	     211.7  	     
228.6  	     215.6  	     215.6  	     225.1  	     232.4  	     228.9  	     216.3  	     212.4  	     
229.0  	     216.1  	     216.3  	     225.3  	     232.4  	     229.0  	     216.9  	     213.1  	     
229.1  	     216.5  	     216.8  	     225.6  	     232.5  	     229.3  	     217.5  	     213.7  	     
229.1  	     217.1  	     217.2  	     225.9  	     232.6  	     229.4  	     218.0  	     214.5  	     
229.3  	     217.6  	     217.8  	     226.2  	     232.6  	     229.6  	     218.6  	     215.0  	     
229.4  	     218.2  	     218.3  	     226.4  	     232.5  	     229.7  	     219.0  	     215.6  	     
229.7  	     218.7  	     218.6  	     226.6  	     232.9  	     229.8  	     219.5  	     216.1  	     
229.8  	     219.1  	     219.3  	     226.7  	     232.1  	     230.0  	     219.9  	     216.6  	     
229.8  	     219.5  	     219.8  	     227.0  	     232.5  	     230.1  	     220.5  	     217.2  	     
230.0  	     219.9  	     220.3  	     227.2  	     232.6  	     230.2  	     220.9  	     217.7  	     
230.2  	     220.3  	     220.7  	     227.4  	     232.4  	     230.4  	     221.3  	     218.3  	     
230.2  	     220.8  	     221.0  	     227.6  	     232.5  	     230.5  	     221.7  	     218.8  	     
230.4  	     221.2  	     221.6  	     227.8  	     232.7  	     230.6  	     222.1  	     219.2  	     
230.5  	     221.8  	     221.9  	     228.0  	     232.5  	     230.7  	     222.5  	     219.6  	     
230.6  	     221.9  	     222.4  	     228.1  	     232.6  	     230.8  	     222.9  	     220.1  	     
230.7  	     222.5  	     222.6  	     228.2  	     232.7  	     230.9  	     223.2  	     220.5  	     
230.8  	     222.7  	     223.0  	     228.4  	     232.4  	     231.1  	     223.5  	     220.9  	     
230.8  	     223.1  	     223.3  	     228.6  	     232.8  	     231.1  	     223.9  	     221.4  	     
230.9  	     223.5  	     223.7  	     228.7  	     232.3  	     231.3  	     224.2  	     221.8  	     
231.0  	     223.9  	     223.9  	     228.8  	     233.0  	     231.3  	     224.5  	     222.2  	     
231.2  	     224.0  	     224.3  	     228.9  	     232.6  	     231.4  	     224.7  	     222.6  	     
231.2  	     224.3  	     224.5  	     229.0  	     232.8  	     231.5  	     225.1  	     222.9  	     
231.2  	     224.4  	     224.7  	     229.1  	     232.4  	     231.7  	     225.4  	     223.2  	     
231.3  	     224.7  	     225.0  	     229.2  	     232.6  	     231.7  	     225.6  	     223.5  	     
231.4  	     225.0  	     225.2  	     229.3  	     232.7  	     231.8  	     225.9  	     224.0  	     
231.5  	     225.3  	     225.5  	     229.5  	     232.7  	     231.8  	     226.2  	     224.2  	     
231.6  	     225.5  	     225.8  	     229.6  	     232.8  	     231.8  	     226.5  	     224.5  	     
231.7  	     226.1  	     226.1  	     229.8  	     232.6  	     232.0  	     226.6  	     224.8  	     
231.7  	     225.9  	     226.2  	     229.8  	     232.5  	     232.0  	     226.6  	     225.0  	     
232.1  	     226.1  	     226.5  	     230.0  	     232.9  	     232.3  	     226.9  	     225.1  	     
233.0  	     227.2  	     227.2  	     230.8  	     234.2  	     233.3  	     227.2  	     225.5  	     
234.3  	     228.3  	     228.3  	     231.7  	     236.1  	     234.4  	     227.8  	     225.8  	     
235.9  	     229.8  	     229.6  	     232.9  	     238.8  	     235.9  	     228.5  	     226.3  	     
237.9  	     231.2  	     230.8  	     234.3  	     241.9  	     237.4  	     229.4  	     226.9  	     
239.7  	     232.5  	     232.0  	     235.6  	     246.0  	     238.9  	     230.5  	     227.8  	     
241.2  	     233.3  	     233.0  	     236.7  	     248.4  	     240.2  	     231.5  	     228.8  	     
242.7  	     233.9  	     233.6  	     237.9  	     250.8  	     241.4  	     232.5  	     229.7  	     
243.9  	     234.5  	     234.3  	     238.9  	     252.5  	     242.6  	     233.4  	     230.7  	     
245.0  	     235.2  	     234.9  	     239.8  	     253.5  	     243.4  	     234.3  	     231.5  	     
246.0  	     235.8  	     235.6  	     240.7  	     254.4  	     244.2  	     235.1  	     232.4  	     
246.8  	     236.5  	     236.3  	     241.6  	     255.9  	     245.1  	     236.0  	     233.3  	     
247.6  	     237.1  	     236.9  	     242.3  	     256.0  	     246.0  	     236.7  	     234.1  	     
248.2  	     237.7  	     237.5  	     243.1  	     256.2  	     246.7  	     237.4  	     234.8  	     
248.7  	     237.9  	     238.1  	     243.6  	     256.1  	     247.3  	     238.1  	     235.5  	     
249.3  	     238.7  	     238.5  	     244.2  	     257.0  	     247.9  	     238.7  	     236.2  	     
249.8  	     239.0  	     238.9  	     244.8  	     257.0  	     248.5  	     239.3  	     236.9  	     
250.1  	     239.7  	     239.6  	     245.4  	     256.6  	     249.1  	     239.9  	     237.5  	     
251.4  	     240.6  	     240.1  	     246.4  	     257.5  	     250.3  	     240.6  	     238.1  	     
252.0  	     241.4  	     241.3  	     247.1  	     258.2  	     250.9  	     241.3  	     238.7  	     
252.3  	     241.4  	     241.5  	     247.3  	     258.8  	     251.1  	     241.5  	     239.1  	     
252.6  	     241.9  	     241.8  	     247.8  	     259.8  	     251.5  	     242.0  	     239.4  	     
253.2  	     242.3  	     242.4  	     248.4  	     259.8  	     252.2  	     242.7  	     240.1  	     
253.8  	     242.9  	     243.0  	     249.0  	     260.3  	     252.7  	     243.3  	     240.7  	     
254.3  	     243.4  	     243.5  	     249.4  	     260.6  	     253.3  	     243.9  	     241.3  	     
254.7  	     244.0  	     244.0  	     250.1  	     260.8  	     253.8  	     244.5  	     242.0  	     
255.2  	     244.7  	     244.6  	     250.6  	     261.0  	     254.3  	     245.0  	     242.6  	     
255.5  	     245.0  	     245.1  	     251.0  	     261.3  	     254.8  	     245.6  	     243.2  	     
255.8  	     245.7  	     245.4  	     251.6  	     261.3  	     255.0  	     246.0  	     243.8  	     
256.1  	     245.9  	     246.0  	     251.9  	     261.6  	     255.5  	     246.6  	     244.2  	     
256.4  	     246.4  	     246.6  	     252.3  	     261.5  	     255.8  	     247.0  	     244.8  	     
256.8  	     246.9  	     247.0  	     252.7  	     261.7  	     256.1  	     247.6  	     245.4  	     
257.1  	     247.5  	     247.4  	     253.1  	     261.5  	     256.4  	     247.9  	     245.9  	     
257.3  	     247.6  	     247.8  	     253.4  	     261.6  	     256.7  	     248.2  	     246.3  	     
257.5  	     248.2  	     248.2  	     253.7  	     261.8  	     257.0  	     248.8  	     246.8  	     
257.7  	     248.7  	     248.8  	     254.0  	     261.4  	     257.2  	     249.2  	     247.2  	     
257.1  	     248.3  	     248.5  	     253.8  	     261.1  	     256.8  	     249.3  	     247.5  	     
257.4  	     248.9  	     249.0  	     254.2  	     260.5  	     257.0  	     249.8  	     247.9  	     
257.4  	     249.2  	     249.4  	     254.5  	     260.0  	     257.2  	     250.0  	     248.2  	     
257.5  	     249.7  	     249.8  	     254.5  	     259.5  	     257.2  	     250.3  	     248.7  	     
257.7  	     249.9  	     250.1  	     254.7  	     260.3  	     257.4  	     250.6  	     249.0  	     
257.6  	     250.1  	     250.4  	     254.9  	     259.5  	     257.5  	     251.0  	     249.3  	     
257.8  	     250.5  	     250.5  	     255.0  	     259.7  	     257.7  	     251.4  	     249.7  	     
257.7  	     250.7  	     250.9  	     255.2  	     259.9  	     257.8  	     251.6  	     250.0  	     
257.9  	     251.0  	     251.1  	     255.4  	     259.7  	     257.9  	     251.9  	     250.3  	     
258.0  	     251.4  	     251.4  	     255.6  	     259.8  	     258.0  	     252.1  	     250.6  	     
258.0  	     251.7  	     251.7  	     255.7  	     259.8  	     258.1  	     252.3  	     250.9  	     
258.1  	     251.9  	     252.1  	     255.9  	     260.0  	     258.3  	     252.6  	     251.3  	     
258.2  	     252.1  	     252.1  	     256.0  	     259.8  	     258.4  	     252.9  	     251.6  	     
258.3  	     252.4  	     252.5  	     256.1  	     259.8  	     258.5  	     253.2  	     251.8  	     
258.3  	     252.6  	     252.6  	     256.2  	     259.7  	     258.4  	     253.4  	     252.1  	     
258.4  	     252.9  	     253.1  	     256.2  	     259.9  	     258.5  	     253.6  	     252.3  	     
258.5  	     253.1  	     253.2  	     256.5  	     259.6  	     258.6  	     253.9  	     252.6  	     
258.5  	     253.2  	     253.3  	     256.5  	     259.6  	     258.8  	     254.1  	     252.9  	     
258.5  	     253.4  	     253.7  	     256.6  	     259.4  	     258.9  	     254.3  	     253.1  	     
258.7  	     253.7  	     254.0  	     256.7  	     260.1  	     258.9  	     254.5  	     253.3  	     
258.7  	     254.0  	     254.0  	     256.8  	     259.6  	     258.9  	     254.6  	     253.7  	     
258.8  	     254.3  	     254.4  	     257.0  	     259.7  	     259.0  	     254.9  	     253.8  	     
258.9  	     254.2  	     254.4  	     257.0  	     259.5  	     258.8  	     255.0  	     253.8  	     
259.0  	     254.5  	     254.8  	     257.1  	     259.6  	     258.9  	     255.0  	     254.1  	     
259.0  	     254.6  	     254.8  	     257.2  	     259.1  	     259.0  	     255.1  	     254.2  	     
259.0  	     254.8  	     254.9  	     257.3  	     259.7  	     259.1  	     255.3  	     254.5  	     
259.1  	     255.0  	     255.1  	     257.4  	     259.6  	     259.2  	     255.5  	     254.6  	     
259.2  	     255.1  	     255.2  	     257.4  	     259.9  	     259.2  	     255.8  	     254.9  	     
259.2  	     255.6  	     255.4  	     257.5  	     259.6  	     259.3  	     256.1  	     255.1  	     
259.2  	     255.4  	     255.4  	     257.6  	     259.7  	     259.3  	     256.1  	     255.2  	     
259.2  	     255.6  	     255.7  	     257.7  	     259.8  	     259.4  	     256.1  	     255.3  	     
259.2  	     255.7  	     255.8  	     257.8  	     259.7  	     259.4  	     256.4  	     255.5  	     
259.2  	     255.6  	     255.8  	     257.8  	     259.6  	     259.4  	     256.4  	     255.8  	     
259.3  	     256.1  	     256.1  	     257.8  	     259.5  	     259.5  	     256.5  	     255.9  	     
259.3  	     256.0  	     256.1  	     257.9  	     259.6  	     259.5  	     256.7  	     255.9  	     
259.4  	     256.2  	     256.3  	     258.0  	     259.5  	     259.5  	     256.7  	     256.1  	     
259.4  	     256.4  	     256.6  	     258.0  	     259.6  	     259.6  	     256.9  	     256.3  	     
259.4  	     256.5  	     256.4  	     258.0  	     259.9  	     259.8  	     257.2  	     256.5  	     
259.4  	     256.5  	     256.5  	     258.1  	     259.7  	     259.8  	     257.2  	     256.6  	     
259.5  	     256.7  	     256.8  	     258.1  	     259.6  	     259.8  	     257.4  	     256.7  	     
259.5  	     257.3  	     256.9  	     258.2  	     259.4  	     259.8  	     257.4  	     256.9  	     
259.5  	     256.9  	     256.8  	     258.3  	     259.4  	     259.8  	     257.6  	     257.0  	     
259.5  	     256.8  	     257.1  	     258.3  	     259.9  	     259.8  	     257.6  	     257.0  	     
259.5  	     257.2  	     257.1  	     258.3  	     259.4  	     259.8  	     257.6  	     257.1  	     
259.6  	     257.0  	     257.2  	     258.3  	     259.4  	     259.7  	     257.7  	     257.3  	     
259.5  	     257.1  	     257.1  	     258.4  	     259.6  	     259.9  	     257.8  	     257.4  	     
259.6  	     257.3  	     257.4  	     258.4  	     259.4  	     259.8  	     257.9  	     257.5  	     
259.7  	     257.4  	     257.3  	     258.4  	     259.5  	     259.9  	     257.9  	     257.6  	     
259.6  	     257.4  	     257.4  	     258.5  	     259.4  	     259.9  	     258.0  	     257.6  	     
259.6  	     257.6  	     257.6  	     258.5  	     259.2  	     259.8  	     258.1  	     257.7  	     
259.5  	     257.5  	     257.7  	     258.5  	     259.2  	     259.8  	     258.1  	     257.8  	     
259.7  	     258.0  	     257.6  	     258.5  	     259.1  	     259.8  	     258.2  	     257.8  	     
259.7  	     257.8  	     257.8  	     258.6  	     259.3  	     259.8  	     258.2  	     257.9  	     
259.8  	     257.9  	     257.9  	     258.6  	     259.5  	     259.9  	     258.3  	     258.0  	     
259.7  	     257.7  	     258.0  	     258.6  	     259.3  	     259.9  	     258.3  	     258.0  	     
259.7  	     257.9  	     257.8  	     258.6  	     259.5  	     259.9  	     258.4  	     258.1  	     
259.8  	     258.0  	     258.1  	     258.6  	     259.4  	     259.9  	     258.5  	     258.2  	     
259.7  	     258.0  	     258.0  	     258.6  	     259.1  	     260.0  	     258.5  	     258.3  	     
259.7  	     257.9  	     258.0  	     258.5  	     259.0  	     260.0  	     258.7  	     258.4  	     
259.7  	     258.2  	     258.1  	     258.6  	     259.0  	     260.0  	     258.7  	     258.5  	     
259.7  	     257.9  	     258.3  	     258.6  	     259.2  	     260.1  	     258.7  	     258.5  	     
259.7  	     258.2  	     258.2  	     258.6  	     259.3  	     260.0  	     258.8  	     258.7  	     
259.7  	     258.4  	     258.0  	     258.6  	     259.3  	     260.0  	     258.9  	     258.6  	     
259.7  	     258.4  	     258.3  	     258.8  	     259.0  	     260.0  	     258.8  	     258.7  	     
259.7  	     258.4  	     258.4  	     258.7  	     259.3  	     259.9  	     258.7  	     258.5  	     
259.7  	     258.3  	     258.2  	     258.8  	     259.4  	     260.0  	     258.9  	     258.7  	     
259.8  	     258.6  	     258.5  	     258.8  	     258.8  	     260.0  	     258.8  	     258.8  	     
259.7  	     258.5  	     258.6  	     258.8  	     259.4  	     259.9  	     258.9  	     258.8  	     
259.8  	     258.5  	     258.6  	     258.7  	     259.3  	     260.0  	     258.9  	     258.8  	     
259.8  	     258.5  	     258.6  	     258.9  	     259.5  	     259.9  	     258.8  	     258.8  	     
259.7  	     258.6  	     258.5  	     258.8  	     259.5  	     259.9  	     258.9  	     258.8  	     
259.8  	     258.8  	     258.5  	     258.8  	     258.9  	     259.9  	     258.9  	     258.9  	     
259.8  	     258.5  	     258.6  	     258.8  	     259.3  	     260.0  	     259.0  	     258.9  	     
259.9  	     258.8  	     258.8  	     258.9  	     259.2  	     260.0  	     259.0  	     259.0  	     
259.9  	     258.8  	     258.8  	     258.8  	     259.6  	     260.0  	     259.2  	     259.0  	     
259.8  	     258.8  	     258.9  	     259.0  	     259.6  	     260.0  	     259.0  	     259.1  	     
259.8  	     258.7  	     258.7  	     258.9  	     259.6  	     259.9  	     259.1  	     259.2  	     
259.4  	     258.7  	     258.5  	     258.8  	     259.6  	     259.4  	     259.0  	     259.2  	     
259.1  	     258.0  	     258.2  	     258.4  	     258.1  	     259.2  	     259.0  	     259.2  	     
258.2  	     257.8  	     257.8  	     257.9  	     257.7  	     258.3  	     258.8  	     259.0  	     
257.5  	     257.3  	     257.3  	     257.3  	     255.7  	     257.9  	     258.5  	     258.8  	     
256.2  	     256.4  	     256.7  	     256.3  	     254.2  	     256.7  	     258.2  	     258.6  	     
255.2  	     255.8  	     255.9  	     255.8  	     252.1  	     255.7  	     257.7  	     258.4  	     
253.8  	     254.7  	     255.1  	     254.7  	     249.2  	     254.6  	     257.0  	     257.9  	     
252.0  	     253.8  	     254.2  	     253.3  	     246.7  	     252.9  	     256.4  	     257.4  	     
250.1  	     253.0  	     253.6  	     252.3  	     244.2  	     251.3  	     255.6  	     256.8  	     
248.6  	     252.1  	     252.6  	     251.1  	     241.2  	     250.0  	     254.6  	     256.0  	     
246.6  	     250.7  	     251.3  	     249.5  	     237.7  	     248.2  	     253.7  	     255.2  	     
244.2  	     249.6  	     250.1  	     247.7  	     234.9  	     246.0  	     252.7  	     254.4  	     
242.2  	     248.3  	     249.1  	     246.4  	     231.6  	     244.1  	     251.5  	     253.5  	     
240.0  	     247.1  	     247.7  	     244.5  	     228.6  	     242.3  	     250.3  	     252.4  	     
237.7  	     245.7  	     246.5  	     242.8  	     224.6  	     240.0  	     249.0  	     251.4  	     
235.1  	     244.2  	     245.0  	     240.7  	     221.4  	     237.7  	     247.7  	     250.2  	     
232.4  	     243.0  	     243.4  	     238.7  	     217.9  	     235.0  	     246.2  	     248.9  	     
229.8  	     241.3  	     242.0  	     236.7  	     214.0  	     232.9  	     244.7  	     247.5  	     
227.2  	     239.7  	     240.4  	     234.4  	     210.6  	     230.4  	     243.1  	     246.1  	     
224.5  	     238.0  	     238.7  	     232.3  	     206.6  	     227.8  	     241.1  	     244.9  	     
221.6  	     236.2  	     236.9  	     229.9  	     203.2  	     225.0  	     239.3  	     243.2  	     
218.6  	     234.4  	     235.1  	     227.5  	     199.2  	     222.2  	     237.7  	     241.7  	     
215.5  	     232.7  	     233.3  	     225.0  	     195.6  	     219.2  	     235.9  	     240.0  	     
215.5  	     232.7  	     233.4  	     224.9  	     195.5  	     219.2  	     235.9  	     239.9  	     
212.5  	     230.9  	     231.5  	     222.5  	     191.6  	     216.4  	     233.9  	     238.4  	     
209.5  	     228.8  	     229.5  	     219.9  	     187.6  	     213.8  	     232.1  	     236.5  	     
206.4  	     226.8  	     227.6  	     217.2  	     184.0  	     210.8  	     230.0  	     234.7  	     
203.1  	     224.8  	     225.5  	     214.5  	     180.3  	     207.4  	     228.0  	     232.9  	     
200.1  	     222.7  	     223.3  	     211.8  	     176.2  	     204.6  	     225.9  	     230.9  	     
196.8  	     220.7  	     221.4  	     209.0  	     172.3  	     201.6  	     223.6  	     228.9  	     
193.6  	     218.6  	     219.2  	     206.1  	     168.7  	     198.3  	     221.1  	     227.2  	     
190.2  	     216.7  	     217.0  	     203.2  	     164.7  	     195.1  	     218.9  	     225.0  	     
187.3  	     214.4  	     214.7  	     200.6  	     161.0  	     192.0  	     216.7  	     222.8  	     
183.8  	     212.0  	     212.4  	     197.5  	     157.3  	     188.9  	     214.5  	     220.5  	     
180.8  	     209.8  	     210.4  	     194.7  	     153.7  	     185.9  	     212.0  	     218.3  	     
177.6  	     207.7  	     208.2  	     191.9  	     150.7  	     183.0  	     209.6  	     216.1  	     
174.7  	     205.6  	     206.1  	     189.1  	     147.4  	     180.1  	     207.4  	     214.1  	     
171.8  	     203.3  	     203.6  	     186.4  	     144.1  	     177.0  	     205.0  	     211.8  	     
169.1  	     201.4  	     201.3  	     183.7  	     141.0  	     174.3  	     202.8  	     209.5  	     
166.4  	     199.1  	     199.3  	     181.1  	     139.0  	     171.4  	     200.4  	     207.3  	     
163.6  	     197.0  	     197.2  	     178.4  	     136.6  	     168.9  	     198.0  	     205.0  	     
161.0  	     195.0  	     195.0  	     175.7  	     134.3  	     166.1  	     195.7  	     202.9  	     
158.8  	     193.1  	     192.8  	     173.5  	     132.4  	     163.5  	     193.4  	     200.6  	     
156.5  	     190.7  	     190.6  	     171.1  	     130.0  	     161.2  	     191.1  	     198.4  	     
154.1  	     188.8  	     188.5  	     168.5  	     128.2  	     158.8  	     188.9  	     196.3  	     
152.1  	     187.2  	     186.9  	     166.2  	     126.5  	     156.5  	     186.5  	     194.1  	     
149.8  	     185.1  	     184.7  	     164.0  	     125.0  	     154.3  	     184.5  	     192.0  	     
147.8  	     183.0  	     182.7  	     161.8  	     123.4  	     152.3  	     182.5  	     190.0  	     
146.1  	     181.0  	     180.7  	     159.9  	     121.9  	     150.2  	     180.4  	     188.1  	     
144.2  	     179.3  	     178.7  	     157.7  	     120.4  	     148.1  	     178.4  	     186.0  	     
142.3  	     177.4  	     176.9  	     155.6  	     118.9  	     146.2  	     176.5  	     184.0  	     
140.5  	     175.5  	     174.9  	     153.7  	     117.8  	     144.4  	     174.4  	     181.9  	     
138.9  	     173.5  	     173.1  	     151.6  	     116.9  	     142.5  	     172.4  	     179.9  	     
137.3  	     171.7  	     171.1  	     149.9  	     115.8  	     140.8  	     170.4  	     178.1  	     
135.8  	     170.0  	     169.2  	     148.1  	     114.8  	     139.1  	     168.5  	     176.1  	     
134.3  	     168.3  	     167.5  	     146.3  	     113.8  	     137.5  	     166.6  	     174.2  	     
133.0  	     166.4  	     165.8  	     144.7  	     113.2  	     135.9  	     164.8  	     172.3  	     
131.7  	     165.0  	     164.4  	     143.2  	     112.1  	     134.4  	     162.9  	     170.6  	     
130.4  	     163.3  	     162.6  	     141.6  	     111.0  	     133.0  	     161.2  	     168.8  	     
129.2  	     161.8  	     160.9  	     140.1  	     110.7  	     131.7  	     159.6  	     167.0  	     
127.9  	     160.3  	     159.4  	     138.7  	     109.8  	     130.4  	     157.9  	     165.4  	     
126.8  	     158.6  	     157.9  	     137.1  	     109.2  	     129.1  	     156.2  	     163.7  	     
125.7  	     157.1  	     156.2  	     135.8  	     108.5  	     128.0  	     154.7  	     162.1  	     
124.6  	     155.6  	     154.7  	     134.4  	     108.0  	     126.8  	     153.1  	     160.3  	     
123.6  	     154.1  	     153.1  	     133.1  	     107.7  	     125.6  	     151.6  	     158.7  	     
122.7  	     152.7  	     151.7  	     131.8  	     106.8  	     124.5  	     149.9  	     157.1  	     
121.8  	     151.2  	     150.3  	     130.7  	     106.2  	     123.4  	     148.5  	     155.7  	     
120.7  	     149.9  	     148.9  	     129.4  	     106.0  	     122.5  	     147.1  	     154.2  	     
119.9  	     148.4  	     147.4  	     128.3  	     105.4  	     121.5  	     145.8  	     152.7  	     
118.9  	     146.9  	     146.0  	     127.2  	     104.9  	     120.6  	     144.3  	     151.2  	     
118.2  	     145.7  	     144.8  	     126.2  	     104.5  	     119.8  	     143.0  	     149.8  	     
117.4  	     144.4  	     143.4  	     125.2  	     104.2  	     118.8  	     141.7  	     148.5  	     
117.2  	     144.0  	     142.9  	     124.8  	     103.9  	     118.6  	     141.3  	     148.0  	     
116.5  	     143.0  	     142.1  	     124.0  	     103.5  	     117.9  	     140.3  	     147.1  	     
115.6  	     141.6  	     140.8  	     122.9  	     102.9  	     116.8  	     139.1  	     145.8  	     
114.6  	     140.7  	     139.8  	     121.8  	     102.2  	     115.9  	     138.1  	     144.7  	     
113.9  	     140.0  	     138.9  	     121.0  	     101.1  	     115.1  	     137.2  	     143.9  	     
113.3  	     139.5  	     138.3  	     120.3  	     100.0  	     114.6  	     136.8  	     143.1  	     
113.1  	     139.4  	     138.3  	     120.2  	     100.0  	     114.5  	     136.8  	     143.1  	     