
G15-PTC7  	G15-PTC9  	G15-PTC10  	G15-PTC11  	G15-PTC12  	
Deg.F  	     Deg.F  	     Deg.F  	     Deg.F  	     Deg.F  	     
72.9  	     72.8  	     72.9  	     72.8  	     73.1  	     
72.9  	     72.8  	     72.9  	     72.8  	     73.1  	     
72.9  	     72.8  	     72.9  	     72.8  	     73.1  	     
72.9  	     72.8  	     72.9  	     72.8  	     73.1  	     
73.9  	     73.9  	     73.9  	     73.1  	     73.1  	     
75.3  	     75.0  	     75.2  	     74.4  	     74.3  	     
77.1  	     76.5  	     76.9  	     76.5  	     75.8  	     
79.3  	     78.5  	     78.9  	     78.8  	     77.9  	     
81.6  	     80.8  	     81.2  	     81.6  	     80.5  	     
84.3  	     83.4  	     83.7  	     85.0  	     83.8  	     
86.8  	     85.5  	     85.7  	     87.9  	     86.5  	     
87.3  	     85.8  	     86.2  	     88.4  	     87.0  	     
90.6  	     88.7  	     89.4  	     92.0  	     90.6  	     
94.0  	     92.0  	     92.9  	     95.9  	     94.3  	     
97.4  	     95.6  	     96.6  	     99.8  	     98.2  	     
101.1  	     98.9  	     99.8  	     103.7  	     102.0  	     
105.2  	     102.6  	     103.3  	     107.9  	     106.2  	     
109.1  	     106.3  	     107.5  	     112.1  	     110.4  	     
113.1  	     110.2  	     111.5  	     116.4  	     114.5  	     
117.5  	     114.5  	     115.4  	     120.8  	     119.0  	     
122.1  	     119.0  	     119.7  	     125.5  	     123.6  	     
126.5  	     123.2  	     124.6  	     129.9  	     128.1  	     
131.0  	     127.5  	     128.7  	     134.5  	     132.6  	     
135.7  	     132.1  	     133.4  	     139.0  	     137.2  	     
140.2  	     136.8  	     137.9  	     143.6  	     141.8  	     
145.0  	     141.5  	     142.6  	     148.2  	     146.5  	     
149.7  	     146.3  	     147.3  	     152.9  	     151.1  	     
154.6  	     151.1  	     152.0  	     157.4  	     155.9  	     
159.3  	     155.8  	     157.2  	     162.1  	     160.5  	     
164.1  	     160.8  	     161.9  	     167.0  	     165.3  	     
169.1  	     165.8  	     166.9  	     171.8  	     170.2  	     
174.0  	     170.6  	     171.7  	     176.4  	     174.9  	     
178.6  	     175.3  	     176.6  	     181.3  	     179.6  	     
183.2  	     180.1  	     181.1  	     185.8  	     184.0  	     
183.3  	     179.9  	     181.1  	     186.0  	     184.2  	     
188.3  	     185.0  	     186.1  	     190.6  	     188.9  	     
192.8  	     189.6  	     191.1  	     195.1  	     193.4  	     
197.4  	     194.5  	     195.8  	     199.9  	     197.9  	     
202.3  	     199.1  	     200.3  	     204.5  	     202.6  	     
207.1  	     203.6  	     205.0  	     209.0  	     207.0  	     
211.8  	     208.6  	     210.2  	     213.6  	     211.5  	     
216.4  	     213.4  	     215.1  	     218.1  	     216.1  	     
220.9  	     217.9  	     219.5  	     222.6  	     220.6  	     
225.7  	     222.5  	     224.6  	     227.3  	     225.1  	     
230.2  	     227.0  	     228.7  	     231.8  	     229.6  	     
234.7  	     231.7  	     233.6  	     236.4  	     234.2  	     
239.2  	     236.5  	     238.5  	     241.0  	     238.7  	     
243.7  	     240.8  	     243.1  	     245.5  	     243.1  	     
248.8  	     245.6  	     248.0  	     250.1  	     247.7  	     
253.5  	     250.4  	     252.7  	     254.6  	     252.3  	     
256.5  	     253.4  	     255.4  	     259.0  	     256.9  	     
259.0  	     256.1  	     257.4  	     261.0  	     259.9  	     
261.0  	     258.9  	     260.0  	     263.2  	     262.3  	     
262.6  	     260.2  	     261.0  	     264.1  	     263.3  	     
262.1  	     260.0  	     260.5  	     264.8  	     264.4  	     
262.6  	     261.1  	     261.2  	     264.5  	     264.8  	     
264.5  	     263.2  	     263.3  	     265.2  	     265.4  	     
265.9  	     264.8  	     264.7  	     266.1  	     266.4  	     
266.9  	     266.4  	     266.5  	     267.2  	     267.4  	     
267.9  	     267.5  	     267.7  	     268.0  	     268.4  	     
269.2  	     268.6  	     268.8  	     269.0  	     269.3  	     
269.5  	     269.5  	     269.5  	     269.7  	     270.0  	     
270.2  	     269.9  	     270.0  	     270.3  	     270.4  	     
270.7  	     270.4  	     270.5  	     270.6  	     270.9  	     
270.9  	     270.7  	     270.9  	     271.0  	     271.1  	     
271.0  	     270.8  	     271.2  	     271.0  	     271.3  	     
271.5  	     271.1  	     271.3  	     271.3  	     271.6  	     
271.7  	     271.3  	     271.4  	     271.4  	     271.7  	     
271.6  	     271.4  	     271.6  	     271.5  	     271.7  	     
271.5  	     271.4  	     271.7  	     271.5  	     271.8  	     
271.9  	     271.4  	     271.7  	     271.6  	     271.7  	     
271.3  	     271.7  	     271.8  	     271.6  	     271.7  	     
271.9  	     271.6  	     271.8  	     271.7  	     271.8  	     
271.5  	     271.4  	     271.8  	     271.6  	     271.8  	     
272.6  	     271.6  	     271.9  	     271.7  	     271.8  	     
271.8  	     271.5  	     271.8  	     271.6  	     271.9  	     
272.0  	     271.4  	     271.9  	     271.7  	     272.0  	     
271.9  	     271.7  	     271.8  	     271.7  	     271.9  	     
272.3  	     271.6  	     271.9  	     271.7  	     271.8  	     
271.7  	     271.6  	     271.9  	     271.7  	     271.8  	     
271.8  	     271.6  	     271.8  	     271.6  	     271.9  	     
271.7  	     271.6  	     271.7  	     271.7  	     272.0  	     
271.5  	     271.5  	     271.9  	     271.7  	     271.8  	     
272.2  	     271.6  	     271.8  	     271.7  	     271.9  	     
271.9  	     271.5  	     271.9  	     271.6  	     271.8  	     
271.5  	     271.5  	     271.7  	     271.7  	     271.9  	     
272.1  	     271.6  	     271.8  	     271.7  	     271.7  	     
272.1  	     271.7  	     271.9  	     271.7  	     271.8  	     
271.9  	     271.7  	     271.8  	     271.7  	     271.9  	     
272.1  	     271.5  	     272.0  	     271.6  	     271.7  	     
271.9  	     271.4  	     271.8  	     271.6  	     271.8  	     
272.2  	     271.7  	     271.9  	     271.8  	     272.0  	     
271.9  	     271.6  	     271.9  	     271.7  	     272.1  	     
272.2  	     271.7  	     271.9  	     271.7  	     271.9  	     
272.2  	     271.6  	     271.9  	     271.7  	     271.8  	     
272.0  	     271.6  	     271.9  	     271.7  	     271.9  	     
272.0  	     271.7  	     271.9  	     271.7  	     271.9  	     
271.3  	     271.6  	     271.9  	     271.7  	     271.9  	     
271.3  	     271.6  	     271.9  	     271.7  	     271.8  	     
271.9  	     271.5  	     271.9  	     271.7  	     271.8  	     
271.7  	     271.5  	     271.9  	     271.6  	     271.8  	     
271.8  	     271.6  	     271.8  	     271.7  	     271.8  	     
271.7  	     271.5  	     271.7  	     271.6  	     271.9  	     
271.9  	     271.5  	     271.8  	     271.7  	     272.0  	     
271.6  	     271.5  	     271.8  	     271.7  	     272.0  	     
271.7  	     271.5  	     271.8  	     271.6  	     271.8  	     
270.9  	     271.6  	     271.7  	     271.6  	     271.9  	     
271.7  	     271.6  	     271.8  	     271.6  	     271.8  	     
271.8  	     271.5  	     271.7  	     271.6  	     271.8  	     
271.6  	     271.6  	     271.6  	     271.6  	     271.8  	     
271.5  	     271.5  	     271.7  	     271.6  	     271.8  	     
272.0  	     271.6  	     271.9  	     271.6  	     271.8  	     
272.3  	     271.5  	     271.7  	     271.5  	     271.7  	     
271.6  	     271.4  	     271.8  	     271.5  	     271.6  	     
271.5  	     271.6  	     271.7  	     271.5  	     271.8  	     
271.4  	     271.4  	     271.8  	     271.5  	     271.8  	     
271.9  	     271.5  	     271.7  	     271.6  	     271.9  	     
271.6  	     271.5  	     271.7  	     271.5  	     271.8  	     
271.7  	     271.5  	     271.9  	     271.6  	     271.9  	     
271.8  	     271.5  	     271.8  	     271.6  	     271.8  	     
272.4  	     271.5  	     271.7  	     271.6  	     271.8  	     
272.2  	     271.5  	     271.9  	     271.6  	     271.6  	     
271.2  	     271.5  	     271.7  	     271.5  	     271.8  	     
271.8  	     271.5  	     271.7  	     271.6  	     271.7  	     
271.9  	     271.6  	     271.9  	     271.6  	     271.8  	     
272.0  	     271.5  	     271.7  	     271.6  	     271.8  	     
271.6  	     271.1  	     271.3  	     271.5  	     271.7  	     
269.8  	     269.4  	     269.5  	     270.3  	     270.9  	     
268.8  	     268.4  	     268.4  	     268.9  	     269.7  	     
265.6  	     265.9  	     265.5  	     266.7  	     268.0  	     
263.9  	     264.5  	     264.0  	     264.4  	     265.7  	     
260.9  	     261.6  	     261.0  	     261.7  	     263.7  	     
258.8  	     259.6  	     259.2  	     259.5  	     260.9  	     
258.7  	     259.1  	     258.5  	     259.1  	     260.6  	     
255.6  	     256.6  	     256.1  	     255.8  	     257.7  	     
252.8  	     253.1  	     252.6  	     252.6  	     254.6  	     
248.6  	     250.1  	     249.4  	     249.3  	     251.3  	     
245.9  	     247.4  	     247.1  	     245.7  	     247.5  	     
242.4  	     243.7  	     243.4  	     242.2  	     244.3  	     
238.6  	     239.9  	     239.4  	     238.4  	     240.7  	     
235.6  	     236.7  	     236.6  	     234.9  	     237.0  	     
231.9  	     233.4  	     232.9  	     231.0  	     233.1  	     
228.0  	     229.4  	     229.3  	     227.2  	     229.3  	     
223.7  	     225.3  	     225.4  	     223.4  	     225.4  	     
219.7  	     221.5  	     221.4  	     219.6  	     221.6  	     
216.3  	     217.9  	     218.0  	     215.4  	     217.5  	     
212.0  	     214.0  	     214.2  	     211.4  	     213.3  	     
207.9  	     209.8  	     210.1  	     207.3  	     209.1  	     
203.9  	     205.7  	     205.9  	     203.2  	     205.1  	     
199.7  	     201.7  	     201.7  	     199.1  	     201.0  	     
195.7  	     197.6  	     197.4  	     194.9  	     196.8  	     
191.7  	     193.6  	     193.4  	     190.6  	     192.4  	     
187.6  	     189.6  	     189.8  	     186.5  	     188.1  	     
183.5  	     185.2  	     185.6  	     182.3  	     183.9  	     
179.0  	     181.0  	     181.4  	     177.9  	     179.7  	     
174.8  	     176.7  	     177.2  	     173.6  	     175.3  	     
170.6  	     172.7  	     172.8  	     169.1  	     170.6  	     
165.7  	     168.1  	     168.3  	     164.7  	     166.5  	     
161.8  	     163.9  	     164.2  	     160.6  	     162.3  	     
157.7  	     159.5  	     160.4  	     156.3  	     157.9  	     
153.3  	     155.1  	     155.5  	     151.9  	     153.7  	     
149.1  	     151.1  	     152.0  	     147.7  	     149.3  	     
145.2  	     147.4  	     147.9  	     143.7  	     145.3  	     
145.0  	     147.2  	     147.7  	     143.4  	     145.2  	     
140.3  	     142.7  	     143.0  	     138.9  	     140.8  	     
137.8  	     139.6  	     140.0  	     135.1  	     136.7  	     
134.7  	     136.8  	     137.3  	     131.9  	     133.1  	     
132.7  	     134.5  	     135.3  	     129.3  	     130.1  	     
132.2  	     133.6  	     134.8  	     128.6  	     129.1  	     