
G15-PTC6  	G15-PTC10  	G15-PTC13  	G15-PTC14  	G15-PTC15  	G15-PTC16  	G15-PTC17  	G15-PTC26  	
Deg.F  	     Deg.F  	     Deg.F  	     Deg.F  	     Deg.F  	     Deg.F  	     Deg.F  	     Deg.F  	     
83.7  	     80.2  	     81.4  	     85.7  	     82.9  	     80.6  	     80.5  	     81.0  	     
83.7  	     80.2  	     81.4  	     85.7  	     82.9  	     80.6  	     80.5  	     81.0  	     
83.7  	     80.2  	     81.4  	     85.7  	     82.9  	     80.6  	     80.5  	     81.0  	     
83.7  	     80.2  	     81.4  	     85.7  	     82.9  	     80.6  	     80.5  	     81.0  	     
85.8  	     81.0  	     81.9  	     86.1  	     83.3  	     81.7  	     81.5  	     81.7  	     
87.8  	     81.5  	     82.8  	     87.1  	     84.2  	     82.7  	     82.8  	     82.5  	     
90.3  	     82.5  	     83.7  	     89.3  	     86.0  	     84.0  	     84.5  	     84.0  	     
93.0  	     83.6  	     84.9  	     91.9  	     88.4  	     85.6  	     86.6  	     85.5  	     
95.9  	     84.9  	     86.2  	     95.2  	     91.1  	     87.3  	     89.0  	     87.5  	     
98.9  	     86.5  	     87.8  	     98.8  	     94.1  	     89.1  	     91.6  	     89.7  	     
101.7  	     88.0  	     89.0  	     102.2  	     96.9  	     90.8  	     93.9  	     91.7  	     
102.0  	     88.0  	     89.5  	     102.6  	     97.5  	     91.1  	     94.4  	     92.0  	     
105.5  	     89.9  	     91.2  	     106.7  	     101.4  	     93.3  	     97.4  	     94.6  	     
108.9  	     92.0  	     93.4  	     111.0  	     105.2  	     96.0  	     100.8  	     97.4  	     
112.3  	     94.1  	     95.7  	     115.3  	     109.2  	     98.7  	     104.3  	     100.4  	     
115.8  	     96.4  	     98.1  	     119.8  	     113.5  	     101.4  	     107.8  	     103.6  	     
119.5  	     98.6  	     100.5  	     123.9  	     118.0  	     104.4  	     111.5  	     106.9  	     
123.5  	     101.1  	     103.2  	     128.4  	     122.0  	     107.5  	     115.3  	     110.5  	     
127.5  	     103.6  	     106.0  	     132.7  	     126.5  	     110.7  	     119.2  	     114.1  	     
131.3  	     106.1  	     109.1  	     137.3  	     131.0  	     113.9  	     123.3  	     117.9  	     
135.5  	     108.6  	     112.2  	     141.8  	     135.2  	     117.5  	     127.5  	     121.8  	     
139.5  	     111.4  	     115.5  	     146.4  	     139.7  	     121.1  	     131.7  	     125.8  	     
143.8  	     114.2  	     119.0  	     151.0  	     144.4  	     124.9  	     136.0  	     129.9  	     
147.8  	     117.4  	     122.7  	     155.4  	     148.8  	     128.8  	     140.4  	     133.9  	     
151.6  	     120.6  	     126.3  	     159.7  	     153.4  	     132.5  	     144.9  	     138.3  	     
156.0  	     123.8  	     130.0  	     164.6  	     158.3  	     136.7  	     149.5  	     142.6  	     
159.9  	     127.1  	     134.0  	     169.3  	     163.2  	     140.8  	     154.2  	     147.1  	     
164.5  	     130.7  	     137.9  	     173.9  	     168.0  	     145.1  	     158.9  	     151.7  	     
169.1  	     134.3  	     142.1  	     178.7  	     172.5  	     149.3  	     163.5  	     156.3  	     
173.4  	     137.7  	     146.2  	     183.2  	     177.3  	     153.8  	     168.2  	     161.0  	     
177.4  	     141.3  	     150.6  	     187.8  	     182.0  	     158.3  	     173.0  	     165.6  	     
182.2  	     145.0  	     155.1  	     192.5  	     186.7  	     162.9  	     177.9  	     170.5  	     
186.3  	     148.5  	     159.4  	     197.0  	     191.3  	     167.8  	     182.6  	     175.4  	     
190.8  	     152.5  	     163.8  	     201.6  	     195.8  	     172.6  	     187.5  	     180.3  	     
195.2  	     155.9  	     168.4  	     205.7  	     200.8  	     177.2  	     192.6  	     185.2  	     
199.6  	     159.5  	     172.7  	     210.4  	     205.2  	     182.0  	     197.3  	     189.9  	     
203.6  	     163.5  	     177.0  	     215.1  	     210.6  	     186.5  	     202.0  	     194.7  	     
208.0  	     167.6  	     181.4  	     219.1  	     214.4  	     191.2  	     206.6  	     199.5  	     
211.6  	     171.3  	     185.9  	     223.5  	     219.4  	     195.8  	     211.4  	     204.4  	     
216.8  	     175.3  	     190.4  	     227.8  	     224.2  	     200.7  	     216.3  	     209.0  	     
220.6  	     179.3  	     195.0  	     232.1  	     228.8  	     205.4  	     221.0  	     213.7  	     
225.3  	     183.5  	     199.6  	     236.4  	     233.6  	     210.2  	     225.7  	     218.5  	     
225.7  	     184.1  	     200.5  	     237.1  	     233.9  	     210.7  	     226.2  	     219.1  	     
229.3  	     187.4  	     204.0  	     240.8  	     237.9  	     214.7  	     230.2  	     223.2  	     
233.4  	     191.2  	     209.0  	     244.7  	     242.3  	     219.3  	     234.9  	     227.7  	     
237.6  	     195.5  	     213.6  	     248.8  	     246.9  	     223.9  	     239.3  	     232.3  	     
241.9  	     199.5  	     217.7  	     253.3  	     251.5  	     228.5  	     244.0  	     237.0  	     
246.0  	     204.0  	     222.4  	     257.9  	     256.1  	     232.6  	     248.5  	     241.5  	     
247.8  	     206.9  	     226.1  	     262.0  	     260.2  	     235.9  	     251.8  	     245.4  	     
248.4  	     209.2  	     229.0  	     264.3  	     262.2  	     238.5  	     254.0  	     248.1  	     
249.7  	     211.5  	     232.0  	     266.3  	     264.1  	     241.4  	     256.0  	     250.5  	     
251.1  	     213.6  	     235.0  	     267.5  	     265.8  	     243.7  	     257.7  	     252.6  	     
252.5  	     215.5  	     237.3  	     268.2  	     266.6  	     245.9  	     259.0  	     254.4  	     
253.2  	     217.3  	     239.2  	     268.7  	     267.1  	     247.9  	     260.0  	     255.9  	     
254.7  	     219.3  	     242.3  	     269.3  	     267.8  	     249.7  	     261.2  	     257.5  	     
255.6  	     221.1  	     244.3  	     269.6  	     268.6  	     251.5  	     262.2  	     258.9  	     
256.3  	     222.9  	     245.9  	     269.7  	     268.4  	     253.1  	     263.1  	     260.0  	     
257.1  	     224.5  	     248.6  	     270.1  	     269.5  	     254.6  	     264.0  	     261.3  	     
257.9  	     226.2  	     249.9  	     270.6  	     269.5  	     255.9  	     264.6  	     262.3  	     
258.9  	     227.6  	     251.2  	     271.0  	     270.2  	     257.1  	     265.3  	     263.3  	     
258.9  	     228.9  	     252.0  	     270.5  	     269.5  	     258.0  	     265.5  	     263.8  	     
259.7  	     230.6  	     253.8  	     270.1  	     269.8  	     259.2  	     266.2  	     264.7  	     
260.8  	     232.0  	     255.2  	     270.6  	     270.3  	     260.4  	     266.9  	     265.4  	     
261.2  	     233.3  	     256.4  	     271.1  	     270.3  	     261.2  	     267.4  	     266.0  	     
261.5  	     234.5  	     257.8  	     271.3  	     270.4  	     261.9  	     267.7  	     266.6  	     
262.1  	     236.0  	     258.7  	     271.0  	     270.3  	     262.9  	     268.1  	     267.0  	     
262.0  	     236.9  	     259.6  	     271.3  	     270.6  	     263.3  	     268.3  	     267.5  	     
262.9  	     238.2  	     260.4  	     271.0  	     270.7  	     264.3  	     268.7  	     267.8  	     
263.2  	     239.3  	     260.9  	     270.7  	     270.9  	     264.8  	     269.0  	     268.3  	     
263.7  	     240.4  	     262.1  	     270.5  	     271.5  	     265.5  	     269.4  	     268.7  	     
263.4  	     241.1  	     262.7  	     271.5  	     270.9  	     265.4  	     268.9  	     268.4  	     
264.1  	     242.3  	     263.4  	     271.3  	     271.0  	     266.2  	     269.5  	     269.1  	     
264.3  	     243.2  	     264.1  	     270.9  	     271.6  	     266.5  	     269.7  	     269.5  	     
264.8  	     244.2  	     264.6  	     271.1  	     271.1  	     267.2  	     269.8  	     269.6  	     
264.6  	     245.0  	     265.3  	     271.4  	     271.4  	     267.3  	     270.1  	     269.8  	     
264.9  	     245.6  	     265.4  	     271.0  	     271.0  	     267.6  	     269.9  	     269.7  	     
265.6  	     246.5  	     266.0  	     271.1  	     270.8  	     268.2  	     270.3  	     270.1  	     
265.5  	     247.1  	     266.2  	     271.7  	     270.9  	     268.1  	     270.1  	     270.2  	     
266.1  	     248.0  	     266.8  	     271.3  	     271.3  	     268.7  	     270.6  	     270.5  	     
266.0  	     248.8  	     266.9  	     271.5  	     271.3  	     268.7  	     270.4  	     270.5  	     
266.2  	     249.4  	     267.5  	     271.9  	     271.2  	     268.9  	     270.8  	     270.9  	     
266.2  	     249.9  	     267.4  	     270.9  	     270.9  	     269.0  	     270.3  	     270.5  	     
266.9  	     250.9  	     268.2  	     271.1  	     271.0  	     269.3  	     270.7  	     271.0  	     
266.5  	     251.3  	     268.0  	     271.3  	     271.0  	     269.2  	     270.5  	     270.9  	     
267.2  	     252.1  	     268.5  	     270.8  	     270.9  	     269.6  	     270.8  	     271.1  	     
267.0  	     252.6  	     268.4  	     271.5  	     270.6  	     269.6  	     270.7  	     271.1  	     
267.5  	     253.3  	     268.6  	     271.1  	     271.3  	     269.9  	     271.1  	     271.4  	     
266.8  	     253.4  	     268.3  	     271.6  	     270.8  	     269.4  	     270.5  	     271.1  	     
267.7  	     254.2  	     269.2  	     271.0  	     271.0  	     270.0  	     270.8  	     271.2  	     
267.1  	     254.5  	     269.3  	     271.2  	     271.0  	     269.8  	     271.0  	     271.5  	     
267.7  	     255.0  	     269.4  	     271.1  	     271.8  	     270.2  	     270.8  	     271.1  	     
268.3  	     255.7  	     269.8  	     271.1  	     270.7  	     270.4  	     271.2  	     271.5  	     
267.8  	     255.9  	     269.4  	     271.1  	     270.7  	     270.2  	     270.7  	     271.4  	     
268.6  	     256.5  	     269.0  	     271.1  	     271.2  	     270.6  	     271.2  	     271.6  	     
267.4  	     256.5  	     269.5  	     271.2  	     271.2  	     270.0  	     270.8  	     271.7  	     
268.5  	     257.3  	     270.3  	     271.4  	     271.0  	     270.5  	     270.9  	     271.4  	     
268.9  	     257.8  	     270.3  	     271.2  	     270.9  	     270.8  	     271.3  	     271.8  	     
268.1  	     257.7  	     269.7  	     271.0  	     271.2  	     270.3  	     270.5  	     271.5  	     
269.0  	     258.5  	     270.4  	     271.2  	     270.8  	     270.7  	     271.0  	     271.6  	     
267.9  	     258.5  	     269.8  	     271.5  	     271.1  	     270.0  	     270.7  	     271.6  	     
268.9  	     259.1  	     270.3  	     271.0  	     270.4  	     270.6  	     270.9  	     271.5  	     
269.3  	     259.7  	     270.6  	     271.0  	     270.2  	     270.9  	     271.2  	     271.9  	     
268.6  	     259.5  	     270.2  	     270.9  	     270.3  	     270.3  	     270.6  	     271.5  	     
269.3  	     260.1  	     270.6  	     271.1  	     270.9  	     270.8  	     271.0  	     271.7  	     
269.4  	     260.3  	     270.6  	     270.9  	     271.0  	     270.8  	     271.0  	     271.7  	     
268.3  	     260.0  	     270.3  	     271.2  	     271.2  	     270.1  	     270.7  	     271.8  	     
269.2  	     260.5  	     270.4  	     271.1  	     270.6  	     270.7  	     270.9  	     271.6  	     
268.7  	     260.7  	     270.8  	     271.5  	     270.7  	     270.4  	     270.9  	     271.8  	     
269.2  	     260.9  	     270.7  	     270.6  	     270.6  	     270.6  	     270.7  	     271.4  	     
269.3  	     261.4  	     270.7  	     271.5  	     271.4  	     270.7  	     271.0  	     271.7  	     
269.2  	     261.5  	     270.4  	     271.1  	     270.6  	     270.7  	     270.7  	     271.4  	     
269.8  	     261.9  	     270.8  	     270.6  	     270.9  	     270.9  	     271.0  	     271.6  	     
269.2  	     261.9  	     270.6  	     271.1  	     270.8  	     270.6  	     270.6  	     271.3  	     
269.8  	     262.5  	     271.0  	     271.0  	     270.6  	     271.0  	     271.0  	     271.7  	     
269.2  	     262.4  	     270.5  	     270.6  	     270.3  	     270.5  	     270.4  	     271.3  	     
269.9  	     262.8  	     270.7  	     271.0  	     270.8  	     270.9  	     271.0  	     271.6  	     
269.1  	     262.5  	     269.7  	     270.9  	     270.3  	     270.4  	     270.4  	     271.2  	     
269.8  	     263.1  	     270.5  	     270.4  	     270.1  	     270.8  	     270.8  	     271.5  	     
269.1  	     263.0  	     270.5  	     270.6  	     270.4  	     270.2  	     270.3  	     271.4  	     
269.8  	     263.4  	     270.1  	     270.9  	     269.9  	     270.7  	     270.7  	     271.5  	     
269.0  	     263.3  	     270.4  	     270.5  	     270.3  	     270.1  	     270.2  	     271.2  	     
269.9  	     263.8  	     270.8  	     270.3  	     270.2  	     270.7  	     270.7  	     271.5  	     
269.2  	     263.5  	     270.4  	     270.3  	     269.9  	     270.1  	     270.1  	     271.3  	     
269.9  	     264.1  	     270.8  	     270.4  	     270.5  	     270.7  	     270.7  	     271.4  	     
269.2  	     263.9  	     271.0  	     270.2  	     270.8  	     270.1  	     270.2  	     271.3  	     
269.9  	     264.5  	     270.8  	     270.4  	     270.0  	     270.7  	     270.6  	     271.3  	     
269.2  	     264.2  	     270.5  	     270.0  	     269.9  	     270.1  	     270.2  	     271.2  	     
270.2  	     264.8  	     271.0  	     270.7  	     270.4  	     270.7  	     270.7  	     271.3  	     
269.4  	     264.6  	     270.7  	     270.2  	     270.7  	     270.2  	     270.2  	     271.0  	     
270.3  	     265.0  	     270.8  	     270.3  	     270.3  	     270.7  	     270.7  	     271.4  	     
269.6  	     264.8  	     270.8  	     269.9  	     270.0  	     270.2  	     270.2  	     271.0  	     
270.3  	     265.3  	     270.6  	     269.6  	     270.8  	     270.6  	     270.8  	     271.4  	     
269.7  	     265.1  	     270.5  	     270.1  	     269.9  	     270.2  	     270.1  	     271.0  	     
270.4  	     265.6  	     270.8  	     270.2  	     270.3  	     270.5  	     270.7  	     271.4  	     
269.8  	     265.3  	     270.6  	     270.1  	     270.1  	     270.3  	     270.1  	     271.0  	     
269.9  	     265.8  	     270.6  	     270.6  	     270.4  	     270.4  	     270.7  	     271.4  	     
270.0  	     265.7  	     270.5  	     270.3  	     270.1  	     270.4  	     270.3  	     271.1  	     
269.6  	     265.8  	     270.6  	     270.8  	     270.0  	     270.1  	     270.6  	     271.4  	     
270.1  	     265.9  	     270.5  	     270.1  	     269.9  	     270.5  	     270.4  	     271.2  	     
269.2  	     265.9  	     270.3  	     270.1  	     270.6  	     269.8  	     270.3  	     271.4  	     
270.3  	     266.2  	     270.6  	     270.0  	     270.2  	     270.4  	     270.5  	     271.3  	     
269.4  	     266.1  	     270.2  	     270.1  	     270.3  	     269.8  	     270.1  	     271.2  	     
270.6  	     266.4  	     270.9  	     270.1  	     269.9  	     270.5  	     270.5  	     271.3  	     
269.8  	     266.2  	     270.6  	     269.7  	     270.4  	     270.1  	     270.1  	     271.1  	     
270.6  	     266.7  	     270.6  	     270.3  	     269.6  	     270.6  	     270.7  	     271.4  	     
270.2  	     266.4  	     270.5  	     270.5  	     270.1  	     270.2  	     270.2  	     271.1  	     
270.5  	     266.9  	     270.8  	     270.7  	     270.1  	     270.5  	     270.8  	     271.5  	     
270.3  	     266.7  	     270.5  	     270.2  	     270.1  	     270.5  	     270.4  	     271.1  	     
269.8  	     266.8  	     271.0  	     270.5  	     270.4  	     270.0  	     270.5  	     271.4  	     
270.5  	     266.9  	     270.6  	     270.6  	     270.1  	     270.4  	     270.4  	     271.1  	     
269.5  	     266.7  	     269.7  	     270.3  	     270.2  	     269.8  	     270.1  	     271.3  	     
270.4  	     267.2  	     270.5  	     270.6  	     270.0  	     270.4  	     270.4  	     271.4  	     
269.8  	     266.9  	     270.2  	     270.0  	     269.5  	     270.0  	     270.0  	     271.2  	     
270.6  	     267.2  	     270.8  	     269.9  	     270.1  	     270.5  	     270.6  	     271.4  	     
270.1  	     267.2  	     271.5  	     270.1  	     269.9  	     270.2  	     270.2  	     271.1  	     
270.1  	     267.4  	     270.6  	     270.2  	     270.1  	     270.2  	     270.6  	     271.4  	     
270.4  	     267.4  	     270.6  	     270.5  	     269.4  	     270.4  	     270.3  	     271.2  	     
269.6  	     267.3  	     270.4  	     270.4  	     270.1  	     269.8  	     270.3  	     271.4  	     
270.6  	     267.7  	     270.5  	     270.3  	     270.2  	     270.4  	     270.4  	     271.3  	     
269.7  	     267.3  	     270.2  	     270.7  	     269.9  	     270.0  	     270.0  	     271.1  	     
270.8  	     267.7  	     270.6  	     270.1  	     270.4  	     270.6  	     270.6  	     271.4  	     
270.3  	     267.6  	     270.4  	     270.1  	     269.7  	     270.3  	     270.2  	     271.0  	     
270.3  	     267.8  	     270.6  	     270.3  	     270.4  	     270.4  	     270.6  	     271.4  	     
270.4  	     267.8  	     270.2  	     269.9  	     269.9  	     270.3  	     270.3  	     271.1  	     
269.8  	     267.7  	     270.4  	     269.9  	     269.6  	     269.8  	     270.1  	     271.2  	     
270.7  	     268.0  	     270.5  	     270.1  	     270.0  	     270.4  	     270.5  	     271.3  	     
269.9  	     267.8  	     270.4  	     270.1  	     270.0  	     270.1  	     270.1  	     271.1  	     
270.6  	     268.2  	     270.9  	     270.0  	     270.1  	     270.4  	     270.6  	     271.5  	     
270.4  	     268.0  	     270.4  	     270.1  	     270.4  	     270.4  	     270.3  	     271.3  	     
269.7  	     268.0  	     270.4  	     270.5  	     270.1  	     269.9  	     270.2  	     271.3  	     
270.7  	     268.3  	     270.9  	     270.2  	     270.1  	     270.4  	     270.5  	     271.3  	     
270.0  	     268.0  	     270.4  	     270.2  	     270.2  	     270.0  	     270.1  	     271.0  	     
270.9  	     268.5  	     271.5  	     270.3  	     269.9  	     270.5  	     270.7  	     271.4  	     
270.5  	     268.3  	     270.6  	     270.3  	     269.7  	     270.2  	     270.3  	     271.2  	     
269.7  	     268.2  	     270.3  	     270.3  	     269.9  	     269.7  	     270.2  	     271.3  	     
270.7  	     268.5  	     270.6  	     269.7  	     269.6  	     270.4  	     270.5  	     271.2  	     
270.8  	     268.6  	     270.8  	     270.1  	     269.9  	     270.5  	     270.5  	     271.3  	     
269.3  	     267.9  	     270.2  	     270.3  	     269.4  	     269.6  	     269.8  	     270.9  	     
267.6  	     267.2  	     269.4  	     269.3  	     269.1  	     268.6  	     268.8  	     270.2  	     
265.6  	     266.2  	     268.7  	     268.4  	     267.9  	     267.4  	     267.4  	     269.0  	     
263.9  	     265.1  	     267.6  	     266.7  	     266.1  	     266.2  	     265.7  	     267.4  	     
262.0  	     263.8  	     266.3  	     263.9  	     263.9  	     264.7  	     263.6  	     265.6  	     
259.8  	     262.3  	     265.1  	     261.6  	     260.7  	     263.0  	     261.1  	     263.6  	     
257.5  	     260.8  	     262.9  	     258.9  	     258.1  	     260.8  	     258.3  	     261.1  	     
254.7  	     258.9  	     261.2  	     255.5  	     255.0  	     258.5  	     255.5  	     258.6  	     
251.7  	     257.2  	     259.0  	     251.7  	     252.3  	     255.9  	     252.3  	     256.0  	     
248.8  	     255.4  	     257.1  	     249.1  	     248.3  	     253.6  	     249.4  	     253.3  	     
248.5  	     255.4  	     256.7  	     248.6  	     248.8  	     253.3  	     249.2  	     253.2  	     
245.5  	     253.3  	     254.4  	     244.6  	     244.5  	     250.5  	     245.9  	     250.1  	     
242.5  	     251.3  	     252.0  	     240.6  	     240.9  	     247.7  	     242.5  	     247.0  	     
239.5  	     249.5  	     249.4  	     236.8  	     237.2  	     244.8  	     239.1  	     243.9  	     
236.2  	     247.2  	     246.7  	     232.9  	     233.3  	     241.8  	     235.6  	     240.5  	     
233.0  	     245.2  	     243.8  	     228.0  	     229.7  	     238.7  	     232.0  	     237.1  	     
229.3  	     242.8  	     241.1  	     224.7  	     225.1  	     235.4  	     228.3  	     233.6  	     
225.5  	     240.6  	     238.1  	     220.3  	     221.1  	     232.0  	     224.6  	     230.0  	     
222.0  	     238.2  	     235.0  	     216.0  	     217.0  	     228.6  	     220.8  	     226.3  	     
218.7  	     235.9  	     231.5  	     212.0  	     213.2  	     225.0  	     216.9  	     222.6  	     
214.7  	     233.2  	     228.3  	     207.6  	     208.3  	     221.4  	     212.8  	     218.8  	     
211.1  	     230.8  	     225.3  	     203.4  	     204.2  	     218.1  	     208.8  	     214.9  	     
207.1  	     227.9  	     221.5  	     198.6  	     200.0  	     214.1  	     204.7  	     210.7  	     
203.3  	     225.5  	     217.9  	     194.6  	     195.7  	     210.5  	     200.6  	     206.7  	     
199.2  	     222.7  	     214.5  	     189.9  	     191.4  	     206.6  	     196.5  	     202.7  	     
195.5  	     220.3  	     210.9  	     185.8  	     187.3  	     202.8  	     192.5  	     198.6  	     
191.9  	     217.6  	     207.3  	     181.3  	     183.2  	     198.9  	     188.3  	     194.5  	     
188.0  	     214.5  	     203.6  	     177.6  	     178.7  	     195.0  	     184.1  	     190.6  	     
183.9  	     211.3  	     199.7  	     172.9  	     174.5  	     191.1  	     180.0  	     186.3  	     
179.3  	     208.6  	     195.8  	     168.5  	     169.9  	     187.2  	     175.7  	     182.2  	     
175.7  	     205.6  	     192.1  	     164.2  	     165.9  	     183.2  	     171.6  	     178.1  	     
172.0  	     202.7  	     188.3  	     159.6  	     161.7  	     179.4  	     167.5  	     174.0  	     
167.7  	     200.0  	     184.7  	     155.5  	     157.5  	     175.5  	     163.5  	     169.9  	     
164.2  	     196.7  	     180.9  	     151.6  	     153.2  	     171.9  	     159.6  	     166.0  	     
160.7  	     194.3  	     177.4  	     147.7  	     149.5  	     168.1  	     156.0  	     162.1  	     
157.4  	     191.9  	     173.9  	     144.2  	     146.2  	     164.6  	     152.5  	     158.7  	     
154.4  	     189.0  	     170.5  	     140.9  	     143.2  	     161.3  	     149.4  	     155.1  	     
151.4  	     186.2  	     167.2  	     138.2  	     140.3  	     158.1  	     146.3  	     152.0  	     
148.5  	     184.0  	     163.9  	     135.3  	     137.3  	     155.0  	     143.6  	     148.9  	     
145.9  	     181.5  	     161.0  	     132.8  	     134.6  	     152.0  	     140.8  	     146.0  	     
143.3  	     178.7  	     158.1  	     130.2  	     132.2  	     149.2  	     138.3  	     143.3  	     
140.9  	     176.9  	     155.3  	     128.4  	     130.0  	     146.7  	     135.9  	     140.7  	     
138.8  	     174.5  	     152.6  	     126.1  	     127.6  	     144.1  	     133.8  	     138.2  	     
136.7  	     172.2  	     150.1  	     124.3  	     126.0  	     141.6  	     131.6  	     135.8  	     
134.6  	     170.0  	     147.5  	     122.8  	     124.4  	     139.4  	     129.6  	     133.5  	     
132.9  	     167.8  	     145.1  	     121.5  	     122.5  	     137.2  	     127.8  	     131.6  	     
131.4  	     165.7  	     142.8  	     119.4  	     120.9  	     135.1  	     126.0  	     129.5  	     
129.3  	     163.5  	     140.5  	     118.2  	     119.1  	     133.0  	     124.4  	     127.7  	     
127.6  	     161.4  	     138.5  	     116.7  	     117.9  	     131.0  	     122.8  	     126.0  	     
126.1  	     159.4  	     136.3  	     115.7  	     116.7  	     129.2  	     121.3  	     124.2  	     
124.7  	     157.4  	     134.3  	     114.5  	     115.3  	     127.5  	     119.9  	     122.7  	     
123.1  	     155.6  	     132.5  	     113.4  	     114.3  	     126.0  	     118.5  	     121.2  	     
122.0  	     153.4  	     130.7  	     112.1  	     113.2  	     124.4  	     117.3  	     119.7  	     
120.7  	     151.8  	     128.9  	     111.5  	     112.2  	     123.0  	     116.1  	     118.4  	     
119.6  	     149.7  	     127.5  	     110.4  	     111.0  	     121.5  	     114.9  	     117.1  	     
118.3  	     148.3  	     125.9  	     109.3  	     110.3  	     120.2  	     113.9  	     115.9  	     
117.9  	     147.9  	     125.6  	     109.6  	     110.1  	     119.9  	     113.6  	     115.6  	     
116.6  	     146.6  	     124.2  	     109.0  	     109.3  	     118.5  	     112.6  	     114.6  	     
115.0  	     145.1  	     122.6  	     107.4  	     108.1  	     116.9  	     111.0  	     112.9  	     
113.4  	     143.8  	     121.3  	     105.9  	     106.9  	     115.6  	     109.8  	     111.5  	     
112.7  	     143.2  	     120.3  	     104.6  	     105.5  	     114.5  	     108.6  	     110.4  	     
112.4  	     143.2  	     119.9  	     103.6  	     104.8  	     114.0  	     108.2  	     109.8  	     