
G11-PTC10  	G11-PTC11  	G11-PTC12  	G11-PTC13  	G11-PTC14  	
Deg.F  	     Deg.F  	     Deg.F  	     Deg.F  	     Deg.F  	     
81.5  	     80.4  	     80.5  	     82.0  	     81.1  	     
81.5  	     80.4  	     80.5  	     82.0  	     81.1  	     
81.6  	     80.6  	     80.5  	     82.1  	     81.1  	     
81.6  	     80.6  	     80.5  	     82.1  	     81.1  	     
81.8  	     82.1  	     80.8  	     82.8  	     81.4  	     
83.2  	     83.8  	     81.3  	     84.8  	     82.4  	     
85.0  	     85.7  	     82.0  	     86.8  	     82.7  	     
87.1  	     87.9  	     82.7  	     89.3  	     83.6  	     
89.3  	     90.2  	     83.7  	     91.9  	     85.1  	     
92.8  	     92.7  	     84.8  	     94.9  	     85.6  	     
96.1  	     95.1  	     85.7  	     97.7  	     87.5  	     
96.5  	     95.5  	     85.9  	     97.9  	     87.4  	     
99.7  	     98.4  	     87.4  	     101.0  	     89.5  	     
103.5  	     102.6  	     89.1  	     104.3  	     92.0  	     
107.0  	     106.2  	     91.0  	     108.0  	     94.3  	     
110.5  	     110.1  	     93.0  	     111.8  	     96.2  	     
114.2  	     114.0  	     95.2  	     115.5  	     99.2  	     
117.7  	     118.1  	     97.4  	     119.5  	     102.1  	     
121.5  	     122.0  	     99.8  	     123.5  	     105.2  	     
125.2  	     126.5  	     102.3  	     127.6  	     108.4  	     
129.3  	     130.2  	     105.2  	     131.8  	     111.9  	     
133.1  	     134.3  	     108.1  	     136.1  	     115.4  	     
137.1  	     138.4  	     111.3  	     140.6  	     118.8  	     
141.1  	     142.6  	     114.6  	     145.0  	     122.4  	     
145.2  	     147.2  	     117.9  	     149.4  	     126.0  	     
149.7  	     150.8  	     121.5  	     153.8  	     129.9  	     
153.8  	     155.1  	     125.2  	     158.5  	     133.9  	     
158.4  	     159.5  	     128.9  	     162.9  	     138.2  	     
162.5  	     164.0  	     132.6  	     167.9  	     142.0  	     
166.8  	     168.7  	     136.6  	     172.6  	     146.1  	     
171.3  	     173.7  	     140.7  	     177.3  	     150.4  	     
175.6  	     178.3  	     144.7  	     181.9  	     154.8  	     
180.2  	     182.8  	     149.0  	     186.7  	     159.4  	     
182.5  	     186.4  	     151.2  	     189.1  	     161.5  	     
184.7  	     188.6  	     153.4  	     191.2  	     163.6  	     
189.1  	     192.9  	     158.0  	     196.2  	     168.1  	     
193.5  	     197.8  	     162.7  	     200.6  	     172.9  	     
198.3  	     202.8  	     167.0  	     205.1  	     177.3  	     
202.6  	     208.7  	     171.8  	     209.9  	     181.9  	     
207.3  	     211.7  	     176.4  	     214.5  	     186.3  	     
211.5  	     217.4  	     180.9  	     219.2  	     190.7  	     
216.2  	     222.1  	     185.4  	     223.7  	     195.1  	     
220.3  	     226.0  	     190.1  	     228.3  	     199.8  	     
224.4  	     231.0  	     194.6  	     233.0  	     204.2  	     
228.9  	     234.8  	     199.2  	     237.6  	     208.9  	     
233.4  	     240.9  	     203.8  	     242.1  	     213.4  	     
238.0  	     244.2  	     208.3  	     246.7  	     217.7  	     
242.3  	     249.1  	     213.0  	     251.6  	     222.3  	     
246.6  	     253.5  	     217.4  	     256.2  	     226.8  	     
251.1  	     258.5  	     222.1  	     260.6  	     231.0  	     
255.6  	     262.1  	     226.4  	     265.0  	     235.4  	     
260.2  	     266.9  	     230.9  	     269.8  	     240.0  	     
264.2  	     271.9  	     235.2  	     274.5  	     244.6  	     
268.8  	     276.8  	     240.1  	     279.1  	     248.8  	     
273.1  	     281.4  	     244.6  	     283.7  	     253.3  	     
277.5  	     285.6  	     249.0  	     288.3  	     257.9  	     
282.0  	     290.9  	     253.4  	     292.7  	     262.1  	     
286.4  	     293.7  	     258.2  	     297.3  	     266.5  	     
290.3  	     298.7  	     262.9  	     302.3  	     271.0  	     
295.1  	     303.6  	     267.2  	     306.7  	     275.2  	     
299.7  	     307.6  	     271.6  	     311.2  	     279.6  	     
304.3  	     312.9  	     276.2  	     315.6  	     283.9  	     
308.6  	     317.1  	     280.5  	     320.1  	     288.6  	     
313.0  	     322.1  	     285.2  	     324.7  	     292.7  	     
317.4  	     326.4  	     289.5  	     329.3  	     297.6  	     
321.9  	     330.9  	     294.3  	     333.9  	     301.6  	     
326.5  	     334.9  	     298.7  	     338.8  	     306.0  	     
327.2  	     335.8  	     301.3  	     340.4  	     308.8  	     
329.5  	     339.8  	     305.6  	     342.0  	     312.9  	     
332.0  	     341.6  	     308.7  	     344.5  	     316.0  	     
333.7  	     343.4  	     311.9  	     345.9  	     319.0  	     
335.1  	     345.0  	     314.7  	     347.0  	     321.5  	     
336.5  	     346.2  	     317.4  	     348.0  	     324.3  	     
337.7  	     347.2  	     319.8  	     348.8  	     326.6  	     
338.7  	     348.1  	     322.0  	     349.5  	     328.8  	     
339.8  	     348.8  	     324.3  	     350.0  	     330.7  	     
340.8  	     349.4  	     326.3  	     350.6  	     332.4  	     
341.5  	     350.0  	     328.1  	     351.0  	     334.0  	     
342.6  	     350.5  	     329.9  	     351.4  	     335.5  	     
343.2  	     350.9  	     331.5  	     351.8  	     337.2  	     
344.0  	     351.2  	     333.0  	     352.2  	     338.4  	     
344.5  	     351.5  	     334.4  	     352.4  	     339.6  	     
345.4  	     351.8  	     335.9  	     352.6  	     340.7  	     
346.1  	     352.0  	     337.0  	     352.7  	     341.8  	     
346.6  	     352.3  	     338.3  	     353.0  	     342.7  	     
347.1  	     352.5  	     339.3  	     353.1  	     343.5  	     
347.5  	     352.7  	     340.3  	     353.3  	     344.3  	     
348.0  	     352.8  	     341.3  	     353.4  	     345.2  	     
348.3  	     352.9  	     342.1  	     353.4  	     345.8  	     
348.7  	     353.0  	     342.9  	     353.6  	     346.4  	     
349.0  	     353.2  	     343.6  	     353.6  	     347.0  	     
349.3  	     353.2  	     344.4  	     353.7  	     347.6  	     
349.7  	     353.2  	     345.0  	     353.8  	     348.1  	     
349.7  	     353.3  	     345.3  	     353.8  	     348.3  	     
349.9  	     353.3  	     345.6  	     353.8  	     348.5  	     
350.2  	     353.6  	     346.2  	     353.9  	     349.0  	     
350.5  	     353.5  	     346.8  	     353.9  	     349.3  	     
350.7  	     353.6  	     347.3  	     354.0  	     349.8  	     
350.8  	     353.6  	     347.8  	     354.1  	     350.1  	     
351.2  	     353.7  	     348.2  	     354.1  	     350.4  	     
351.3  	     353.6  	     348.6  	     354.1  	     350.7  	     
351.5  	     353.7  	     349.0  	     354.2  	     351.0  	     
351.6  	     353.7  	     349.4  	     354.4  	     351.2  	     
351.8  	     353.7  	     349.7  	     354.3  	     351.5  	     
351.9  	     353.8  	     350.0  	     354.3  	     351.7  	     
352.1  	     353.8  	     350.2  	     354.4  	     351.9  	     
352.2  	     353.8  	     350.5  	     354.5  	     352.1  	     
352.3  	     353.9  	     350.7  	     354.5  	     352.2  	     
352.4  	     353.8  	     351.0  	     354.5  	     352.4  	     
352.6  	     353.8  	     351.1  	     354.5  	     352.6  	     
352.6  	     353.9  	     351.3  	     354.6  	     352.7  	     
352.6  	     353.8  	     351.4  	     354.6  	     352.7  	     
352.9  	     353.9  	     351.7  	     354.5  	     352.7  	     
352.9  	     353.9  	     351.8  	     354.6  	     352.8  	     
352.9  	     353.9  	     351.9  	     354.6  	     353.1  	     
353.0  	     353.8  	     352.0  	     354.6  	     353.1  	     
353.0  	     353.9  	     352.1  	     354.7  	     353.2  	     
353.1  	     353.9  	     352.2  	     354.6  	     353.2  	     
353.2  	     353.9  	     352.4  	     354.6  	     353.2  	     
353.3  	     353.9  	     352.4  	     354.7  	     353.3  	     
353.4  	     353.9  	     352.6  	     354.7  	     353.4  	     
353.4  	     353.9  	     352.6  	     354.6  	     353.5  	     
353.4  	     353.9  	     352.6  	     354.7  	     353.6  	     
353.5  	     353.8  	     352.8  	     354.8  	     353.8  	     
353.3  	     353.8  	     352.8  	     354.8  	     353.8  	     
353.4  	     353.8  	     352.9  	     354.7  	     353.9  	     
353.5  	     353.9  	     353.1  	     354.7  	     353.8  	     
353.5  	     353.9  	     353.1  	     354.7  	     354.0  	     
353.5  	     354.0  	     353.2  	     354.7  	     354.0  	     
353.6  	     353.9  	     353.3  	     354.7  	     354.1  	     
353.6  	     354.0  	     353.4  	     354.7  	     354.1  	     
353.8  	     354.0  	     353.5  	     354.7  	     354.1  	     
353.4  	     354.1  	     353.5  	     354.6  	     354.1  	     
353.8  	     354.1  	     353.6  	     354.6  	     354.1  	     
353.7  	     354.1  	     353.7  	     354.6  	     354.1  	     
353.8  	     354.1  	     353.7  	     354.6  	     354.1  	     
353.7  	     353.9  	     353.6  	     354.6  	     354.2  	     
353.7  	     353.9  	     353.7  	     354.6  	     354.3  	     
353.8  	     354.0  	     353.7  	     354.6  	     354.2  	     
353.8  	     354.1  	     353.6  	     354.6  	     354.2  	     
353.7  	     354.0  	     353.8  	     354.6  	     354.2  	     
353.8  	     354.1  	     353.9  	     354.7  	     354.3  	     
353.9  	     354.2  	     353.9  	     354.7  	     354.3  	     
353.9  	     354.2  	     353.9  	     354.6  	     354.3  	     
354.0  	     354.1  	     354.0  	     354.7  	     354.3  	     
353.9  	     354.2  	     354.0  	     354.7  	     354.4  	     
353.9  	     354.1  	     354.0  	     354.7  	     354.3  	     
353.9  	     354.2  	     354.0  	     354.8  	     354.4  	     
354.0  	     354.1  	     354.0  	     354.7  	     354.4  	     
353.8  	     354.1  	     354.1  	     354.7  	     354.3  	     
354.0  	     354.1  	     354.0  	     354.6  	     354.5  	     
353.9  	     354.1  	     354.0  	     354.6  	     354.5  	     
354.0  	     354.2  	     354.1  	     354.7  	     354.4  	     
354.0  	     354.2  	     354.1  	     354.7  	     354.4  	     
354.0  	     354.1  	     354.1  	     354.6  	     354.4  	     
354.0  	     354.2  	     354.1  	     354.7  	     354.4  	     
354.1  	     354.2  	     354.1  	     354.7  	     354.4  	     
353.9  	     354.0  	     354.0  	     354.7  	     354.5  	     
353.9  	     354.0  	     354.0  	     354.7  	     354.4  	     
353.8  	     353.9  	     354.0  	     354.7  	     354.5  	     
353.8  	     353.9  	     353.9  	     354.7  	     354.4  	     
353.9  	     354.0  	     354.0  	     354.7  	     354.5  	     
354.1  	     354.2  	     354.1  	     354.7  	     354.5  	     
354.0  	     354.2  	     354.1  	     354.8  	     354.4  	     
348.2  	     354.1  	     354.1  	     354.6  	     354.4  	     
354.0  	     354.1  	     354.1  	     354.7  	     354.6  	     
354.0  	     354.1  	     354.1  	     354.7  	     354.4  	     
354.0  	     354.1  	     354.0  	     354.7  	     354.5  	     
354.0  	     354.2  	     354.1  	     354.7  	     354.5  	     
354.0  	     354.1  	     354.1  	     354.7  	     354.5  	     
354.0  	     354.1  	     354.1  	     354.7  	     354.4  	     
354.0  	     354.1  	     354.1  	     354.8  	     354.5  	     
354.0  	     354.1  	     354.1  	     354.7  	     354.5  	     
354.0  	     354.1  	     354.0  	     354.7  	     354.4  	     
354.0  	     354.0  	     354.0  	     354.7  	     354.5  	     
354.0  	     354.0  	     354.1  	     354.8  	     354.4  	     
354.0  	     354.1  	     354.1  	     354.6  	     354.4  	     
354.0  	     354.1  	     354.1  	     354.7  	     354.5  	     
353.1  	     354.1  	     354.1  	     354.8  	     354.4  	     
354.1  	     354.1  	     354.1  	     354.8  	     354.5  	     
354.1  	     354.1  	     354.0  	     354.8  	     354.5  	     
352.4  	     354.1  	     354.1  	     354.8  	     354.4  	     
354.0  	     354.1  	     354.0  	     354.8  	     354.5  	     
354.2  	     354.0  	     354.1  	     354.8  	     354.5  	     
354.2  	     354.0  	     354.1  	     354.8  	     354.4  	     
352.7  	     351.8  	     353.3  	     354.6  	     353.4  	     
351.4  	     352.0  	     353.1  	     352.1  	     353.2  	     
350.5  	     349.5  	     352.2  	     351.1  	     352.2  	     
347.3  	     348.3  	     351.2  	     348.2  	     351.3  	     
346.0  	     345.0  	     349.9  	     346.6  	     349.5  	     
342.6  	     343.6  	     348.6  	     343.1  	     348.4  	     
340.7  	     340.0  	     347.0  	     341.4  	     346.3  	     
338.8  	     339.0  	     346.0  	     339.5  	     345.5  	     
337.7  	     338.1  	     345.4  	     338.0  	     345.0  	     
335.2  	     333.9  	     343.1  	     335.6  	     342.2  	     
331.9  	     332.0  	     341.6  	     332.1  	     340.8  	     
329.0  	     327.8  	     339.1  	     329.2  	     337.8  	     
326.0  	     325.4  	     337.3  	     325.5  	     335.7  	     
322.5  	     321.4  	     334.6  	     322.0  	     332.7  	     
319.6  	     318.2  	     332.4  	     318.7  	     330.3  	     
315.8  	     314.2  	     329.6  	     314.9  	     327.2  	     
312.9  	     310.6  	     327.2  	     311.6  	     324.2  	     
309.0  	     306.6  	     324.1  	     307.5  	     321.3  	     
306.2  	     302.4  	     321.2  	     304.3  	     317.6  	     
302.1  	     298.8  	     318.3  	     300.1  	     314.8  	     
298.3  	     294.0  	     314.7  	     296.7  	     310.7  	     
294.7  	     290.9  	     311.9  	     292.7  	     308.2  	     
290.6  	     286.6  	     308.6  	     288.4  	     304.6  	     
286.7  	     282.0  	     304.9  	     284.7  	     300.5  	     
283.2  	     278.4  	     301.9  	     280.7  	     297.2  	     
279.4  	     274.6  	     298.4  	     276.6  	     293.6  	     
274.9  	     270.1  	     294.8  	     272.6  	     289.6  	     
271.1  	     265.7  	     291.1  	     268.6  	     285.4  	     
267.0  	     261.0  	     287.2  	     264.4  	     281.4  	     
263.1  	     257.3  	     283.8  	     260.4  	     277.7  	     
259.2  	     253.7  	     280.3  	     256.1  	     274.1  	     
255.0  	     249.0  	     276.3  	     252.2  	     270.0  	     
250.7  	     244.5  	     272.5  	     247.9  	     266.0  	     
246.7  	     240.3  	     268.5  	     243.7  	     261.7  	     
242.9  	     235.7  	     264.5  	     239.5  	     257.6  	     
238.7  	     231.3  	     260.5  	     235.2  	     253.3  	     
234.7  	     227.2  	     256.9  	     231.3  	     249.3  	     
230.5  	     222.7  	     253.0  	     226.9  	     245.3  	     
226.1  	     218.2  	     248.9  	     223.0  	     241.3  	     
222.1  	     214.3  	     244.8  	     218.6  	     236.9  	     
218.0  	     209.9  	     240.8  	     214.4  	     232.8  	     
213.6  	     206.0  	     236.7  	     210.0  	     228.4  	     
209.5  	     201.3  	     232.5  	     205.7  	     224.1  	     
204.9  	     196.3  	     228.3  	     201.2  	     219.8  	     
200.8  	     192.2  	     224.3  	     196.8  	     215.7  	     
196.7  	     188.2  	     219.9  	     192.6  	     211.2  	     
192.3  	     183.5  	     215.7  	     188.7  	     206.9  	     
188.5  	     178.9  	     211.7  	     184.2  	     202.6  	     
184.1  	     174.5  	     207.3  	     179.9  	     198.1  	     
179.7  	     170.2  	     203.1  	     175.7  	     194.0  	     
175.5  	     166.5  	     198.7  	     171.5  	     189.6  	     
171.5  	     161.3  	     194.5  	     167.2  	     185.4  	     
167.5  	     157.9  	     190.4  	     163.2  	     181.2  	     
163.6  	     153.7  	     186.4  	     159.6  	     177.2  	     
160.5  	     150.3  	     182.4  	     156.1  	     173.1  	     
157.2  	     145.8  	     178.6  	     152.8  	     169.4  	     
154.1  	     143.8  	     175.0  	     149.5  	     165.7  	     
151.2  	     140.9  	     171.6  	     146.5  	     162.3  	     
148.5  	     138.0  	     168.0  	     143.7  	     158.8  	     
146.0  	     135.0  	     164.6  	     141.2  	     155.6  	     
143.5  	     132.7  	     161.4  	     138.7  	     152.6  	     
141.1  	     130.5  	     158.4  	     136.2  	     149.6  	     
139.3  	     128.4  	     155.4  	     134.0  	     146.8  	     
137.1  	     126.3  	     152.5  	     132.1  	     144.3  	     
134.9  	     125.3  	     149.9  	     130.2  	     141.7  	     
133.5  	     123.1  	     148.0  	     128.8  	     139.9  	     
132.8  	     122.6  	     147.2  	     128.3  	     139.2  	     
130.5  	     120.8  	     144.9  	     125.9  	     137.0  	     
128.3  	     119.0  	     142.9  	     123.5  	     134.8  	     
126.6  	     117.5  	     141.1  	     121.4  	     133.2  	     
125.6  	     116.1  	     140.0  	     119.7  	     132.0  	     
125.2  	     115.5  	     139.3  	     118.9  	     131.3  	     