
G11-PTC10  	G11-PTC11  	G11-PTC12  	G11-PTC13  	G11-PTC14  	G11-PTC15  	
Deg.F  	     Deg.F  	     Deg.F  	     Deg.F  	     Deg.F  	     Deg.F  	     
78.2  	     78.3  	     77.7  	     79.5  	     81.0  	     79.9  	     
78.2  	     78.3  	     77.7  	     79.5  	     81.0  	     79.9  	     
78.2  	     78.3  	     77.7  	     79.5  	     81.0  	     79.9  	     
78.2  	     78.3  	     77.7  	     79.5  	     81.0  	     79.9  	     
79.0  	     78.8  	     78.2  	     80.8  	     84.1  	     83.0  	     
79.4  	     79.3  	     78.6  	     81.4  	     85.0  	     83.8  	     
80.6  	     80.1  	     79.2  	     82.5  	     87.5  	     86.3  	     
81.5  	     81.0  	     79.9  	     83.9  	     90.3  	     88.9  	     
83.4  	     82.5  	     81.0  	     85.6  	     93.4  	     92.0  	     
84.7  	     84.0  	     82.2  	     87.5  	     96.8  	     94.9  	     
86.7  	     85.9  	     83.7  	     89.5  	     100.2  	     98.3  	     
86.7  	     85.9  	     83.7  	     89.5  	     100.2  	     98.3  	     
88.6  	     87.8  	     85.2  	     91.7  	     103.8  	     102.3  	     
90.7  	     90.0  	     86.8  	     94.5  	     107.5  	     105.5  	     
93.0  	     92.1  	     88.7  	     96.6  	     111.5  	     109.4  	     
95.7  	     94.6  	     90.6  	     99.6  	     115.6  	     113.5  	     
98.1  	     97.2  	     92.7  	     102.6  	     120.0  	     118.1  	     
100.5  	     99.9  	     94.9  	     105.7  	     124.2  	     122.2  	     
103.5  	     102.9  	     97.1  	     109.0  	     128.6  	     126.5  	     
106.2  	     105.8  	     99.5  	     112.5  	     133.1  	     131.0  	     
109.1  	     109.0  	     102.0  	     115.8  	     137.5  	     135.6  	     
112.2  	     112.2  	     104.5  	     119.5  	     142.2  	     140.3  	     
115.0  	     115.6  	     107.1  	     123.2  	     146.9  	     144.7  	     
118.2  	     118.8  	     109.7  	     127.3  	     151.3  	     149.4  	     
121.8  	     122.5  	     112.4  	     131.2  	     155.9  	     154.4  	     
125.1  	     126.1  	     115.2  	     135.6  	     160.8  	     159.6  	     
128.5  	     129.7  	     118.2  	     139.7  	     165.3  	     164.1  	     
132.1  	     133.6  	     121.2  	     144.0  	     170.2  	     169.3  	     
135.9  	     137.4  	     124.5  	     148.3  	     174.3  	     174.1  	     
139.4  	     141.5  	     127.8  	     152.7  	     179.1  	     178.8  	     
143.0  	     145.7  	     131.2  	     157.5  	     184.2  	     183.9  	     
146.9  	     149.5  	     134.8  	     162.1  	     188.1  	     188.5  	     
150.9  	     152.9  	     138.6  	     166.6  	     193.3  	     193.4  	     
153.1  	     156.2  	     141.0  	     169.6  	     196.1  	     196.4  	     
154.7  	     157.8  	     142.4  	     171.1  	     198.3  	     198.3  	     
158.7  	     162.0  	     146.2  	     176.2  	     202.6  	     202.8  	     
162.9  	     166.4  	     149.6  	     181.1  	     207.2  	     207.6  	     
166.9  	     171.4  	     153.7  	     185.9  	     211.7  	     212.5  	     
171.3  	     174.8  	     157.7  	     190.8  	     215.8  	     217.7  	     
175.1  	     179.6  	     162.0  	     194.8  	     219.9  	     222.3  	     
178.8  	     183.0  	     165.8  	     199.5  	     224.4  	     227.1  	     
183.0  	     188.1  	     170.0  	     203.7  	     228.6  	     232.0  	     
186.8  	     192.3  	     174.1  	     208.8  	     232.7  	     236.7  	     
190.4  	     196.8  	     178.1  	     213.9  	     236.7  	     241.3  	     
194.6  	     201.3  	     182.4  	     217.8  	     240.7  	     245.9  	     
197.6  	     202.6  	     187.1  	     222.2  	     245.3  	     250.2  	     
202.1  	     209.3  	     191.4  	     226.8  	     249.5  	     255.0  	     
206.2  	     213.5  	     196.2  	     231.3  	     253.6  	     259.5  	     
209.9  	     217.8  	     200.4  	     236.1  	     257.7  	     264.2  	     
213.9  	     222.0  	     205.1  	     240.7  	     261.8  	     268.6  	     
218.2  	     226.6  	     209.2  	     245.2  	     265.9  	     273.2  	     
221.8  	     230.9  	     213.7  	     250.0  	     270.3  	     277.5  	     
226.1  	     235.3  	     218.0  	     254.1  	     274.4  	     281.9  	     
229.9  	     239.3  	     221.9  	     258.8  	     278.9  	     286.5  	     
234.1  	     243.5  	     226.5  	     263.4  	     282.8  	     290.8  	     
237.9  	     248.3  	     230.8  	     267.9  	     287.9  	     295.8  	     
241.7  	     252.8  	     234.5  	     272.5  	     291.6  	     299.9  	     
245.9  	     257.1  	     238.7  	     276.3  	     296.3  	     304.3  	     
249.6  	     261.0  	     242.8  	     281.3  	     300.8  	     308.7  	     
253.7  	     266.4  	     247.4  	     285.2  	     305.0  	     313.2  	     
257.8  	     270.4  	     251.5  	     289.7  	     309.8  	     317.8  	     
262.2  	     274.7  	     255.5  	     294.5  	     314.0  	     322.3  	     
266.0  	     278.9  	     259.5  	     298.6  	     318.3  	     326.7  	     
270.5  	     283.7  	     264.1  	     303.4  	     322.4  	     331.2  	     
274.7  	     288.1  	     268.1  	     307.7  	     327.0  	     335.8  	     
279.1  	     292.5  	     272.1  	     312.8  	     331.4  	     340.2  	     
283.2  	     297.0  	     276.7  	     317.1  	     336.1  	     344.7  	     
286.9  	     301.1  	     280.2  	     320.4  	     339.2  	     346.5  	     
289.7  	     304.7  	     283.2  	     323.0  	     342.1  	     347.8  	     
292.7  	     307.6  	     285.9  	     325.9  	     344.3  	     349.1  	     
295.0  	     310.2  	     287.9  	     328.2  	     346.3  	     350.0  	     
297.2  	     312.5  	     290.1  	     330.2  	     348.0  	     350.9  	     
299.4  	     314.8  	     292.1  	     332.4  	     349.4  	     351.6  	     
301.6  	     316.8  	     293.9  	     334.0  	     350.3  	     352.2  	     
303.4  	     318.7  	     295.6  	     335.5  	     351.3  	     352.4  	     
305.0  	     320.5  	     297.7  	     337.2  	     352.0  	     352.9  	     
306.8  	     322.0  	     299.4  	     338.7  	     352.7  	     353.2  	     
308.5  	     323.4  	     300.9  	     339.9  	     353.3  	     353.5  	     
309.9  	     324.7  	     302.6  	     341.2  	     353.4  	     354.0  	     
311.2  	     325.9  	     303.9  	     342.2  	     353.9  	     354.0  	     
312.7  	     327.2  	     305.6  	     343.2  	     354.2  	     354.0  	     
314.0  	     328.0  	     307.1  	     344.0  	     354.5  	     354.3  	     
315.3  	     329.3  	     308.6  	     344.8  	     354.6  	     354.4  	     
316.5  	     329.9  	     309.8  	     345.0  	     354.0  	     351.2  	     
316.4  	     330.3  	     309.9  	     345.2  	     353.6  	     352.8  	     
318.1  	     331.2  	     311.4  	     346.7  	     353.9  	     353.2  	     
319.3  	     332.3  	     313.1  	     346.9  	     354.0  	     353.4  	     
320.4  	     333.1  	     314.2  	     347.6  	     354.1  	     353.5  	     
321.2  	     334.0  	     315.4  	     347.8  	     353.8  	     353.4  	     
321.7  	     331.0  	     316.6  	     348.4  	     353.9  	     353.5  	     
323.3  	     335.7  	     317.5  	     348.7  	     353.9  	     353.6  	     
324.0  	     336.2  	     318.8  	     349.1  	     354.1  	     353.6  	     
325.1  	     335.0  	     319.8  	     349.7  	     354.1  	     353.6  	     
325.8  	     337.6  	     321.0  	     350.0  	     354.1  	     353.7  	     
326.8  	     338.3  	     321.9  	     350.4  	     354.1  	     353.8  	     
327.4  	     334.8  	     322.9  	     350.4  	     354.3  	     353.8  	     
328.4  	     339.1  	     323.7  	     350.8  	     354.2  	     353.7  	     
329.2  	     340.0  	     325.0  	     350.8  	     354.2  	     353.8  	     
330.0  	     340.5  	     325.8  	     351.2  	     354.2  	     353.7  	     
330.6  	     341.0  	     326.4  	     351.2  	     354.2  	     353.6  	     
331.3  	     341.4  	     327.2  	     351.9  	     354.5  	     353.5  	     
331.8  	     341.9  	     328.0  	     351.9  	     354.2  	     353.6  	     
332.3  	     342.2  	     328.7  	     352.4  	     354.3  	     353.8  	     
333.1  	     342.6  	     329.3  	     352.4  	     354.3  	     353.8  	     
333.7  	     342.7  	     330.0  	     352.6  	     354.3  	     353.7  	     
334.1  	     343.1  	     330.8  	     352.8  	     354.3  	     353.8  	     
334.7  	     343.8  	     331.6  	     352.6  	     354.4  	     353.9  	     
335.6  	     344.2  	     332.3  	     352.9  	     354.3  	     353.8  	     
335.8  	     344.5  	     332.8  	     352.6  	     354.3  	     353.6  	     
336.4  	     344.3  	     333.5  	     353.1  	     354.4  	     353.6  	     
337.0  	     345.3  	     334.3  	     353.0  	     354.4  	     353.6  	     
337.5  	     345.5  	     334.9  	     353.6  	     354.4  	     353.7  	     
337.9  	     345.5  	     335.3  	     353.3  	     354.3  	     353.7  	     
338.2  	     346.0  	     335.9  	     354.0  	     354.3  	     353.6  	     
338.9  	     346.5  	     336.6  	     353.7  	     354.6  	     353.9  	     
339.4  	     346.7  	     337.1  	     353.8  	     354.4  	     353.6  	     
339.6  	     346.9  	     337.5  	     353.6  	     354.4  	     353.8  	     
340.2  	     347.2  	     338.1  	     353.5  	     354.3  	     353.7  	     
340.4  	     347.4  	     338.5  	     354.1  	     354.3  	     353.6  	     
341.0  	     347.6  	     339.0  	     353.8  	     354.4  	     353.7  	     
341.1  	     345.4  	     339.5  	     353.7  	     354.4  	     353.8  	     
341.5  	     348.1  	     340.0  	     353.9  	     354.4  	     353.7  	     
341.8  	     347.4  	     340.3  	     353.9  	     354.4  	     353.6  	     
342.1  	     348.5  	     340.8  	     353.8  	     354.4  	     353.6  	     
342.5  	     348.6  	     341.5  	     354.1  	     354.4  	     353.5  	     
342.7  	     348.8  	     341.4  	     354.3  	     354.4  	     353.5  	     
342.7  	     349.0  	     341.9  	     354.1  	     354.5  	     353.5  	     
343.2  	     349.1  	     342.3  	     354.0  	     354.5  	     353.6  	     
343.8  	     349.3  	     342.7  	     354.6  	     354.4  	     353.5  	     
343.5  	     349.4  	     343.0  	     354.1  	     354.5  	     353.8  	     
344.2  	     349.6  	     343.3  	     354.3  	     354.5  	     353.5  	     
344.4  	     349.8  	     343.7  	     354.5  	     354.6  	     353.5  	     
344.7  	     349.9  	     344.0  	     354.3  	     354.6  	     353.5  	     
344.9  	     350.0  	     344.2  	     354.5  	     354.4  	     353.6  	     
345.1  	     350.1  	     344.6  	     354.2  	     354.6  	     353.6  	     
345.4  	     350.2  	     345.0  	     354.5  	     354.5  	     353.7  	     
345.7  	     350.4  	     345.2  	     354.3  	     354.4  	     353.5  	     
345.8  	     350.3  	     345.3  	     353.9  	     354.5  	     353.5  	     
345.6  	     350.4  	     345.4  	     354.3  	     354.6  	     353.6  	     
346.0  	     350.5  	     345.6  	     354.5  	     354.5  	     353.6  	     
346.1  	     350.6  	     345.9  	     354.4  	     354.6  	     353.6  	     
346.2  	     350.7  	     346.2  	     354.4  	     354.5  	     353.5  	     
346.7  	     350.8  	     346.4  	     354.5  	     354.5  	     353.6  	     
346.9  	     351.0  	     346.6  	     354.7  	     354.5  	     353.8  	     
346.6  	     351.0  	     346.9  	     354.1  	     354.6  	     353.6  	     
346.9  	     351.1  	     346.8  	     354.5  	     354.4  	     353.5  	     
347.3  	     351.1  	     347.2  	     354.5  	     354.6  	     353.6  	     
347.6  	     351.3  	     347.5  	     354.5  	     354.6  	     353.6  	     
347.4  	     351.4  	     347.6  	     354.5  	     354.5  	     353.5  	     
347.9  	     351.5  	     347.8  	     354.3  	     354.6  	     353.6  	     
347.6  	     351.5  	     348.1  	     354.4  	     354.4  	     353.4  	     
348.0  	     351.6  	     348.2  	     354.5  	     354.7  	     353.5  	     
348.1  	     351.5  	     348.3  	     354.5  	     354.7  	     353.5  	     
348.1  	     351.5  	     348.5  	     354.3  	     354.5  	     353.6  	     
347.9  	     351.8  	     348.6  	     354.5  	     354.6  	     353.6  	     
348.4  	     349.3  	     348.8  	     354.2  	     354.7  	     353.4  	     
348.6  	     351.8  	     349.0  	     354.5  	     354.5  	     353.4  	     
348.8  	     352.0  	     349.3  	     354.6  	     354.6  	     353.6  	     
349.0  	     352.0  	     349.3  	     354.8  	     354.5  	     353.6  	     
348.8  	     352.0  	     349.5  	     354.5  	     354.6  	     353.6  	     
349.0  	     348.0  	     349.6  	     354.8  	     354.6  	     353.5  	     
349.0  	     352.1  	     349.7  	     354.7  	     354.6  	     353.4  	     
349.2  	     350.2  	     349.9  	     354.6  	     354.8  	     353.4  	     
349.3  	     352.6  	     349.9  	     354.8  	     354.7  	     353.3  	     
349.5  	     352.2  	     350.0  	     354.7  	     354.6  	     353.3  	     
349.3  	     352.2  	     350.1  	     354.7  	     354.6  	     353.3  	     
349.6  	     352.2  	     350.3  	     354.4  	     354.5  	     353.5  	     
349.3  	     351.5  	     350.2  	     354.8  	     354.6  	     353.6  	     
349.5  	     352.3  	     350.5  	     354.6  	     354.6  	     353.5  	     
349.8  	     352.4  	     350.6  	     354.5  	     354.6  	     353.6  	     
349.9  	     352.1  	     350.6  	     354.6  	     354.5  	     353.6  	     
350.0  	     352.0  	     350.8  	     354.4  	     354.7  	     353.6  	     
349.9  	     352.6  	     350.9  	     354.5  	     354.5  	     353.6  	     
350.2  	     352.3  	     350.9  	     354.8  	     354.8  	     353.5  	     
350.1  	     352.6  	     351.1  	     354.5  	     354.7  	     353.6  	     
349.9  	     351.8  	     351.2  	     354.8  	     354.6  	     353.5  	     
350.2  	     352.7  	     351.2  	     354.5  	     354.6  	     353.5  	     
350.2  	     352.8  	     351.3  	     354.7  	     354.6  	     353.4  	     
350.3  	     351.8  	     351.2  	     354.7  	     354.6  	     353.4  	     
350.3  	     352.0  	     351.2  	     354.7  	     354.6  	     353.4  	     
350.5  	     352.1  	     351.4  	     354.4  	     354.6  	     353.5  	     
350.5  	     346.6  	     351.5  	     354.7  	     354.6  	     353.6  	     
350.4  	     352.7  	     351.5  	     354.9  	     354.7  	     353.5  	     
350.5  	     352.2  	     351.6  	     354.6  	     354.6  	     353.4  	     
350.7  	     351.8  	     351.7  	     354.7  	     354.6  	     353.5  	     
350.4  	     352.9  	     351.8  	     354.5  	     354.6  	     353.5  	     
350.9  	     352.4  	     351.8  	     354.4  	     354.6  	     353.5  	     
350.5  	     352.3  	     351.7  	     354.7  	     354.5  	     353.5  	     
350.9  	     352.5  	     352.0  	     354.6  	     354.6  	     353.4  	     
350.9  	     353.1  	     351.9  	     354.9  	     354.8  	     353.4  	     
350.9  	     352.2  	     351.9  	     354.7  	     354.6  	     353.4  	     
350.9  	     352.9  	     352.1  	     354.6  	     354.7  	     353.5  	     
351.1  	     352.5  	     352.1  	     354.7  	     354.6  	     353.5  	     
351.1  	     352.5  	     352.1  	     354.5  	     354.6  	     353.4  	     
351.1  	     352.5  	     352.1  	     354.7  	     354.8  	     353.4  	     
351.0  	     352.6  	     352.2  	     354.5  	     354.7  	     353.5  	     
351.1  	     353.1  	     352.3  	     354.8  	     354.6  	     353.5  	     
351.2  	     350.6  	     352.3  	     354.6  	     354.6  	     353.4  	     
351.3  	     352.6  	     352.4  	     354.8  	     354.5  	     353.4  	     
351.4  	     352.8  	     352.4  	     354.6  	     354.5  	     353.2  	     
351.3  	     352.8  	     352.4  	     354.5  	     354.5  	     353.3  	     
351.2  	     353.2  	     352.6  	     354.6  	     354.5  	     353.2  	     
351.2  	     352.6  	     352.5  	     355.0  	     354.5  	     353.3  	     
351.3  	     352.7  	     352.6  	     354.5  	     354.5  	     353.4  	     
351.2  	     351.8  	     352.6  	     354.9  	     354.3  	     353.5  	     
351.3  	     351.7  	     352.6  	     354.4  	     354.5  	     353.5  	     
351.5  	     353.6  	     352.8  	     354.5  	     354.6  	     353.4  	     
351.7  	     352.7  	     352.8  	     355.0  	     354.6  	     353.4  	     
351.6  	     352.6  	     352.7  	     354.5  	     354.6  	     353.5  	     
351.2  	     352.2  	     352.6  	     355.0  	     354.7  	     353.3  	     
351.4  	     353.7  	     352.6  	     354.6  	     354.4  	     353.3  	     
351.5  	     352.6  	     352.7  	     354.5  	     354.6  	     353.4  	     
351.6  	     352.7  	     352.6  	     354.5  	     354.7  	     353.3  	     
351.5  	     352.7  	     352.7  	     354.8  	     354.6  	     353.3  	     
351.5  	     353.0  	     352.8  	     354.5  	     354.6  	     353.2  	     
351.5  	     352.7  	     352.8  	     354.4  	     354.7  	     353.4  	     
351.7  	     352.6  	     352.9  	     354.6  	     354.5  	     353.3  	     
351.5  	     352.7  	     352.9  	     354.7  	     354.6  	     353.3  	     
351.4  	     352.7  	     352.8  	     354.7  	     354.5  	     353.4  	     
351.6  	     352.8  	     352.9  	     354.6  	     354.4  	     353.4  	     
351.9  	     352.8  	     352.9  	     354.6  	     354.5  	     353.5  	     
351.8  	     353.0  	     353.0  	     354.8  	     354.4  	     353.3  	     
351.6  	     352.8  	     353.1  	     354.6  	     354.7  	     353.2  	     
351.6  	     352.8  	     353.0  	     354.9  	     354.8  	     353.4  	     
351.5  	     352.9  	     353.0  	     354.6  	     354.6  	     353.4  	     
352.1  	     352.8  	     353.1  	     355.1  	     354.6  	     353.5  	     
351.8  	     353.0  	     353.0  	     354.7  	     354.5  	     353.3  	     
351.7  	     346.2  	     353.1  	     354.8  	     354.4  	     353.4  	     
351.7  	     352.5  	     353.1  	     354.4  	     354.6  	     353.3  	     
350.8  	     352.2  	     352.0  	     352.6  	     352.3  	     347.6  	     
349.6  	     350.8  	     350.6  	     351.8  	     351.7  	     348.5  	     
348.6  	     350.0  	     349.7  	     349.6  	     349.4  	     342.6  	     
346.3  	     348.7  	     347.5  	     348.1  	     347.4  	     342.4  	     
345.0  	     346.0  	     345.9  	     345.9  	     344.3  	     336.7  	     
345.0  	     346.0  	     345.9  	     345.9  	     344.3  	     336.7  	     
342.9  	     344.2  	     343.9  	     344.0  	     342.2  	     336.4  	     
340.5  	     342.4  	     341.8  	     341.0  	     338.3  	     330.3  	     
338.9  	     338.3  	     340.1  	     339.5  	     336.1  	     329.5  	     
336.0  	     337.4  	     337.2  	     335.5  	     331.7  	     323.5  	     
334.1  	     335.2  	     335.6  	     334.4  	     329.6  	     322.2  	     
331.3  	     332.3  	     332.5  	     330.7  	     325.1  	     316.6  	     
329.2  	     329.7  	     330.8  	     328.2  	     321.8  	     312.0  	     
326.7  	     326.7  	     327.7  	     324.9  	     318.1  	     309.2  	     
324.1  	     323.9  	     325.5  	     321.3  	     314.0  	     302.9  	     
321.3  	     321.0  	     323.0  	     318.8  	     310.3  	     301.0  	     
318.5  	     318.0  	     320.0  	     314.7  	     305.5  	     295.2  	     
316.0  	     314.9  	     317.9  	     312.0  	     302.5  	     292.9  	     
313.1  	     311.5  	     314.8  	     307.7  	     297.5  	     288.0  	     
310.5  	     308.3  	     312.0  	     304.0  	     292.7  	     282.1  	     
307.6  	     305.0  	     309.4  	     300.9  	     289.9  	     279.5  	     
304.3  	     301.6  	     306.1  	     296.9  	     285.2  	     275.5  	     
301.1  	     298.0  	     302.9  	     293.1  	     280.2  	     270.1  	     
298.3  	     294.5  	     300.1  	     289.6  	     276.1  	     265.2  	     
295.1  	     291.2  	     297.3  	     286.1  	     272.4  	     261.9  	     
291.8  	     287.3  	     293.9  	     282.3  	     268.1  	     259.1  	     
288.7  	     283.6  	     290.5  	     277.6  	     263.4  	     254.2  	     
285.2  	     279.9  	     287.4  	     273.4  	     258.6  	     249.3  	     
281.9  	     276.5  	     284.5  	     269.4  	     254.1  	     243.8  	     
278.8  	     273.0  	     281.7  	     265.8  	     250.3  	     240.0  	     
275.5  	     269.2  	     278.5  	     262.0  	     246.2  	     236.8  	     
272.2  	     265.4  	     274.8  	     258.0  	     241.6  	     232.6  	     
268.8  	     261.4  	     271.7  	     253.2  	     236.9  	     227.9  	     
265.2  	     257.6  	     268.1  	     249.3  	     232.3  	     222.9  	     
261.6  	     253.7  	     265.1  	     245.0  	     227.7  	     218.5  	     
258.2  	     250.1  	     261.5  	     240.8  	     223.3  	     213.6  	     
254.7  	     246.2  	     258.6  	     236.8  	     218.9  	     208.9  	     
250.7  	     242.1  	     255.0  	     232.5  	     214.5  	     205.0  	     
247.3  	     238.1  	     251.3  	     228.5  	     210.2  	     200.4  	     
243.9  	     234.3  	     247.9  	     223.9  	     205.7  	     196.2  	     
240.3  	     230.4  	     244.3  	     220.6  	     201.4  	     191.7  	     
236.5  	     226.3  	     241.1  	     215.9  	     196.9  	     187.6  	     
232.8  	     222.4  	     237.2  	     212.0  	     192.4  	     182.6  	     
229.2  	     218.3  	     233.6  	     207.7  	     188.1  	     178.5  	     
225.2  	     214.2  	     230.0  	     203.0  	     183.5  	     174.3  	     
221.6  	     210.1  	     226.7  	     198.9  	     179.1  	     169.5  	     
218.0  	     206.1  	     223.1  	     194.8  	     174.5  	     165.6  	     
213.9  	     202.1  	     219.4  	     190.3  	     170.1  	     160.9  	     
210.0  	     197.8  	     215.8  	     185.7  	     165.7  	     156.5  	     
206.2  	     193.7  	     212.6  	     181.4  	     161.7  	     152.8  	     
202.9  	     189.9  	     208.9  	     177.5  	     157.5  	     149.3  	     
199.4  	     186.2  	     205.7  	     174.2  	     153.8  	     145.9  	     
196.3  	     182.7  	     202.3  	     170.4  	     150.2  	     143.2  	     
192.8  	     179.0  	     199.2  	     166.9  	     146.9  	     140.2  	     
189.9  	     175.8  	     196.0  	     163.9  	     143.8  	     137.2  	     
186.7  	     170.5  	     193.6  	     160.7  	     141.0  	     135.0  	     
183.6  	     169.2  	     191.2  	     157.5  	     138.3  	     132.7  	     
180.9  	     166.5  	     189.0  	     154.7  	     136.1  	     130.5  	     
178.2  	     162.6  	     186.0  	     152.0  	     133.6  	     128.4  	     
175.6  	     160.9  	     183.5  	     149.4  	     131.3  	     126.8  	     
173.0  	     158.5  	     180.6  	     146.9  	     129.6  	     125.0  	     
170.9  	     156.2  	     178.5  	     144.4  	     127.7  	     123.5  	     
168.5  	     153.7  	     176.0  	     141.9  	     125.9  	     121.9  	     
166.0  	     151.5  	     173.9  	     139.4  	     124.3  	     120.4  	     
163.9  	     149.0  	     171.6  	     137.5  	     122.7  	     119.1  	     
161.6  	     147.1  	     169.3  	     135.7  	     121.3  	     118.1  	     
159.5  	     145.4  	     167.5  	     133.8  	     120.1  	     116.8  	     
157.5  	     143.2  	     165.3  	     131.9  	     118.8  	     115.7  	     
155.7  	     141.1  	     163.4  	     130.1  	     117.2  	     114.5  	     
153.6  	     139.6  	     161.6  	     128.4  	     116.4  	     113.4  	     
151.8  	     137.9  	     160.3  	     126.9  	     115.2  	     112.3  	     
150.2  	     136.5  	     158.2  	     125.3  	     114.1  	     111.3  	     
148.6  	     134.7  	     156.3  	     123.9  	     113.3  	     110.5  	     
146.8  	     133.3  	     154.4  	     122.7  	     112.6  	     110.3  	     
145.3  	     132.0  	     152.9  	     121.4  	     111.6  	     109.2  	     
143.5  	     130.5  	     151.1  	     120.2  	     110.9  	     108.6  	     
142.0  	     129.4  	     150.0  	     118.9  	     110.0  	     107.9  	     
140.5  	     128.0  	     148.3  	     117.7  	     109.2  	     107.1  	     
140.1  	     127.7  	     148.0  	     117.3  	     109.1  	     106.9  	     
138.9  	     126.6  	     146.6  	     116.3  	     108.3  	     105.7  	     
137.6  	     125.2  	     145.0  	     114.7  	     106.7  	     104.0  	     
136.3  	     124.1  	     144.0  	     113.4  	     105.7  	     102.4  	     
135.5  	     122.9  	     143.6  	     112.6  	     104.5  	     101.2  	     
135.3  	     122.5  	     143.5  	     111.9  	     103.5  	     100.9  	     
135.4  	     122.3  	     143.6  	     112.0  	     103.5  	     100.8  	     