
G15-PTC13  	G15-PTC14  	G15-PTC15  	G15-PTC16  	G15-PTC17  	
Deg.F  	     Deg.F  	     Deg.F  	     Deg.F  	     Deg.F  	     
73.7  	     74.1  	     72.7  	     75.8  	     74.5  	     
73.7  	     74.1  	     72.7  	     75.8  	     74.5  	     
73.6  	     74.1  	     72.6  	     75.8  	     74.5  	     
73.6  	     74.1  	     72.6  	     75.8  	     74.5  	     
74.2  	     75.3  	     73.4  	     76.7  	     75.1  	     
75.3  	     77.1  	     74.4  	     78.0  	     76.3  	     
76.3  	     79.1  	     76.2  	     79.8  	     78.0  	     
78.0  	     81.3  	     77.9  	     81.8  	     79.8  	     
79.9  	     84.1  	     80.1  	     84.2  	     82.1  	     
81.8  	     86.9  	     82.3  	     86.8  	     84.3  	     
83.7  	     89.9  	     84.8  	     89.7  	     86.6  	     
84.4  	     91.0  	     85.4  	     90.6  	     87.4  	     
86.8  	     93.4  	     87.7  	     93.0  	     89.5  	     
89.3  	     97.1  	     90.6  	     96.9  	     92.7  	     
91.9  	     101.0  	     93.3  	     100.6  	     95.8  	     
95.1  	     104.8  	     96.3  	     104.6  	     98.5  	     
97.8  	     108.8  	     99.3  	     108.3  	     102.2  	     
100.7  	     112.7  	     102.5  	     112.7  	     105.5  	     
104.3  	     117.0  	     105.7  	     116.6  	     108.9  	     
107.5  	     121.0  	     108.9  	     120.8  	     112.3  	     
110.9  	     125.4  	     112.4  	     125.1  	     116.0  	     
114.7  	     129.6  	     115.8  	     129.8  	     119.9  	     
118.2  	     134.0  	     119.1  	     134.1  	     123.9  	     
122.3  	     138.7  	     123.1  	     138.3  	     127.4  	     
125.9  	     143.0  	     126.8  	     143.6  	     131.6  	     
130.0  	     147.5  	     130.7  	     148.4  	     135.2  	     
133.5  	     152.0  	     134.2  	     152.7  	     139.1  	     
137.7  	     157.1  	     138.1  	     157.5  	     143.3  	     
142.0  	     161.5  	     141.8  	     162.2  	     147.2  	     
145.8  	     166.3  	     145.9  	     166.9  	     151.3  	     
150.1  	     170.8  	     149.9  	     171.8  	     155.8  	     
154.3  	     175.3  	     153.7  	     176.5  	     159.6  	     
158.6  	     180.6  	     158.0  	     181.5  	     163.9  	     
162.7  	     184.5  	     162.2  	     186.3  	     167.8  	     
167.1  	     189.2  	     166.0  	     190.4  	     172.0  	     
171.3  	     193.6  	     170.6  	     195.0  	     176.0  	     
175.2  	     198.5  	     173.9  	     199.9  	     180.0  	     
179.7  	     203.1  	     178.1  	     205.2  	     184.0  	     
181.3  	     205.1  	     180.1  	     206.4  	     185.3  	     
183.8  	     207.5  	     182.0  	     209.4  	     187.9  	     
188.1  	     212.4  	     185.9  	     213.4  	     192.0  	     
192.2  	     217.3  	     189.9  	     217.7  	     195.9  	     
196.4  	     221.6  	     194.4  	     222.7  	     199.6  	     
200.5  	     226.2  	     197.9  	     227.1  	     203.6  	     
204.5  	     231.1  	     201.7  	     231.6  	     207.7  	     
209.0  	     235.9  	     206.2  	     235.9  	     211.6  	     
213.1  	     239.9  	     210.2  	     240.1  	     216.0  	     
217.2  	     244.4  	     214.1  	     244.0  	     219.6  	     
221.3  	     248.1  	     219.4  	     248.6  	     223.6  	     
225.1  	     252.8  	     221.9  	     252.1  	     227.4  	     
228.4  	     255.6  	     225.1  	     255.7  	     230.2  	     
230.9  	     258.0  	     227.1  	     258.3  	     233.1  	     
232.8  	     259.0  	     228.9  	     259.7  	     235.0  	     
234.5  	     259.4  	     230.0  	     260.7  	     236.1  	     
236.4  	     260.9  	     231.3  	     262.3  	     237.7  	     
237.9  	     261.7  	     232.8  	     264.0  	     239.0  	     
239.0  	     262.0  	     233.1  	     264.9  	     239.9  	     
240.4  	     262.9  	     234.3  	     266.2  	     241.4  	     
241.6  	     263.4  	     235.6  	     266.7  	     241.7  	     
243.1  	     264.2  	     236.6  	     267.3  	     244.0  	     
243.8  	     265.1  	     237.9  	     267.1  	     243.9  	     
244.7  	     264.9  	     238.1  	     268.2  	     244.5  	     
246.0  	     266.4  	     239.1  	     268.3  	     245.6  	     
246.7  	     266.0  	     239.8  	     268.5  	     246.2  	     
247.9  	     267.0  	     240.8  	     269.1  	     247.1  	     
248.7  	     268.1  	     241.2  	     269.7  	     247.8  	     
249.3  	     267.7  	     242.2  	     269.9  	     248.4  	     
250.2  	     268.4  	     242.8  	     270.0  	     249.2  	     
250.7  	     267.7  	     243.5  	     270.0  	     249.6  	     
251.5  	     268.0  	     244.5  	     270.6  	     250.2  	     
252.3  	     268.0  	     245.6  	     270.5  	     250.9  	     
252.9  	     268.8  	     245.9  	     270.3  	     251.4  	     
253.4  	     268.6  	     246.6  	     270.7  	     252.1  	     
254.2  	     268.9  	     246.4  	     270.7  	     252.5  	     
254.6  	     268.6  	     248.2  	     270.5  	     253.1  	     
254.8  	     268.8  	     249.0  	     270.6  	     253.3  	     
255.7  	     269.9  	     248.8  	     270.8  	     254.2  	     
255.9  	     269.1  	     250.2  	     270.4  	     254.5  	     
256.5  	     269.4  	     249.7  	     270.7  	     254.7  	     
257.2  	     270.1  	     250.7  	     271.2  	     255.5  	     
257.6  	     269.9  	     251.6  	     271.0  	     256.0  	     
257.6  	     270.8  	     250.9  	     271.0  	     256.0  	     
258.2  	     269.5  	     252.9  	     271.1  	     256.5  	     
258.4  	     269.3  	     252.3  	     270.5  	     256.5  	     
258.9  	     270.3  	     252.7  	     270.9  	     257.4  	     
259.4  	     271.4  	     254.1  	     271.3  	     257.9  	     
259.7  	     271.4  	     254.5  	     270.9  	     258.0  	     
259.8  	     271.0  	     254.7  	     270.8  	     258.3  	     
260.4  	     271.1  	     255.2  	     271.7  	     258.5  	     
260.3  	     270.2  	     255.2  	     270.8  	     258.8  	     
260.9  	     270.9  	     256.1  	     271.5  	     259.3  	     
261.3  	     271.4  	     256.1  	     271.6  	     259.0  	     
261.5  	     270.8  	     256.7  	     270.6  	     259.8  	     
261.6  	     270.0  	     256.4  	     270.4  	     260.1  	     
261.7  	     269.9  	     257.1  	     270.8  	     260.3  	     
262.2  	     270.5  	     257.7  	     271.2  	     260.5  	     
262.2  	     270.1  	     257.7  	     271.1  	     261.0  	     
262.8  	     270.0  	     257.9  	     271.2  	     261.9  	     
262.7  	     270.6  	     258.2  	     270.9  	     261.2  	     
263.5  	     271.8  	     260.3  	     271.7  	     262.0  	     
263.8  	     271.7  	     259.1  	     272.2  	     262.5  	     
264.1  	     271.8  	     260.0  	     271.8  	     262.8  	     
264.3  	     271.9  	     260.8  	     272.0  	     263.0  	     
264.6  	     272.2  	     260.9  	     272.2  	     263.4  	     
265.1  	     272.7  	     261.7  	     272.5  	     263.8  	     
264.8  	     271.7  	     261.1  	     271.7  	     264.0  	     
265.3  	     272.5  	     263.9  	     273.2  	     264.0  	     
265.4  	     272.0  	     262.1  	     272.4  	     264.5  	     
265.6  	     272.8  	     262.2  	     272.8  	     264.6  	     
266.0  	     272.1  	     262.5  	     273.1  	     265.0  	     
266.1  	     272.7  	     262.5  	     273.0  	     264.8  	     
266.5  	     272.9  	     263.3  	     273.1  	     265.2  	     
266.5  	     273.1  	     262.6  	     272.8  	     265.5  	     
266.3  	     272.1  	     263.2  	     272.1  	     265.3  	     
266.8  	     272.9  	     263.7  	     273.1  	     265.8  	     
266.7  	     271.8  	     263.6  	     271.8  	     265.7  	     
267.1  	     273.7  	     263.7  	     272.3  	     266.3  	     
267.0  	     272.2  	     263.4  	     272.8  	     265.8  	     
267.4  	     273.3  	     264.1  	     272.9  	     266.5  	     
267.2  	     272.8  	     264.3  	     272.4  	     266.3  	     
267.7  	     273.0  	     264.8  	     273.4  	     266.8  	     
267.7  	     272.1  	     265.2  	     272.9  	     266.7  	     
268.0  	     273.3  	     265.4  	     273.4  	     266.9  	     
267.9  	     271.5  	     264.9  	     272.9  	     267.0  	     
268.2  	     273.2  	     266.0  	     273.5  	     267.1  	     
268.2  	     273.2  	     264.5  	     272.9  	     267.2  	     
268.4  	     272.1  	     266.0  	     273.1  	     267.7  	     
268.7  	     274.1  	     266.6  	     273.4  	     267.8  	     
268.5  	     273.2  	     266.2  	     273.1  	     267.6  	     
268.7  	     273.4  	     266.1  	     273.1  	     268.0  	     
268.7  	     273.0  	     266.4  	     273.0  	     267.9  	     
268.7  	     272.4  	     266.8  	     272.6  	     268.4  	     
268.8  	     272.3  	     266.5  	     273.2  	     268.3  	     
268.5  	     273.2  	     266.5  	     272.5  	     268.5  	     
269.1  	     272.8  	     266.9  	     273.4  	     268.5  	     
268.8  	     271.6  	     266.7  	     273.2  	     268.7  	     
269.3  	     273.0  	     267.9  	     273.1  	     268.9  	     
269.1  	     272.3  	     267.0  	     273.2  	     268.5  	     
269.4  	     272.4  	     267.8  	     273.7  	     269.1  	     
269.4  	     272.2  	     267.7  	     272.6  	     269.1  	     
269.9  	     273.0  	     267.8  	     273.6  	     269.2  	     
269.8  	     273.3  	     268.0  	     272.7  	     269.1  	     
269.9  	     273.9  	     269.1  	     272.9  	     269.6  	     
269.9  	     273.2  	     268.8  	     273.4  	     269.2  	     
270.0  	     272.7  	     268.6  	     272.8  	     269.6  	     
270.0  	     272.8  	     268.2  	     272.9  	     269.6  	     
270.2  	     273.1  	     268.6  	     272.8  	     269.7  	     
270.4  	     273.6  	     268.6  	     273.3  	     269.6  	     
270.5  	     272.9  	     268.7  	     273.3  	     270.0  	     
270.5  	     273.2  	     270.0  	     273.1  	     269.8  	     
270.8  	     272.4  	     270.9  	     273.3  	     270.3  	     
270.5  	     273.4  	     269.0  	     273.0  	     270.0  	     
270.5  	     272.3  	     268.4  	     272.8  	     269.8  	     
270.8  	     272.8  	     269.2  	     272.9  	     270.1  	     
270.7  	     272.4  	     269.1  	     272.4  	     269.7  	     
271.0  	     272.9  	     269.5  	     273.4  	     270.1  	     
270.6  	     271.8  	     269.1  	     272.4  	     270.0  	     
271.0  	     273.7  	     269.5  	     273.3  	     270.4  	     
270.7  	     271.7  	     269.1  	     272.5  	     270.1  	     
271.1  	     273.4  	     270.1  	     273.3  	     270.5  	     
271.0  	     272.0  	     269.5  	     272.6  	     270.0  	     
271.2  	     273.2  	     270.6  	     273.6  	     270.9  	     
271.0  	     272.0  	     269.0  	     273.1  	     270.5  	     
271.4  	     273.4  	     270.1  	     273.5  	     270.8  	     
271.2  	     272.8  	     269.5  	     272.6  	     270.7  	     
271.6  	     272.9  	     270.4  	     273.5  	     271.0  	     
271.3  	     272.7  	     269.9  	     273.1  	     270.7  	     
271.7  	     273.5  	     270.3  	     273.4  	     271.1  	     
271.2  	     272.3  	     270.3  	     272.9  	     270.7  	     
271.7  	     273.1  	     270.8  	     273.7  	     271.2  	     
271.5  	     273.0  	     270.3  	     273.0  	     271.1  	     
271.8  	     273.7  	     270.6  	     273.8  	     271.5  	     
271.6  	     272.8  	     269.9  	     273.3  	     271.9  	     
270.5  	     271.3  	     269.5  	     272.3  	     270.3  	     
269.4  	     269.1  	     268.6  	     270.0  	     268.7  	     
268.0  	     266.3  	     265.8  	     267.8  	     268.2  	     
266.7  	     265.4  	     264.9  	     266.5  	     266.1  	     
265.1  	     262.9  	     263.9  	     263.9  	     264.1  	     
263.1  	     260.4  	     261.0  	     261.8  	     262.1  	     
261.1  	     257.3  	     259.0  	     259.0  	     260.0  	     
260.8  	     257.2  	     258.4  	     258.8  	     259.5  	     
259.0  	     254.2  	     256.6  	     256.8  	     257.2  	     
256.7  	     250.8  	     253.6  	     252.9  	     255.0  	     
254.5  	     248.1  	     251.7  	     250.3  	     252.3  	     
251.9  	     245.1  	     249.3  	     246.9  	     250.2  	     
249.7  	     241.8  	     246.4  	     243.6  	     246.3  	     
247.3  	     237.6  	     244.5  	     240.0  	     245.2  	     
244.5  	     234.9  	     241.3  	     237.0  	     241.8  	     
241.9  	     231.5  	     239.1  	     233.7  	     239.3  	     
239.4  	     228.4  	     235.9  	     229.7  	     236.0  	     
236.7  	     224.9  	     233.2  	     226.4  	     233.0  	     
234.1  	     221.7  	     231.1  	     222.8  	     230.1  	     
231.3  	     217.5  	     227.8  	     218.3  	     227.3  	     
228.5  	     214.3  	     225.0  	     214.6  	     224.0  	     
225.4  	     210.0  	     221.8  	     210.3  	     220.9  	     
222.5  	     206.1  	     219.1  	     206.3  	     217.3  	     
219.0  	     202.1  	     215.6  	     202.8  	     214.0  	     
216.2  	     198.5  	     212.7  	     198.1  	     210.5  	     
213.0  	     194.3  	     210.0  	     194.1  	     206.9  	     
209.6  	     190.3  	     206.5  	     189.3  	     203.2  	     
206.5  	     185.8  	     203.6  	     185.2  	     199.8  	     
203.0  	     181.9  	     200.2  	     180.8  	     196.3  	     
199.9  	     177.8  	     196.8  	     176.4  	     192.2  	     
196.2  	     173.6  	     193.4  	     171.9  	     188.9  	     
192.7  	     169.4  	     190.1  	     167.4  	     185.1  	     
189.0  	     164.9  	     186.6  	     163.1  	     181.3  	     
185.5  	     160.9  	     183.4  	     158.8  	     177.5  	     
182.4  	     157.1  	     179.6  	     154.5  	     173.5  	     
178.7  	     153.0  	     176.8  	     150.1  	     170.3  	     
175.7  	     149.4  	     174.0  	     146.8  	     166.7  	     
172.4  	     146.1  	     171.5  	     142.8  	     163.9  	     
169.4  	     142.6  	     168.8  	     140.0  	     161.0  	     
166.1  	     139.7  	     166.1  	     136.7  	     158.0  	     
163.3  	     136.3  	     163.7  	     133.9  	     155.2  	     
160.9  	     134.0  	     161.3  	     131.0  	     152.7  	     
158.0  	     131.4  	     159.0  	     127.9  	     150.1  	     
155.7  	     129.2  	     156.9  	     126.4  	     147.7  	     
152.8  	     126.3  	     154.6  	     123.2  	     145.5  	     
150.3  	     124.1  	     152.4  	     120.7  	     143.3  	     
148.0  	     122.2  	     150.7  	     119.3  	     141.2  	     
145.8  	     120.1  	     148.6  	     117.3  	     139.1  	     
145.0  	     119.6  	     147.7  	     117.1  	     138.6  	     
143.6  	     117.9  	     146.7  	     115.2  	     137.4  	     
141.7  	     115.6  	     145.2  	     112.9  	     135.6  	     
140.2  	     113.1  	     144.2  	     111.0  	     134.5  	     
139.1  	     111.1  	     143.6  	     109.3  	     134.1  	     
138.7  	     110.1  	     143.7  	     108.5  	     134.3  	     