
G17-PTC5  	G17-PTC7  	G17-PTC9  	G17-PTC10  	G17-PTC12  	G17-PTC13  	G17-PTC14  	G17-PTC15  	
Deg.F  	     Deg.F  	     Deg.F  	     Deg.F  	     Deg.F  	     Deg.F  	     Deg.F  	     Deg.F  	     
75.6  	     77.3  	     78.3  	     76.8  	     75.6  	     78.5  	     79.2  	     77.7  	     
75.6  	     77.3  	     78.3  	     76.8  	     75.6  	     78.5  	     79.2  	     77.7  	     
75.6  	     77.3  	     78.3  	     76.8  	     75.6  	     78.5  	     79.2  	     77.7  	     
75.6  	     77.3  	     78.3  	     76.8  	     75.6  	     78.5  	     79.2  	     77.7  	     
75.9  	     78.2  	     78.8  	     77.7  	     76.1  	     78.8  	     79.7  	     78.6  	     
76.3  	     78.8  	     79.1  	     78.2  	     76.7  	     79.3  	     80.3  	     79.3  	     
76.6  	     79.9  	     79.8  	     79.5  	     77.4  	     79.8  	     81.3  	     80.3  	     
77.2  	     81.1  	     80.8  	     80.6  	     78.0  	     80.7  	     82.9  	     81.6  	     
77.8  	     82.5  	     81.9  	     82.0  	     78.9  	     81.6  	     85.0  	     83.0  	     
78.6  	     84.2  	     83.2  	     84.0  	     80.1  	     82.8  	     87.2  	     84.5  	     
79.5  	     85.8  	     84.8  	     85.6  	     81.3  	     84.0  	     89.9  	     86.2  	     
80.1  	     88.1  	     86.6  	     87.6  	     82.9  	     85.5  	     92.8  	     88.3  	     
82.1  	     90.0  	     88.7  	     89.3  	     84.4  	     87.4  	     96.1  	     90.0  	     
83.3  	     91.5  	     90.4  	     90.7  	     85.6  	     89.0  	     98.8  	     91.5  	     
83.5  	     92.1  	     90.8  	     91.5  	     85.8  	     89.7  	     99.9  	     92.3  	     
84.5  	     93.1  	     91.8  	     92.3  	     86.4  	     90.6  	     101.5  	     93.2  	     
85.9  	     94.8  	     93.3  	     93.8  	     87.7  	     92.2  	     103.6  	     94.8  	     
86.8  	     96.4  	     94.7  	     95.0  	     88.5  	     93.9  	     105.7  	     96.4  	     
87.9  	     98.0  	     96.2  	     96.4  	     89.5  	     95.3  	     108.1  	     97.8  	     
88.9  	     99.3  	     97.4  	     97.5  	     90.2  	     96.8  	     109.9  	     99.1  	     
90.0  	     100.9  	     98.6  	     98.8  	     91.1  	     98.1  	     111.5  	     100.6  	     
90.9  	     102.1  	     99.8  	     99.6  	     91.8  	     99.4  	     112.6  	     101.5  	     
91.8  	     103.4  	     100.7  	     100.7  	     92.7  	     100.8  	     113.9  	     103.0  	     
92.7  	     104.4  	     101.7  	     101.6  	     93.3  	     101.8  	     115.1  	     103.8  	     
93.7  	     105.6  	     102.7  	     102.6  	     94.2  	     102.9  	     116.0  	     104.9  	     
94.4  	     106.5  	     103.5  	     103.4  	     94.9  	     104.0  	     117.0  	     105.8  	     
94.9  	     106.8  	     103.8  	     103.7  	     95.1  	     104.3  	     116.8  	     106.1  	     
95.4  	     107.8  	     104.3  	     104.7  	     95.8  	     105.0  	     117.3  	     107.1  	     
96.5  	     109.6  	     105.7  	     106.5  	     97.3  	     106.6  	     119.0  	     109.0  	     
97.7  	     111.7  	     107.2  	     108.4  	     99.1  	     108.3  	     120.9  	     111.0  	     
99.0  	     114.0  	     109.1  	     110.6  	     100.8  	     110.3  	     123.8  	     113.3  	     
100.7  	     116.5  	     111.0  	     112.7  	     102.8  	     112.4  	     127.0  	     115.8  	     
102.3  	     119.4  	     113.3  	     115.5  	     104.8  	     114.8  	     129.6  	     118.5  	     
104.3  	     122.2  	     115.7  	     118.4  	     107.3  	     117.2  	     133.8  	     121.3  	     
106.3  	     125.3  	     118.1  	     120.8  	     109.6  	     119.8  	     137.3  	     124.4  	     
108.5  	     128.5  	     120.8  	     123.9  	     112.1  	     122.6  	     141.4  	     127.5  	     
110.5  	     132.0  	     123.7  	     127.1  	     114.7  	     125.4  	     145.7  	     130.6  	     
112.9  	     135.3  	     126.7  	     130.1  	     117.2  	     128.5  	     150.1  	     134.0  	     
115.3  	     139.1  	     129.9  	     133.7  	     120.1  	     131.8  	     154.5  	     137.5  	     
117.8  	     143.0  	     133.0  	     137.8  	     123.2  	     135.0  	     159.2  	     141.1  	     
120.5  	     146.8  	     136.2  	     141.2  	     126.2  	     138.3  	     164.0  	     144.7  	     
123.2  	     150.7  	     139.5  	     144.9  	     129.1  	     141.6  	     168.6  	     148.5  	     
125.5  	     154.8  	     143.1  	     148.7  	     132.1  	     145.3  	     173.6  	     152.4  	     
129.3  	     158.9  	     146.7  	     152.5  	     135.2  	     148.8  	     178.3  	     156.3  	     
132.1  	     162.9  	     150.5  	     156.1  	     138.1  	     152.5  	     183.2  	     160.2  	     
135.1  	     167.0  	     154.1  	     160.3  	     141.2  	     156.4  	     187.5  	     164.3  	     
138.4  	     171.4  	     158.0  	     164.1  	     144.5  	     160.0  	     192.3  	     168.3  	     
141.5  	     175.8  	     162.0  	     168.1  	     147.9  	     163.8  	     197.1  	     172.4  	     
144.6  	     180.1  	     165.9  	     172.1  	     151.0  	     167.7  	     201.8  	     176.4  	     
147.8  	     184.5  	     169.9  	     176.4  	     154.5  	     171.6  	     206.7  	     180.8  	     
150.9  	     188.1  	     173.7  	     179.5  	     157.8  	     175.4  	     211.3  	     184.0  	     
153.9  	     191.4  	     177.2  	     182.2  	     160.3  	     178.8  	     215.0  	     187.0  	     
156.6  	     194.6  	     180.2  	     185.2  	     162.6  	     181.9  	     218.3  	     189.9  	     
159.4  	     197.1  	     183.1  	     187.7  	     164.9  	     184.7  	     220.5  	     192.0  	     
161.9  	     200.0  	     185.9  	     190.3  	     167.0  	     187.4  	     222.5  	     194.8  	     
164.3  	     202.3  	     188.4  	     192.6  	     169.3  	     190.0  	     223.7  	     196.9  	     
166.6  	     204.4  	     190.5  	     194.3  	     171.4  	     192.3  	     225.9  	     198.9  	     
168.8  	     206.5  	     192.8  	     196.2  	     173.3  	     194.5  	     226.9  	     200.7  	     
170.8  	     208.1  	     194.9  	     197.7  	     175.0  	     196.5  	     228.0  	     202.1  	     
173.0  	     209.8  	     196.7  	     199.6  	     176.7  	     198.4  	     228.2  	     203.9  	     
174.8  	     211.3  	     198.4  	     201.0  	     178.5  	     200.2  	     229.5  	     205.3  	     
176.8  	     212.8  	     200.1  	     202.6  	     180.2  	     201.7  	     229.7  	     206.7  	     
178.6  	     214.0  	     201.6  	     204.0  	     181.9  	     203.2  	     230.3  	     208.0  	     
180.3  	     214.9  	     203.3  	     204.8  	     183.3  	     204.5  	     230.6  	     208.7  	     
182.1  	     216.4  	     204.4  	     206.4  	     184.8  	     205.8  	     230.5  	     210.1  	     
183.5  	     217.4  	     205.8  	     207.7  	     186.4  	     207.3  	     231.3  	     211.2  	     
185.2  	     218.2  	     207.0  	     208.8  	     187.9  	     208.4  	     231.9  	     212.2  	     
186.7  	     219.2  	     208.2  	     209.8  	     189.3  	     209.6  	     231.8  	     213.2  	     
188.3  	     219.9  	     209.4  	     210.6  	     190.5  	     210.7  	     232.1  	     213.9  	     
189.7  	     220.7  	     210.4  	     211.5  	     192.0  	     211.8  	     232.0  	     214.9  	     
191.3  	     221.2  	     211.4  	     212.5  	     193.3  	     212.7  	     231.9  	     215.8  	     
192.6  	     221.9  	     212.3  	     213.2  	     194.4  	     213.5  	     232.6  	     216.4  	     
193.9  	     222.4  	     213.2  	     213.9  	     195.6  	     214.4  	     232.5  	     217.0  	     
195.2  	     223.1  	     214.1  	     214.9  	     196.8  	     215.3  	     232.8  	     217.9  	     
196.4  	     223.5  	     214.9  	     215.5  	     198.0  	     216.1  	     232.4  	     218.5  	     
197.5  	     224.1  	     215.7  	     216.2  	     199.1  	     216.7  	     232.6  	     219.0  	     
198.9  	     224.6  	     216.4  	     217.1  	     200.2  	     217.5  	     232.5  	     219.7  	     
199.9  	     224.9  	     217.0  	     217.5  	     201.2  	     218.0  	     232.8  	     220.1  	     
201.1  	     225.4  	     217.7  	     218.2  	     202.3  	     218.8  	     232.8  	     220.8  	     
202.1  	     225.5  	     218.3  	     218.7  	     203.2  	     219.4  	     232.5  	     221.0  	     
203.1  	     226.1  	     218.8  	     219.3  	     204.0  	     219.9  	     232.5  	     221.7  	     
204.3  	     226.3  	     219.4  	     219.8  	     205.0  	     220.5  	     233.3  	     222.2  	     
205.1  	     226.5  	     219.8  	     220.2  	     205.7  	     220.9  	     232.7  	     222.5  	     
206.1  	     226.8  	     220.4  	     220.8  	     206.7  	     221.5  	     232.6  	     223.0  	     
207.1  	     227.2  	     221.0  	     221.3  	     207.6  	     222.0  	     232.8  	     223.4  	     
207.9  	     227.5  	     221.4  	     221.7  	     208.4  	     222.4  	     232.5  	     223.8  	     
208.9  	     227.7  	     221.8  	     222.2  	     209.3  	     222.9  	     232.4  	     224.2  	     
209.7  	     228.1  	     222.4  	     222.6  	     210.1  	     223.4  	     232.8  	     224.6  	     
210.5  	     228.1  	     222.8  	     222.8  	     210.7  	     223.8  	     231.9  	     224.7  	     
211.4  	     228.4  	     223.2  	     223.4  	     211.5  	     224.1  	     233.5  	     225.1  	     
212.1  	     228.8  	     223.6  	     223.7  	     212.3  	     224.4  	     232.8  	     225.5  	     
212.8  	     228.9  	     224.0  	     224.2  	     212.9  	     224.8  	     233.0  	     225.8  	     
213.6  	     229.0  	     224.3  	     224.3  	     213.5  	     225.2  	     232.6  	     225.9  	     
214.3  	     229.2  	     224.7  	     224.8  	     214.3  	     225.4  	     232.4  	     226.4  	     
215.0  	     229.4  	     224.9  	     225.0  	     214.7  	     225.9  	     232.8  	     226.6  	     
215.6  	     229.6  	     225.3  	     225.4  	     215.5  	     226.3  	     233.0  	     227.0  	     
216.5  	     229.7  	     225.7  	     225.7  	     216.1  	     226.6  	     232.9  	     227.2  	     
217.0  	     229.9  	     225.8  	     225.9  	     216.6  	     226.8  	     232.6  	     227.5  	     
217.4  	     230.0  	     226.1  	     226.2  	     217.2  	     227.2  	     233.0  	     227.7  	     
218.0  	     230.1  	     226.3  	     226.4  	     217.8  	     227.2  	     232.8  	     227.8  	     
218.7  	     230.2  	     226.7  	     226.6  	     218.4  	     227.6  	     232.8  	     228.1  	     
219.2  	     230.3  	     226.8  	     226.9  	     218.8  	     227.7  	     233.1  	     228.3  	     
219.7  	     230.5  	     227.1  	     227.1  	     219.4  	     228.0  	     233.0  	     228.4  	     
220.1  	     230.6  	     227.2  	     227.3  	     219.8  	     228.1  	     232.6  	     228.6  	     
220.6  	     230.6  	     227.4  	     227.4  	     220.3  	     228.4  	     233.0  	     228.6  	     
221.1  	     230.8  	     227.7  	     227.7  	     220.7  	     228.6  	     233.1  	     229.0  	     
221.5  	     230.7  	     227.7  	     227.7  	     220.9  	     228.7  	     232.8  	     229.0  	     
222.0  	     230.8  	     228.0  	     228.0  	     221.5  	     228.9  	     233.1  	     229.1  	     
222.4  	     231.0  	     228.1  	     228.2  	     221.9  	     229.1  	     232.8  	     229.3  	     
222.8  	     231.0  	     228.3  	     228.3  	     222.1  	     229.1  	     233.1  	     229.4  	     
223.2  	     231.2  	     228.4  	     228.5  	     222.7  	     229.4  	     232.9  	     229.7  	     
223.5  	     231.0  	     228.4  	     228.5  	     222.9  	     229.4  	     232.9  	     229.5  	     
223.9  	     231.2  	     228.7  	     228.7  	     223.4  	     229.7  	     232.9  	     229.7  	     
224.1  	     231.4  	     228.8  	     228.9  	     223.7  	     229.7  	     232.4  	     229.9  	     
224.5  	     231.2  	     229.1  	     228.9  	     224.0  	     229.8  	     233.2  	     229.8  	     
224.9  	     231.5  	     229.2  	     229.2  	     224.4  	     230.1  	     232.9  	     230.2  	     
225.1  	     231.4  	     229.2  	     229.3  	     224.5  	     229.9  	     232.6  	     230.2  	     
225.4  	     231.4  	     229.4  	     229.3  	     225.0  	     230.3  	     233.0  	     230.2  	     
225.8  	     231.5  	     229.4  	     229.5  	     225.2  	     230.3  	     233.5  	     230.5  	     
226.0  	     231.5  	     229.5  	     229.6  	     225.5  	     230.5  	     232.7  	     230.6  	     
226.1  	     231.6  	     229.6  	     229.6  	     225.6  	     230.5  	     233.4  	     230.7  	     
226.4  	     232.0  	     229.7  	     230.1  	     225.8  	     230.6  	     233.0  	     231.0  	     
227.1  	     233.0  	     230.2  	     231.2  	     226.9  	     231.1  	     233.7  	     232.1  	     
227.9  	     234.3  	     231.2  	     232.6  	     228.1  	     232.1  	     235.6  	     233.3  	     
228.9  	     235.9  	     232.2  	     234.1  	     229.3  	     233.1  	     237.8  	     234.8  	     
229.9  	     237.7  	     233.7  	     236.1  	     230.9  	     234.4  	     240.4  	     236.7  	     
231.1  	     239.4  	     235.3  	     237.5  	     232.4  	     235.9  	     243.2  	     238.1  	     
232.1  	     240.8  	     236.7  	     238.9  	     233.5  	     237.2  	     245.9  	     239.3  	     
233.1  	     242.2  	     237.7  	     240.0  	     234.2  	     238.4  	     247.6  	     240.6  	     
234.1  	     243.3  	     239.0  	     240.9  	     235.3  	     239.7  	     249.4  	     241.7  	     
234.9  	     244.6  	     239.9  	     242.2  	     236.0  	     240.8  	     251.0  	     242.9  	     
235.8  	     245.3  	     241.0  	     242.6  	     236.7  	     241.9  	     252.0  	     243.5  	     
236.6  	     246.5  	     241.8  	     243.7  	     237.4  	     242.9  	     252.9  	     244.7  	     
237.3  	     246.9  	     242.6  	     244.1  	     238.1  	     243.8  	     253.4  	     245.2  	     
238.1  	     248.0  	     243.4  	     245.2  	     238.7  	     244.5  	     254.3  	     246.3  	     
238.6  	     248.5  	     244.0  	     245.6  	     239.2  	     245.3  	     254.6  	     246.7  	     
239.4  	     249.6  	     244.7  	     246.4  	     239.9  	     246.0  	     255.4  	     247.6  	     
239.8  	     249.9  	     245.4  	     246.8  	     240.3  	     246.6  	     255.7  	     247.9  	     
239.8  	     249.9  	     245.4  	     246.8  	     240.3  	     246.5  	     255.6  	     247.9  	     
240.6  	     250.6  	     246.0  	     247.5  	     240.9  	     247.4  	     255.9  	     248.8  	     
240.9  	     250.9  	     246.4  	     247.8  	     241.2  	     247.7  	     256.2  	     249.0  	     
241.6  	     251.6  	     247.1  	     248.5  	     242.0  	     248.3  	     256.7  	     249.6  	     
242.1  	     251.8  	     247.5  	     248.8  	     242.2  	     248.6  	     256.3  	     249.8  	     
242.6  	     252.3  	     248.0  	     249.2  	     242.9  	     249.2  	     256.4  	     250.3  	     
243.1  	     252.6  	     248.3  	     249.5  	     243.1  	     249.5  	     256.6  	     250.7  	     
243.6  	     252.6  	     248.8  	     249.5  	     243.7  	     250.0  	     257.9  	     250.7  	     
244.0  	     253.2  	     249.1  	     250.2  	     244.1  	     250.4  	     257.2  	     251.3  	     
244.3  	     253.2  	     249.3  	     250.1  	     244.3  	     250.6  	     257.0  	     251.3  	     
244.8  	     253.7  	     249.7  	     250.8  	     244.8  	     251.0  	     257.0  	     251.9  	     
245.1  	     253.7  	     250.1  	     250.8  	     245.0  	     251.4  	     257.0  	     251.9  	     
245.5  	     254.1  	     250.4  	     251.2  	     245.5  	     251.6  	     257.3  	     252.4  	     
245.9  	     254.2  	     250.6  	     251.4  	     245.9  	     251.9  	     257.3  	     252.6  	     
246.4  	     254.3  	     251.1  	     251.5  	     246.4  	     252.2  	     256.7  	     252.6  	     
246.7  	     254.5  	     251.1  	     251.9  	     246.6  	     252.3  	     257.3  	     253.0  	     
247.2  	     254.8  	     251.5  	     252.2  	     246.8  	     252.6  	     257.5  	     253.2  	     
247.4  	     254.9  	     251.6  	     252.2  	     247.1  	     252.7  	     256.5  	     253.3  	     
247.8  	     254.8  	     252.0  	     252.3  	     247.5  	     252.9  	     257.2  	     253.3  	     
248.0  	     255.1  	     252.1  	     252.6  	     247.6  	     253.1  	     257.2  	     253.7  	     
248.3  	     254.9  	     252.3  	     252.5  	     247.9  	     253.3  	     258.2  	     253.4  	     
248.8  	     255.3  	     252.5  	     253.0  	     248.4  	     253.5  	     257.1  	     254.1  	     
249.0  	     255.3  	     252.6  	     253.0  	     248.4  	     253.5  	     257.4  	     253.9  	     
249.3  	     255.5  	     252.9  	     253.2  	     248.9  	     253.8  	     257.3  	     254.2  	     
249.5  	     255.6  	     253.0  	     253.4  	     249.0  	     253.9  	     258.0  	     254.5  	     
249.7  	     255.4  	     253.2  	     253.3  	     249.3  	     254.1  	     257.5  	     254.1  	     
250.1  	     255.9  	     253.3  	     253.8  	     249.6  	     254.4  	     257.6  	     254.6  	     
250.3  	     255.8  	     253.5  	     253.7  	     249.5  	     254.3  	     257.2  	     254.3  	     
250.5  	     256.0  	     253.7  	     254.0  	     250.0  	     254.5  	     257.3  	     254.9  	     
250.7  	     256.0  	     253.8  	     254.2  	     250.1  	     254.5  	     257.3  	     254.8  	     
251.0  	     255.9  	     254.0  	     254.0  	     250.5  	     254.8  	     257.8  	     254.6  	     
251.3  	     256.2  	     254.0  	     254.3  	     250.6  	     254.8  	     257.6  	     255.1  	     
251.3  	     256.0  	     254.1  	     254.1  	     250.6  	     255.0  	     258.0  	     254.8  	     
251.7  	     256.3  	     254.3  	     254.6  	     251.0  	     255.2  	     257.5  	     255.4  	     
251.7  	     256.2  	     254.3  	     254.5  	     251.0  	     255.0  	     257.0  	     255.3  	     
252.0  	     256.2  	     254.5  	     254.4  	     251.4  	     255.3  	     257.6  	     255.2  	     
252.1  	     256.5  	     254.6  	     254.8  	     251.5  	     255.3  	     257.3  	     255.5  	     
252.2  	     256.2  	     254.7  	     254.6  	     251.5  	     255.3  	     257.4  	     255.2  	     
252.6  	     256.6  	     254.7  	     255.0  	     252.0  	     255.6  	     257.6  	     255.7  	     
252.6  	     256.4  	     254.7  	     255.0  	     251.9  	     255.4  	     257.0  	     255.6  	     
252.9  	     256.3  	     254.9  	     254.9  	     252.2  	     255.5  	     257.6  	     255.6  	     
253.1  	     256.6  	     255.1  	     255.3  	     252.5  	     255.6  	     257.4  	     255.8  	     
253.2  	     256.6  	     255.1  	     255.2  	     252.3  	     255.7  	     257.7  	     255.8  	     
253.2  	     256.4  	     255.1  	     255.0  	     252.5  	     255.8  	     256.9  	     255.6  	     
253.5  	     256.8  	     255.2  	     255.4  	     252.8  	     255.9  	     257.9  	     256.0  	     
253.6  	     256.7  	     255.3  	     255.4  	     252.8  	     256.0  	     258.0  	     255.9  	     
253.7  	     256.6  	     255.4  	     255.4  	     253.0  	     256.0  	     258.1  	     255.9  	     
253.8  	     256.8  	     255.5  	     255.5  	     253.2  	     256.1  	     257.8  	     256.1  	     
253.9  	     256.9  	     255.4  	     255.7  	     253.1  	     256.1  	     257.4  	     256.2  	     
254.0  	     256.8  	     255.5  	     255.6  	     253.3  	     256.2  	     257.7  	     256.0  	     
254.3  	     256.8  	     255.6  	     255.7  	     253.4  	     256.3  	     257.3  	     256.2  	     
254.3  	     256.9  	     255.6  	     255.8  	     253.6  	     256.3  	     257.5  	     256.4  	     
254.3  	     256.7  	     255.6  	     255.6  	     253.5  	     256.3  	     257.0  	     256.1  	     
254.6  	     257.0  	     255.7  	     255.9  	     253.9  	     256.4  	     257.4  	     256.5  	     
254.6  	     256.9  	     255.7  	     255.9  	     253.7  	     256.4  	     257.2  	     256.5  	     
254.6  	     256.6  	     255.7  	     255.5  	     253.8  	     256.4  	     257.1  	     256.1  	     
254.8  	     257.0  	     255.9  	     255.9  	     254.1  	     256.6  	     257.5  	     256.5  	     
254.9  	     257.0  	     255.9  	     256.1  	     254.0  	     256.5  	     257.4  	     256.6  	     
254.9  	     256.8  	     255.8  	     255.9  	     253.9  	     256.4  	     257.4  	     256.4  	     
255.0  	     256.8  	     255.9  	     255.8  	     254.3  	     256.7  	     257.6  	     256.2  	     
255.1  	     257.1  	     255.9  	     256.1  	     254.2  	     256.6  	     257.6  	     256.7  	     
255.1  	     256.9  	     255.9  	     256.0  	     254.4  	     256.5  	     257.5  	     256.5  	     
255.2  	     256.9  	     256.1  	     256.0  	     254.6  	     256.8  	     257.8  	     256.4  	     
255.4  	     257.2  	     256.1  	     256.4  	     254.6  	     256.7  	     258.5  	     256.7  	     
255.3  	     257.1  	     256.0  	     256.2  	     254.6  	     256.7  	     257.6  	     256.5  	     
255.4  	     256.8  	     256.2  	     256.0  	     254.7  	     256.9  	     257.5  	     256.3  	     
255.5  	     257.3  	     256.3  	     256.5  	     254.9  	     256.8  	     257.6  	     256.8  	     
255.5  	     257.2  	     256.1  	     256.3  	     254.7  	     256.8  	     257.6  	     256.7  	     
255.7  	     256.9  	     256.3  	     256.1  	     254.9  	     256.9  	     257.6  	     256.4  	     
255.8  	     257.3  	     256.2  	     256.5  	     255.0  	     257.0  	     257.3  	     256.9  	     
255.8  	     257.3  	     256.3  	     256.4  	     254.9  	     256.8  	     257.1  	     256.8  	     
255.8  	     257.1  	     256.3  	     256.3  	     255.0  	     256.8  	     257.3  	     256.6  	     
256.0  	     256.9  	     256.3  	     256.2  	     255.1  	     257.0  	     258.0  	     256.6  	     
256.0  	     257.2  	     256.3  	     256.5  	     255.1  	     257.0  	     257.4  	     257.0  	     
255.9  	     257.2  	     256.3  	     256.4  	     255.1  	     256.9  	     257.4  	     256.8  	     
256.0  	     257.0  	     256.4  	     256.3  	     255.2  	     257.0  	     257.5  	     256.7  	     
256.1  	     257.0  	     256.4  	     256.2  	     255.3  	     257.0  	     257.5  	     256.5  	     
256.2  	     257.3  	     256.4  	     256.6  	     255.4  	     257.0  	     257.5  	     256.8  	     
256.2  	     257.3  	     256.4  	     256.6  	     255.3  	     257.0  	     257.7  	     256.7  	     
256.1  	     256.9  	     256.4  	     256.2  	     255.3  	     257.1  	     257.9  	     256.4  	     
256.3  	     257.3  	     256.5  	     256.7  	     255.5  	     257.1  	     257.6  	     256.9  	     
256.3  	     257.4  	     256.4  	     256.7  	     255.4  	     257.1  	     257.3  	     256.9  	     
256.2  	     257.2  	     256.4  	     256.5  	     255.4  	     257.0  	     257.7  	     256.7  	     
256.4  	     257.0  	     256.6  	     256.3  	     255.6  	     257.1  	     257.6  	     256.5  	     
256.4  	     257.3  	     256.5  	     256.7  	     255.7  	     257.1  	     257.1  	     256.9  	     
256.3  	     257.3  	     256.4  	     256.6  	     255.6  	     257.0  	     257.4  	     256.7  	     
256.4  	     257.0  	     256.5  	     256.4  	     255.4  	     257.1  	     257.4  	     256.5  	     
256.5  	     257.3  	     256.7  	     256.6  	     255.7  	     257.2  	     257.1  	     256.9  	     
256.6  	     257.4  	     256.5  	     256.7  	     255.6  	     257.1  	     257.9  	     257.0  	     
256.5  	     257.3  	     256.5  	     256.6  	     255.5  	     257.0  	     257.2  	     256.7  	     
256.5  	     257.0  	     256.6  	     256.5  	     255.6  	     257.2  	     257.4  	     256.6  	     
256.7  	     257.5  	     256.6  	     256.8  	     255.7  	     257.2  	     257.4  	     257.2  	     
256.7  	     257.4  	     256.6  	     256.7  	     255.8  	     257.3  	     257.5  	     257.2  	     
256.5  	     257.1  	     256.4  	     256.4  	     255.5  	     257.1  	     257.7  	     256.8  	     
256.2  	     256.7  	     256.2  	     255.9  	     255.2  	     256.9  	     256.8  	     256.2  	     
256.0  	     255.9  	     255.8  	     255.2  	     254.7  	     256.4  	     255.8  	     255.5  	     
255.6  	     255.0  	     255.4  	     254.5  	     254.2  	     255.9  	     254.5  	     254.6  	     
255.3  	     254.0  	     254.6  	     253.5  	     253.5  	     255.3  	     252.9  	     253.6  	     
254.7  	     252.9  	     253.9  	     252.5  	     252.7  	     254.6  	     251.7  	     252.6  	     
253.9  	     251.7  	     253.1  	     251.4  	     251.9  	     253.6  	     250.0  	     251.5  	     
253.2  	     250.3  	     252.1  	     250.2  	     251.1  	     252.5  	     248.1  	     250.1  	     
252.4  	     248.8  	     251.0  	     248.9  	     250.1  	     251.3  	     245.5  	     248.5  	     
251.5  	     247.2  	     249.7  	     247.3  	     249.0  	     250.0  	     243.1  	     247.1  	     
250.5  	     245.4  	     248.5  	     245.8  	     248.0  	     248.6  	     240.1  	     245.6  	     
249.7  	     243.6  	     247.1  	     244.2  	     246.6  	     247.0  	     238.0  	     244.0  	     
248.5  	     241.6  	     245.6  	     242.3  	     245.5  	     245.3  	     235.8  	     242.0  	     
247.2  	     239.4  	     243.9  	     240.5  	     244.2  	     243.5  	     232.5  	     239.9  	     
246.0  	     237.0  	     242.4  	     238.4  	     242.7  	     241.6  	     229.7  	     237.7  	     
244.6  	     234.8  	     240.5  	     236.5  	     241.2  	     239.6  	     225.9  	     235.6  	     
243.2  	     232.3  	     238.5  	     234.3  	     239.6  	     237.4  	     223.0  	     233.5  	     
241.7  	     229.9  	     236.5  	     232.2  	     237.9  	     235.3  	     219.8  	     231.2  	     
240.2  	     227.3  	     234.5  	     229.8  	     236.2  	     233.0  	     216.8  	     228.9  	     
239.7  	     227.0  	     234.4  	     229.6  	     236.1  	     232.9  	     216.5  	     228.7  	     
238.6  	     224.7  	     232.4  	     227.8  	     234.5  	     230.8  	     213.2  	     226.5  	     
236.8  	     221.9  	     230.2  	     225.2  	     232.5  	     228.3  	     209.8  	     223.9  	     
235.1  	     219.1  	     228.0  	     222.7  	     230.8  	     225.8  	     206.2  	     221.3  	     
233.3  	     216.2  	     225.8  	     220.3  	     229.0  	     223.2  	     202.8  	     218.6  	     
231.4  	     213.3  	     223.6  	     217.6  	     226.8  	     220.5  	     199.4  	     215.6  	     
229.5  	     210.2  	     221.1  	     215.1  	     224.9  	     217.9  	     195.5  	     212.9  	     
227.6  	     207.2  	     218.6  	     212.3  	     222.9  	     215.3  	     191.9  	     210.0  	     
225.4  	     204.2  	     216.2  	     209.7  	     220.7  	     212.3  	     188.3  	     207.1  	     
223.2  	     201.2  	     213.6  	     206.8  	     218.5  	     209.5  	     184.8  	     204.3  	     
221.4  	     197.7  	     210.8  	     203.8  	     216.3  	     206.7  	     180.8  	     201.0  	     
219.0  	     194.8  	     208.3  	     201.6  	     214.1  	     203.8  	     177.4  	     198.1  	     
216.8  	     191.6  	     205.5  	     198.6  	     211.8  	     200.7  	     173.9  	     195.1  	     
214.4  	     188.3  	     202.7  	     195.5  	     209.3  	     197.8  	     170.2  	     192.3  	     
212.1  	     185.2  	     200.1  	     192.7  	     207.1  	     194.8  	     166.7  	     189.3  	     
210.0  	     182.0  	     197.4  	     190.0  	     204.8  	     191.9  	     163.1  	     186.3  	     
207.8  	     179.1  	     194.7  	     187.0  	     202.5  	     189.0  	     159.9  	     183.6  	     
205.6  	     176.1  	     191.9  	     184.6  	     200.2  	     186.1  	     156.8  	     180.6  	     
203.3  	     173.2  	     189.4  	     182.0  	     197.8  	     183.3  	     154.1  	     177.9  	     
200.9  	     170.5  	     186.9  	     179.3  	     195.6  	     180.6  	     151.0  	     175.4  	     
198.7  	     167.7  	     184.2  	     176.7  	     193.5  	     177.9  	     148.1  	     172.7  	     
196.3  	     165.1  	     181.7  	     174.4  	     191.2  	     175.2  	     145.7  	     170.1  	     
194.5  	     162.4  	     179.2  	     171.9  	     189.0  	     172.5  	     142.6  	     167.7  	     
192.2  	     159.9  	     176.9  	     169.5  	     187.0  	     170.0  	     140.7  	     165.2  	     
190.1  	     157.5  	     174.4  	     167.0  	     184.8  	     167.5  	     138.5  	     162.9  	     
187.9  	     155.2  	     172.1  	     164.9  	     182.8  	     165.2  	     136.6  	     160.5  	     
186.0  	     152.8  	     169.8  	     162.6  	     180.6  	     162.7  	     134.2  	     158.3  	     
183.7  	     150.6  	     167.6  	     160.5  	     178.7  	     160.6  	     132.7  	     156.0  	     
181.7  	     148.5  	     165.3  	     158.4  	     176.6  	     158.3  	     131.2  	     154.0  	     
179.9  	     146.5  	     163.1  	     156.5  	     174.5  	     156.2  	     129.2  	     152.1  	     
177.6  	     144.7  	     161.2  	     154.8  	     172.8  	     154.3  	     127.8  	     150.2  	     
175.9  	     142.7  	     159.2  	     152.8  	     170.8  	     152.2  	     126.0  	     148.2  	     
173.8  	     140.9  	     157.1  	     151.0  	     168.9  	     150.2  	     124.8  	     146.2  	     
172.1  	     139.0  	     155.1  	     149.0  	     167.2  	     148.2  	     123.4  	     144.5  	     
170.0  	     137.4  	     153.3  	     147.3  	     165.3  	     146.3  	     121.8  	     142.6  	     
168.2  	     135.7  	     151.5  	     145.5  	     163.5  	     144.6  	     120.6  	     141.1  	     
166.5  	     134.2  	     149.6  	     143.7  	     161.8  	     143.0  	     119.4  	     139.5  	     
164.6  	     132.7  	     147.9  	     142.1  	     160.0  	     141.3  	     118.2  	     137.9  	     
162.9  	     131.3  	     146.2  	     140.6  	     158.4  	     139.6  	     117.3  	     136.5  	     
161.2  	     129.9  	     144.5  	     139.2  	     156.7  	     138.3  	     116.2  	     135.2  	     
159.6  	     128.6  	     142.9  	     137.6  	     155.2  	     136.7  	     115.4  	     133.7  	     
157.9  	     127.1  	     141.2  	     136.2  	     153.6  	     135.3  	     114.4  	     132.4  	     
156.3  	     125.9  	     139.7  	     134.9  	     152.0  	     133.9  	     113.5  	     131.0  	     
154.8  	     124.8  	     138.3  	     133.6  	     150.5  	     132.4  	     112.7  	     129.7  	     
153.2  	     123.6  	     136.8  	     132.3  	     148.9  	     131.2  	     111.9  	     128.5  	     
151.8  	     122.5  	     135.4  	     130.9  	     147.5  	     129.9  	     111.0  	     127.3  	     
150.1  	     121.5  	     134.1  	     129.9  	     146.1  	     128.7  	     110.4  	     126.2  	     
148.7  	     120.4  	     132.8  	     128.7  	     144.8  	     127.5  	     109.8  	     125.1  	     
147.8  	     120.1  	     132.4  	     128.2  	     144.1  	     127.1  	     109.3  	     124.8  	     
147.3  	     119.4  	     131.6  	     127.5  	     143.2  	     126.4  	     109.1  	     123.9  	     
145.9  	     118.1  	     130.1  	     126.2  	     141.8  	     125.1  	     107.9  	     122.8  	     
144.7  	     117.1  	     128.9  	     125.2  	     140.7  	     123.9  	     107.3  	     121.7  	     
143.7  	     116.2  	     127.5  	     124.4  	     139.7  	     123.0  	     106.2  	     120.8  	     
142.9  	     115.5  	     126.3  	     123.6  	     139.0  	     122.3  	     105.5  	     120.0  	     
142.5  	     115.2  	     126.1  	     123.5  	     138.8  	     122.0  	     105.1  	     119.8  	     