
G19-PTC8  	G19-PTC11  	G19-PTC14  	G19-PTC29  	G19-PTC36  	G19-PTC38  	G19-PTC44  	G19-PTC48  	
Deg.F  	     Deg.F  	     Deg.F  	     Deg.F  	     Deg.F  	     Deg.F  	     Deg.F  	     Deg.F  	     
83.6  	     86.9  	     86.0  	     85.5  	     87.7  	     86.8  	     81.6  	     85.7  	     
83.6  	     86.9  	     86.0  	     85.5  	     87.7  	     86.8  	     81.6  	     85.7  	     
83.6  	     86.9  	     86.0  	     85.5  	     87.7  	     86.8  	     81.6  	     85.7  	     
83.6  	     86.9  	     86.0  	     85.5  	     87.7  	     86.8  	     81.6  	     85.7  	     
85.1  	     88.4  	     86.3  	     86.0  	     88.6  	     87.6  	     81.6  	     86.6  	     
85.6  	     89.3  	     87.0  	     86.7  	     89.5  	     88.0  	     82.7  	     87.5  	     
87.3  	     90.6  	     87.9  	     87.6  	     90.7  	     88.8  	     83.2  	     88.5  	     
88.7  	     92.4  	     89.0  	     88.9  	     92.4  	     89.9  	     84.2  	     90.0  	     
90.4  	     95.4  	     90.4  	     90.9  	     94.6  	     91.4  	     85.8  	     91.8  	     
92.6  	     97.3  	     92.2  	     93.4  	     97.4  	     93.0  	     87.6  	     94.0  	     
94.7  	     101.5  	     94.3  	     96.0  	     100.4  	     95.2  	     89.2  	     96.6  	     
97.3  	     102.5  	     96.7  	     99.6  	     104.0  	     97.8  	     91.8  	     100.0  	     
101.1  	     107.2  	     99.5  	     103.2  	     108.3  	     101.0  	     94.4  	     103.1  	     
103.5  	     110.7  	     102.6  	     107.2  	     112.4  	     104.2  	     97.5  	     106.7  	     
104.2  	     110.7  	     102.8  	     107.7  	     112.7  	     104.5  	     97.6  	     107.0  	     
108.4  	     115.1  	     105.8  	     111.4  	     116.7  	     107.3  	     100.8  	     110.6  	     
111.3  	     119.7  	     109.6  	     116.4  	     121.7  	     111.1  	     104.5  	     114.8  	     
115.3  	     124.8  	     113.8  	     121.4  	     126.7  	     115.0  	     108.1  	     118.9  	     
119.8  	     128.7  	     118.0  	     126.3  	     131.8  	     118.9  	     112.5  	     123.0  	     
124.0  	     134.2  	     122.4  	     131.5  	     137.0  	     123.1  	     116.7  	     127.7  	     
128.6  	     139.5  	     127.2  	     136.6  	     141.7  	     127.5  	     121.9  	     132.0  	     
133.1  	     145.4  	     131.9  	     142.1  	     147.0  	     132.0  	     126.2  	     137.0  	     
137.9  	     151.3  	     136.8  	     148.0  	     152.3  	     136.7  	     131.3  	     141.8  	     
141.1  	     155.7  	     141.9  	     153.6  	     158.0  	     141.1  	     140.0  	     147.4  	     
144.8  	     161.4  	     147.0  	     160.0  	     163.8  	     146.3  	     146.0  	     152.6  	     
149.9  	     167.2  	     152.9  	     165.9  	     168.8  	     151.6  	     151.5  	     158.0  	     
155.0  	     173.5  	     158.2  	     171.8  	     175.1  	     155.8  	     157.1  	     163.4  	     
158.7  	     179.8  	     163.8  	     177.6  	     180.2  	     160.7  	     162.8  	     167.9  	     
162.4  	     185.6  	     169.2  	     183.5  	     185.9  	     165.4  	     168.2  	     173.3  	     
167.9  	     193.0  	     174.9  	     189.9  	     191.1  	     170.0  	     174.3  	     178.5  	     
172.4  	     199.5  	     180.2  	     195.9  	     196.4  	     176.0  	     179.6  	     183.3  	     
177.7  	     204.4  	     185.8  	     201.5  	     201.7  	     180.5  	     185.2  	     187.8  	     
182.3  	     210.8  	     191.1  	     207.2  	     206.8  	     185.2  	     190.8  	     192.5  	     
186.5  	     215.9  	     196.6  	     212.8  	     211.9  	     188.6  	     197.1  	     197.2  	     
190.8  	     220.8  	     202.0  	     217.8  	     216.7  	     192.6  	     201.8  	     201.7  	     
195.0  	     225.5  	     206.5  	     222.5  	     219.5  	     196.3  	     207.1  	     205.2  	     
198.1  	     229.6  	     211.1  	     226.1  	     221.7  	     200.3  	     211.4  	     208.5  	     
200.6  	     233.3  	     215.4  	     229.3  	     224.6  	     203.7  	     215.2  	     211.4  	     
203.4  	     236.5  	     219.1  	     232.1  	     227.2  	     206.6  	     218.9  	     214.2  	     
206.4  	     239.0  	     222.5  	     234.7  	     228.8  	     208.8  	     222.1  	     217.0  	     
208.7  	     241.6  	     225.4  	     237.1  	     230.7  	     211.4  	     225.2  	     219.6  	     
210.9  	     243.7  	     228.2  	     239.1  	     232.4  	     213.8  	     228.1  	     222.1  	     
213.0  	     245.8  	     230.5  	     241.0  	     233.9  	     216.0  	     230.8  	     224.1  	     
214.6  	     247.4  	     232.7  	     242.4  	     235.3  	     218.0  	     233.1  	     226.2  	     
216.6  	     249.0  	     234.8  	     244.1  	     236.7  	     219.7  	     235.2  	     227.9  	     
217.9  	     250.2  	     236.4  	     245.4  	     238.0  	     221.7  	     236.9  	     229.3  	     
219.6  	     251.6  	     237.9  	     246.2  	     239.4  	     223.2  	     238.7  	     230.9  	     
220.9  	     252.5  	     239.1  	     247.1  	     240.3  	     224.6  	     239.9  	     232.0  	     
222.2  	     253.1  	     240.2  	     247.9  	     240.9  	     226.3  	     241.3  	     233.0  	     
223.4  	     253.6  	     241.3  	     248.6  	     241.7  	     227.6  	     242.5  	     234.0  	     
224.6  	     253.9  	     242.2  	     249.1  	     242.5  	     228.8  	     243.6  	     235.2  	     
226.0  	     254.1  	     243.0  	     249.6  	     243.2  	     230.2  	     244.6  	     236.1  	     
227.2  	     254.5  	     243.7  	     250.1  	     244.0  	     231.4  	     245.4  	     237.1  	     
228.3  	     254.7  	     244.4  	     250.5  	     244.4  	     232.5  	     246.4  	     237.9  	     
229.2  	     254.7  	     244.9  	     251.0  	     245.1  	     233.6  	     246.9  	     238.7  	     
230.1  	     254.8  	     245.4  	     251.4  	     245.7  	     234.5  	     247.6  	     239.5  	     
231.1  	     255.1  	     245.9  	     251.6  	     246.1  	     235.4  	     248.0  	     240.2  	     
232.0  	     255.2  	     246.3  	     252.1  	     246.7  	     236.4  	     248.5  	     240.9  	     
232.9  	     255.3  	     246.9  	     252.2  	     247.2  	     237.2  	     248.9  	     241.4  	     
233.7  	     255.4  	     247.3  	     252.5  	     247.6  	     238.1  	     249.3  	     242.0  	     
234.3  	     255.4  	     247.6  	     252.6  	     247.9  	     239.0  	     249.6  	     242.7  	     
235.2  	     255.4  	     248.0  	     252.7  	     248.3  	     239.7  	     249.8  	     243.1  	     
236.1  	     255.4  	     248.1  	     252.9  	     248.6  	     240.6  	     250.1  	     243.6  	     
236.6  	     255.4  	     248.3  	     253.2  	     249.0  	     241.4  	     250.3  	     244.0  	     
237.4  	     255.5  	     248.6  	     253.1  	     249.4  	     242.1  	     250.6  	     244.5  	     
237.9  	     255.6  	     248.7  	     253.2  	     249.6  	     242.8  	     250.8  	     244.8  	     
238.6  	     255.6  	     249.0  	     253.4  	     250.0  	     243.5  	     250.9  	     245.2  	     
239.3  	     255.5  	     249.2  	     253.5  	     250.2  	     244.2  	     251.0  	     245.5  	     
239.9  	     255.5  	     249.4  	     253.6  	     250.5  	     244.7  	     251.1  	     245.8  	     
240.4  	     255.5  	     249.5  	     253.8  	     250.7  	     245.5  	     251.2  	     246.1  	     
241.0  	     255.6  	     249.9  	     253.9  	     251.0  	     246.0  	     251.4  	     246.4  	     
241.5  	     255.6  	     250.0  	     254.0  	     251.2  	     246.6  	     251.4  	     246.8  	     
242.1  	     255.6  	     250.1  	     254.0  	     251.5  	     247.0  	     251.5  	     247.0  	     
242.5  	     255.6  	     250.3  	     254.0  	     251.7  	     247.4  	     251.5  	     247.1  	     
242.9  	     255.6  	     250.4  	     254.2  	     251.9  	     247.9  	     251.6  	     247.4  	     
243.4  	     255.6  	     250.4  	     254.3  	     252.0  	     248.2  	     251.6  	     247.7  	     
243.8  	     255.6  	     250.5  	     254.3  	     252.0  	     248.5  	     251.7  	     247.9  	     
244.2  	     255.6  	     250.5  	     254.4  	     252.3  	     248.8  	     251.8  	     248.0  	     
244.7  	     255.6  	     250.7  	     254.4  	     252.5  	     249.1  	     251.8  	     248.2  	     
245.0  	     255.7  	     250.8  	     254.5  	     252.5  	     249.3  	     251.8  	     248.3  	     
245.4  	     255.6  	     250.8  	     254.3  	     252.6  	     249.5  	     251.9  	     248.5  	     
245.5  	     255.6  	     250.9  	     254.3  	     252.7  	     249.5  	     251.8  	     248.5  	     
245.7  	     255.5  	     250.9  	     254.4  	     252.7  	     249.6  	     251.9  	     248.5  	     
246.0  	     255.5  	     250.9  	     254.5  	     252.7  	     249.9  	     251.9  	     248.7  	     
246.4  	     255.6  	     251.1  	     254.4  	     252.8  	     250.0  	     251.9  	     248.9  	     
246.6  	     255.7  	     251.2  	     254.6  	     253.1  	     250.1  	     252.1  	     249.1  	     
247.0  	     255.8  	     251.2  	     254.6  	     253.2  	     250.4  	     252.2  	     249.3  	     
247.3  	     255.8  	     251.3  	     254.7  	     253.3  	     250.4  	     252.2  	     249.5  	     
247.6  	     255.8  	     251.4  	     254.7  	     252.4  	     250.6  	     252.2  	     249.6  	     
247.9  	     255.9  	     251.5  	     254.9  	     253.6  	     250.7  	     252.2  	     249.7  	     
247.9  	     255.8  	     251.6  	     254.9  	     253.6  	     250.8  	     252.3  	     249.9  	     
248.2  	     255.8  	     251.7  	     254.8  	     253.7  	     250.9  	     252.4  	     250.0  	     
248.5  	     255.8  	     251.7  	     254.9  	     253.6  	     251.0  	     252.3  	     250.1  	     
248.7  	     255.8  	     251.7  	     254.9  	     253.9  	     251.1  	     252.5  	     250.1  	     
248.7  	     255.9  	     251.7  	     255.0  	     253.9  	     251.1  	     252.4  	     250.2  	     
249.0  	     256.0  	     251.7  	     255.1  	     253.9  	     251.0  	     252.4  	     250.1  	     
249.1  	     256.0  	     251.9  	     255.1  	     254.0  	     251.2  	     252.2  	     250.2  	     
249.4  	     255.9  	     252.0  	     255.2  	     254.1  	     251.2  	     252.4  	     250.4  	     
249.5  	     255.9  	     252.0  	     255.0  	     254.1  	     251.3  	     252.4  	     250.3  	     
249.7  	     256.0  	     252.1  	     255.1  	     254.2  	     251.3  	     252.4  	     250.5  	     
249.9  	     256.1  	     252.1  	     255.1  	     254.2  	     251.3  	     252.5  	     250.6  	     
250.0  	     256.1  	     252.1  	     255.2  	     254.3  	     251.5  	     252.6  	     250.6  	     
250.1  	     256.0  	     252.1  	     255.3  	     254.4  	     251.5  	     252.7  	     250.7  	     
250.3  	     256.1  	     252.2  	     255.3  	     254.2  	     251.5  	     252.7  	     250.8  	     
250.5  	     256.1  	     252.2  	     255.4  	     254.2  	     251.5  	     252.6  	     250.9  	     
250.4  	     256.1  	     252.3  	     255.3  	     254.2  	     251.5  	     252.6  	     251.0  	     
250.5  	     256.1  	     252.3  	     255.2  	     254.3  	     251.5  	     252.6  	     250.9  	     
250.7  	     256.1  	     252.3  	     255.4  	     254.4  	     251.6  	     252.6  	     250.9  	     
250.7  	     256.1  	     252.3  	     255.4  	     254.4  	     251.7  	     252.7  	     250.9  	     
250.9  	     256.1  	     252.4  	     255.2  	     254.4  	     251.7  	     252.7  	     251.0  	     
251.1  	     256.1  	     252.4  	     255.4  	     253.9  	     251.7  	     252.6  	     251.0  	     
251.0  	     256.1  	     252.4  	     255.3  	     254.5  	     251.7  	     252.8  	     251.1  	     
251.2  	     256.1  	     252.4  	     255.3  	     254.5  	     251.7  	     252.7  	     251.1  	     
251.2  	     256.1  	     252.4  	     255.3  	     254.4  	     251.6  	     252.7  	     251.1  	     
251.4  	     256.1  	     252.4  	     255.3  	     254.5  	     251.7  	     252.7  	     251.1  	     
251.4  	     256.1  	     252.4  	     255.3  	     254.6  	     251.7  	     252.6  	     251.1  	     
251.5  	     256.0  	     252.4  	     255.3  	     254.6  	     251.7  	     252.7  	     251.1  	     
251.6  	     256.1  	     252.4  	     255.3  	     254.6  	     251.7  	     252.7  	     251.0  	     
251.6  	     256.1  	     252.3  	     255.3  	     254.6  	     251.5  	     252.6  	     251.1  	     
251.6  	     256.1  	     252.4  	     255.4  	     254.6  	     251.7  	     252.6  	     251.1  	     
251.7  	     256.2  	     252.4  	     255.3  	     254.6  	     251.6  	     252.7  	     251.3  	     
251.7  	     256.1  	     252.4  	     255.5  	     254.6  	     251.7  	     252.7  	     251.1  	     
251.7  	     256.2  	     252.4  	     255.3  	     254.6  	     251.7  	     252.7  	     251.3  	     
251.8  	     256.3  	     252.5  	     255.1  	     254.6  	     251.7  	     252.8  	     251.3  	     
251.9  	     256.2  	     252.5  	     255.3  	     254.6  	     251.9  	     252.7  	     251.6  	     
252.0  	     256.2  	     252.5  	     255.3  	     254.5  	     251.6  	     252.7  	     251.1  	     
251.9  	     256.3  	     252.4  	     255.5  	     254.6  	     251.7  	     253.0  	     251.4  	     
252.0  	     256.3  	     252.6  	     255.2  	     254.7  	     251.8  	     252.8  	     251.4  	     
252.1  	     256.3  	     252.6  	     255.4  	     254.6  	     251.8  	     252.7  	     251.4  	     
252.0  	     256.2  	     252.5  	     255.4  	     254.7  	     251.9  	     252.7  	     251.5  	     
252.1  	     256.1  	     252.5  	     255.3  	     254.6  	     251.8  	     252.7  	     251.4  	     
252.2  	     256.3  	     252.5  	     255.4  	     254.8  	     251.8  	     252.8  	     251.4  	     
252.3  	     256.2  	     252.5  	     255.3  	     254.6  	     251.7  	     252.8  	     251.5  	     
252.2  	     256.2  	     252.4  	     255.4  	     254.5  	     251.8  	     252.9  	     251.5  	     
252.3  	     256.1  	     252.4  	     255.1  	     254.6  	     251.8  	     252.7  	     251.4  	     
252.3  	     256.1  	     252.4  	     255.3  	     254.4  	     251.9  	     252.8  	     251.6  	     
252.4  	     256.1  	     252.4  	     255.1  	     254.5  	     251.8  	     252.8  	     251.4  	     
252.2  	     256.0  	     252.4  	     255.3  	     254.6  	     251.7  	     252.6  	     251.4  	     
252.4  	     256.1  	     252.5  	     255.1  	     254.6  	     251.7  	     252.7  	     251.4  	     
252.4  	     256.1  	     252.5  	     255.4  	     254.5  	     251.5  	     252.8  	     251.4  	     
252.4  	     256.1  	     252.6  	     255.3  	     254.6  	     251.8  	     252.9  	     251.4  	     
252.4  	     256.1  	     252.6  	     255.3  	     254.6  	     251.6  	     252.8  	     251.4  	     
252.4  	     256.1  	     252.5  	     255.3  	     254.6  	     251.7  	     252.7  	     251.5  	     
252.4  	     256.0  	     252.5  	     255.3  	     254.6  	     251.6  	     252.6  	     251.3  	     
252.5  	     256.1  	     252.6  	     255.3  	     254.6  	     251.8  	     252.7  	     251.4  	     
252.5  	     256.0  	     252.4  	     255.3  	     254.6  	     251.8  	     252.6  	     251.2  	     
252.4  	     256.1  	     252.4  	     255.3  	     254.6  	     251.9  	     252.7  	     251.5  	     
252.6  	     256.1  	     252.4  	     255.2  	     254.6  	     251.8  	     252.6  	     251.7  	     
252.6  	     256.1  	     252.4  	     255.4  	     254.5  	     251.8  	     252.8  	     251.4  	     
252.7  	     256.2  	     252.5  	     255.2  	     254.6  	     251.8  	     252.7  	     251.4  	     
252.6  	     256.1  	     252.4  	     255.3  	     254.6  	     252.0  	     252.9  	     251.4  	     
252.7  	     256.2  	     252.6  	     255.4  	     253.8  	     251.8  	     252.7  	     251.4  	     
252.7  	     256.2  	     252.6  	     255.5  	     254.6  	     252.0  	     252.8  	     251.5  	     
252.8  	     256.3  	     252.6  	     255.3  	     254.6  	     251.9  	     252.8  	     251.6  	     
252.8  	     256.3  	     252.6  	     255.3  	     254.6  	     251.7  	     252.9  	     251.7  	     
252.8  	     256.3  	     252.5  	     255.4  	     254.7  	     251.8  	     252.9  	     251.6  	     
252.7  	     256.2  	     252.6  	     255.3  	     254.6  	     251.8  	     252.8  	     251.6  	     
252.9  	     256.3  	     252.6  	     255.5  	     254.6  	     251.8  	     252.9  	     251.7  	     
252.8  	     256.3  	     252.6  	     255.4  	     254.6  	     251.8  	     252.7  	     251.3  	     
252.8  	     256.3  	     252.6  	     255.4  	     254.6  	     251.7  	     252.7  	     251.5  	     
252.8  	     256.3  	     252.6  	     255.3  	     254.6  	     251.8  	     252.7  	     251.4  	     
252.8  	     256.2  	     252.6  	     255.2  	     254.6  	     251.9  	     252.7  	     251.4  	     
252.8  	     256.3  	     252.6  	     255.2  	     254.5  	     251.8  	     252.6  	     251.3  	     
252.8  	     256.2  	     252.6  	     255.2  	     254.5  	     251.8  	     252.6  	     251.4  	     
252.8  	     256.1  	     252.5  	     255.3  	     254.5  	     251.8  	     252.8  	     251.6  	     
252.8  	     256.1  	     252.5  	     255.2  	     254.6  	     251.7  	     252.7  	     251.7  	     
252.8  	     256.1  	     252.6  	     255.5  	     254.4  	     251.9  	     252.9  	     251.8  	     
252.8  	     256.1  	     252.6  	     255.3  	     254.6  	     251.7  	     252.8  	     251.6  	     
252.9  	     256.2  	     252.6  	     255.3  	     254.6  	     251.8  	     252.7  	     251.6  	     
252.9  	     256.2  	     252.6  	     255.3  	     254.5  	     251.8  	     252.7  	     251.5  	     
252.8  	     256.2  	     252.6  	     255.3  	     254.6  	     251.8  	     252.6  	     251.7  	     
252.9  	     256.3  	     252.5  	     255.3  	     254.5  	     251.9  	     252.7  	     251.6  	     
252.8  	     256.1  	     252.4  	     255.3  	     254.5  	     251.8  	     252.7  	     251.6  	     
252.8  	     256.2  	     252.4  	     255.2  	     254.4  	     251.7  	     252.9  	     251.4  	     
252.8  	     256.0  	     252.4  	     255.1  	     254.5  	     251.6  	     252.7  	     251.4  	     
252.8  	     256.1  	     252.5  	     255.3  	     254.4  	     251.6  	     252.7  	     251.5  	     
252.7  	     256.0  	     252.4  	     255.2  	     254.4  	     251.6  	     252.7  	     251.5  	     
252.6  	     255.9  	     252.4  	     255.1  	     254.2  	     251.6  	     252.5  	     251.3  	     
251.5  	     253.9  	     252.0  	     254.3  	     253.6  	     251.2  	     252.0  	     250.6  	     
250.4  	     254.0  	     250.9  	     253.3  	     252.1  	     250.3  	     250.7  	     248.7  	     
249.1  	     249.7  	     249.3  	     251.9  	     250.5  	     249.2  	     249.3  	     246.7  	     
247.7  	     248.0  	     247.8  	     250.2  	     249.1  	     248.4  	     247.8  	     245.1  	     
246.3  	     246.7  	     246.1  	     248.5  	     247.9  	     247.1  	     246.6  	     243.7  	     
244.8  	     243.7  	     244.1  	     246.6  	     246.3  	     245.7  	     244.7  	     241.7  	     
242.9  	     243.2  	     242.1  	     244.6  	     244.3  	     244.0  	     242.8  	     239.5  	     
241.1  	     239.4  	     240.0  	     242.6  	     243.1  	     242.3  	     240.6  	     237.7  	     
239.2  	     237.2  	     237.4  	     240.0  	     241.0  	     240.3  	     238.3  	     235.4  	     
237.3  	     234.5  	     235.0  	     237.6  	     238.5  	     239.0  	     236.2  	     233.3  	     
235.3  	     231.5  	     232.4  	     235.2  	     237.5  	     237.0  	     233.6  	     231.0  	     
233.8  	     229.6  	     230.9  	     233.6  	     236.2  	     235.8  	     232.5  	     229.5  	     
232.6  	     228.7  	     229.8  	     232.6  	     235.1  	     234.7  	     231.2  	     228.5  	     
230.7  	     226.2  	     227.0  	     229.7  	     233.5  	     232.5  	     228.5  	     225.9  	     
228.3  	     222.9  	     224.2  	     227.1  	     230.8  	     230.0  	     225.7  	     223.6  	     
226.1  	     219.6  	     221.4  	     224.4  	     228.9  	     227.3  	     223.3  	     221.0  	     
223.6  	     216.6  	     218.4  	     221.5  	     226.3  	     224.9  	     220.5  	     218.7  	     
221.2  	     213.6  	     215.5  	     218.6  	     224.3  	     222.9  	     217.7  	     215.9  	     
218.9  	     211.0  	     212.5  	     215.7  	     221.9  	     220.2  	     215.0  	     213.4  	     
216.7  	     207.6  	     209.6  	     212.8  	     219.4  	     218.0  	     212.2  	     210.7  	     
214.2  	     205.3  	     206.7  	     210.0  	     216.7  	     215.6  	     209.2  	     208.0  	     
211.6  	     202.2  	     203.7  	     206.8  	     214.3  	     213.1  	     206.5  	     205.4  	     
209.3  	     199.3  	     201.0  	     204.0  	     212.2  	     210.6  	     203.6  	     203.2  	     
207.1  	     196.3  	     198.2  	     201.4  	     210.2  	     208.2  	     201.1  	     200.8  	     
204.8  	     193.7  	     195.3  	     198.6  	     208.1  	     205.4  	     198.4  	     198.4  	     
202.5  	     191.0  	     192.6  	     195.9  	     205.2  	     203.2  	     195.7  	     195.9  	     
200.2  	     188.3  	     190.1  	     193.2  	     202.3  	     200.7  	     193.0  	     193.8  	     
198.3  	     185.5  	     187.7  	     190.8  	     200.5  	     198.5  	     190.1  	     191.3  	     
196.0  	     183.2  	     185.1  	     188.3  	     197.8  	     195.9  	     188.3  	     189.4  	     
194.1  	     180.8  	     182.7  	     185.7  	     196.4  	     193.8  	     185.5  	     187.0  	     
191.9  	     178.5  	     180.2  	     183.4  	     193.9  	     191.6  	     181.7  	     183.7  	     
190.0  	     175.8  	     178.0  	     181.0  	     191.9  	     189.5  	     179.3  	     181.3  	     
187.7  	     174.0  	     175.7  	     178.7  	     189.5  	     187.3  	     177.2  	     179.1  	     
185.8  	     171.6  	     173.5  	     176.2  	     187.0  	     185.1  	     174.9  	     177.0  	     
184.0  	     169.5  	     171.3  	     174.1  	     185.4  	     183.1  	     173.0  	     175.4  	     
182.0  	     167.7  	     169.3  	     172.1  	     183.3  	     181.2  	     171.5  	     173.6  	     
179.9  	     165.7  	     167.2  	     170.1  	     181.1  	     178.7  	     168.8  	     171.2  	     
178.2  	     163.4  	     165.5  	     167.9  	     179.0  	     176.9  	     166.9  	     169.4  	     
176.4  	     161.7  	     163.6  	     166.1  	     177.5  	     174.8  	     164.8  	     167.5  	     
174.6  	     160.0  	     161.9  	     164.3  	     175.4  	     173.2  	     163.0  	     165.6  	     
172.9  	     158.2  	     159.8  	     162.5  	     173.4  	     171.0  	     161.3  	     163.7  	     
171.0  	     156.6  	     158.2  	     160.7  	     171.8  	     169.5  	     159.5  	     162.2  	     
169.4  	     154.9  	     156.5  	     159.1  	     169.7  	     167.7  	     157.8  	     160.6  	     
168.0  	     153.4  	     155.0  	     157.4  	     168.2  	     166.0  	     156.3  	     158.8  	     
166.1  	     152.0  	     153.4  	     155.7  	     166.6  	     164.1  	     154.5  	     157.2  	     
164.8  	     150.6  	     151.9  	     154.2  	     164.6  	     162.6  	     152.9  	     155.8  	     
163.1  	     149.1  	     150.5  	     152.7  	     163.1  	     160.6  	     151.5  	     154.3  	     
161.7  	     147.6  	     149.1  	     151.3  	     161.2  	     159.4  	     149.8  	     152.8  	     
160.0  	     146.3  	     147.5  	     149.9  	     159.1  	     157.9  	     148.5  	     151.2  	     
158.8  	     144.8  	     146.2  	     148.5  	     158.1  	     156.5  	     147.1  	     149.9  	     
157.4  	     143.8  	     144.9  	     147.2  	     156.5  	     154.9  	     145.7  	     148.3  	     
156.2  	     142.2  	     143.7  	     145.9  	     154.7  	     153.4  	     144.5  	     147.3  	     
154.7  	     141.2  	     142.4  	     144.5  	     153.6  	     151.9  	     143.2  	     145.9  	     
153.4  	     140.0  	     141.3  	     143.4  	     152.1  	     150.6  	     141.9  	     144.7  	     
152.2  	     138.9  	     140.2  	     142.2  	     150.9  	     149.4  	     140.8  	     143.4  	     
150.9  	     138.2  	     139.1  	     141.0  	     149.5  	     148.3  	     139.7  	     142.2  	     
149.7  	     137.1  	     138.0  	     140.0  	     148.1  	     147.1  	     138.5  	     141.1  	     
148.5  	     136.0  	     137.0  	     138.9  	     146.9  	     145.8  	     137.4  	     139.9  	     
147.3  	     135.0  	     136.0  	     137.8  	     145.6  	     144.5  	     136.4  	     138.7  	     
146.1  	     134.1  	     135.0  	     136.9  	     144.3  	     143.3  	     135.3  	     137.8  	     
145.1  	     133.3  	     134.1  	     135.9  	     143.0  	     142.3  	     134.3  	     136.7  	     
144.1  	     132.4  	     133.1  	     134.9  	     141.8  	     141.0  	     133.3  	     135.6  	     
143.0  	     131.6  	     132.2  	     133.9  	     140.9  	     140.0  	     132.4  	     134.6  	     
141.9  	     130.5  	     131.2  	     133.0  	     139.7  	     139.2  	     131.5  	     133.6  	     
141.0  	     129.9  	     130.4  	     132.1  	     138.7  	     138.1  	     130.6  	     132.8  	     
140.0  	     129.2  	     129.6  	     131.3  	     137.7  	     137.0  	     129.7  	     131.9  	     
139.1  	     128.7  	     128.8  	     130.6  	     136.7  	     136.0  	     128.9  	     131.0  	     
138.1  	     127.8  	     128.1  	     129.7  	     135.8  	     135.0  	     128.2  	     130.2  	     
137.2  	     127.2  	     127.4  	     129.0  	     134.8  	     134.2  	     127.3  	     129.3  	     
136.2  	     126.6  	     126.7  	     128.2  	     133.8  	     133.4  	     126.5  	     128.6  	     
135.3  	     125.8  	     125.9  	     127.5  	     132.7  	     132.5  	     125.8  	     127.8  	     
134.2  	     124.9  	     125.2  	     126.8  	     132.1  	     131.6  	     125.2  	     127.0  	     
133.4  	     124.5  	     124.5  	     126.1  	     131.3  	     130.8  	     124.5  	     126.3  	     
132.6  	     123.7  	     123.8  	     125.4  	     130.5  	     129.8  	     123.8  	     125.5  	     
132.5  	     123.6  	     123.7  	     125.3  	     130.5  	     129.7  	     123.7  	     125.4  	     
131.3  	     122.0  	     123.1  	     124.5  	     129.1  	     128.7  	     122.6  	     124.1  	     
130.6  	     120.5  	     121.7  	     123.6  	     127.5  	     127.1  	     121.5  	     122.1  	     
129.3  	     119.0  	     120.6  	     122.4  	     127.4  	     125.8  	     120.4  	     120.9  	     
128.0  	     117.8  	     119.6  	     121.6  	     125.1  	     124.8  	     119.2  	     119.7  	     
127.6  	     116.9  	     118.6  	     120.6  	     124.0  	     123.6  	     118.4  	     118.6  	     
126.5  	     116.3  	     117.5  	     119.8  	     123.2  	     122.8  	     118.8  	     118.6  	     
125.9  	     115.6  	     116.8  	     119.0  	     122.5  	     122.0  	     118.4  	     118.3  	     
126.0  	     115.5  	     116.7  	     118.9  	     122.2  	     121.9  	     118.2  	     118.2  	     