
G32-PTC5  	G32-PTC9  	G32-PTC19  	G32-PTC23  	G32-PTC26  	G32-PTC31  	G32-PTC32  	G32-PTC37  	
Deg.F  	     Deg.F  	     Deg.F  	     Deg.F  	     Deg.F  	     Deg.F  	     Deg.F  	     Deg.F  	     
71.0  	     70.9  	     75.4  	     75.4  	     73.1  	     72.4  	     72.6  	     72.6  	     
71.0  	     70.9  	     75.4  	     75.4  	     73.1  	     72.4  	     72.6  	     72.6  	     
71.0  	     70.9  	     75.4  	     75.4  	     73.1  	     72.4  	     72.6  	     72.6  	     
71.2  	     70.8  	     75.4  	     75.5  	     73.2  	     72.3  	     72.8  	     72.6  	     
71.2  	     71.1  	     75.6  	     75.5  	     73.5  	     72.5  	     72.9  	     72.8  	     
71.6  	     71.6  	     76.3  	     75.8  	     74.4  	     72.7  	     73.4  	     72.9  	     
72.4  	     72.3  	     77.0  	     76.4  	     75.6  	     73.2  	     74.3  	     73.2  	     
73.3  	     73.3  	     78.1  	     77.1  	     77.0  	     73.6  	     75.1  	     73.5  	     
74.5  	     74.6  	     79.5  	     78.0  	     78.8  	     74.3  	     76.5  	     73.9  	     
76.0  	     76.0  	     81.1  	     79.1  	     81.0  	     74.8  	     78.0  	     74.4  	     
77.8  	     77.8  	     82.8  	     80.5  	     83.6  	     75.4  	     79.7  	     75.0  	     
78.0  	     78.0  	     83.4  	     80.8  	     84.1  	     75.6  	     80.3  	     75.1  	     
79.9  	     79.6  	     85.6  	     82.2  	     86.6  	     76.4  	     82.3  	     75.8  	     
82.1  	     81.7  	     88.5  	     84.0  	     89.6  	     77.5  	     84.8  	     76.5  	     
84.9  	     84.1  	     91.6  	     86.2  	     93.4  	     78.9  	     87.9  	     77.6  	     
87.8  	     86.7  	     94.9  	     88.5  	     97.1  	     80.3  	     90.8  	     78.9  	     
91.0  	     89.5  	     98.5  	     91.1  	     101.0  	     82.0  	     94.1  	     80.3  	     
94.2  	     92.3  	     101.7  	     93.8  	     104.9  	     83.7  	     97.8  	     81.8  	     
97.8  	     95.3  	     105.2  	     96.9  	     109.3  	     85.5  	     101.4  	     83.5  	     
101.3  	     98.6  	     109.5  	     100.2  	     113.4  	     87.8  	     105.2  	     85.2  	     
105.0  	     102.1  	     114.6  	     103.6  	     117.6  	     89.6  	     109.3  	     87.5  	     
108.9  	     105.6  	     119.0  	     106.8  	     122.2  	     91.8  	     113.4  	     89.6  	     
112.8  	     109.3  	     123.9  	     110.7  	     126.9  	     94.3  	     118.2  	     91.9  	     
117.0  	     113.2  	     128.7  	     114.3  	     131.5  	     97.0  	     122.1  	     94.6  	     
121.0  	     116.9  	     133.7  	     118.2  	     136.2  	     99.7  	     126.6  	     97.2  	     
125.2  	     120.9  	     138.1  	     122.3  	     141.0  	     102.1  	     131.1  	     100.1  	     
129.3  	     125.0  	     142.4  	     126.5  	     145.8  	     105.2  	     135.8  	     103.0  	     
133.8  	     129.2  	     148.1  	     130.7  	     150.5  	     107.8  	     140.7  	     106.1  	     
138.3  	     133.4  	     153.0  	     134.9  	     155.3  	     111.1  	     145.1  	     109.3  	     
143.1  	     137.8  	     158.4  	     139.4  	     160.1  	     114.2  	     149.9  	     112.6  	     
147.6  	     142.0  	     163.4  	     143.9  	     165.0  	     117.5  	     154.8  	     116.2  	     
151.9  	     146.5  	     168.6  	     148.6  	     169.8  	     121.2  	     159.5  	     119.9  	     
156.5  	     150.9  	     173.8  	     153.0  	     174.4  	     124.2  	     164.3  	     123.7  	     
161.4  	     155.8  	     178.6  	     157.6  	     179.2  	     128.2  	     169.3  	     127.6  	     
166.3  	     160.7  	     184.2  	     162.2  	     184.1  	     132.1  	     174.0  	     131.6  	     
171.0  	     165.2  	     189.1  	     166.7  	     188.9  	     135.7  	     178.6  	     136.0  	     
176.1  	     170.2  	     194.2  	     171.3  	     193.6  	     139.6  	     183.7  	     140.3  	     
180.8  	     175.0  	     199.3  	     175.9  	     198.2  	     143.6  	     188.2  	     144.5  	     
185.4  	     179.5  	     204.0  	     180.4  	     203.0  	     147.8  	     193.1  	     148.8  	     
190.0  	     184.2  	     208.9  	     184.9  	     207.3  	     151.7  	     197.7  	     153.3  	     
194.1  	     188.7  	     213.8  	     189.4  	     211.8  	     155.5  	     202.6  	     157.7  	     
198.3  	     193.0  	     218.7  	     194.0  	     216.2  	     160.1  	     207.2  	     162.0  	     
202.9  	     197.6  	     223.3  	     198.3  	     220.8  	     164.1  	     212.0  	     166.5  	     
207.4  	     202.0  	     227.4  	     202.8  	     225.3  	     168.3  	     216.4  	     170.9  	     
212.0  	     206.6  	     231.7  	     207.4  	     229.6  	     172.5  	     220.9  	     175.1  	     
216.2  	     210.8  	     236.0  	     211.7  	     233.7  	     176.4  	     225.2  	     179.5  	     
220.4  	     215.1  	     239.9  	     216.3  	     238.1  	     181.0  	     229.6  	     183.8  	     
224.7  	     219.4  	     244.5  	     220.7  	     242.6  	     184.8  	     234.0  	     188.3  	     
229.1  	     223.8  	     248.8  	     225.1  	     246.8  	     189.2  	     238.6  	     192.8  	     
233.4  	     228.2  	     253.0  	     229.7  	     251.0  	     193.6  	     243.0  	     197.2  	     
237.6  	     232.6  	     257.3  	     234.0  	     255.4  	     197.7  	     247.6  	     201.8  	     
241.7  	     236.8  	     261.4  	     238.3  	     259.7  	     201.9  	     251.9  	     206.4  	     
245.7  	     241.0  	     265.7  	     242.9  	     263.9  	     206.6  	     256.2  	     211.0  	     
249.8  	     245.5  	     270.1  	     247.3  	     268.3  	     210.7  	     260.6  	     215.9  	     
254.0  	     249.9  	     274.2  	     251.9  	     272.5  	     215.7  	     264.8  	     220.0  	     
258.8  	     254.5  	     278.6  	     256.2  	     276.9  	     219.6  	     269.1  	     225.2  	     
263.0  	     258.6  	     282.6  	     260.8  	     281.3  	     224.1  	     273.5  	     229.5  	     
267.2  	     263.0  	     287.4  	     265.3  	     285.6  	     229.0  	     278.1  	     234.4  	     
271.5  	     267.3  	     291.5  	     269.7  	     289.8  	     233.8  	     282.8  	     239.1  	     
275.5  	     271.6  	     295.4  	     274.1  	     294.3  	     237.9  	     286.9  	     243.6  	     
279.5  	     275.9  	     299.6  	     278.7  	     298.5  	     242.5  	     291.2  	     249.1  	     
283.7  	     280.1  	     303.7  	     283.2  	     303.0  	     247.4  	     295.7  	     253.5  	     
287.8  	     284.2  	     308.0  	     287.6  	     306.6  	     252.2  	     300.0  	     258.2  	     
291.0  	     287.6  	     311.5  	     291.3  	     309.0  	     256.4  	     303.5  	     263.2  	     
293.8  	     290.6  	     313.6  	     294.6  	     310.7  	     261.2  	     306.1  	     267.6  	     
296.3  	     293.4  	     316.1  	     297.4  	     312.5  	     265.3  	     308.7  	     272.1  	     
298.7  	     296.0  	     317.9  	     300.3  	     314.0  	     269.5  	     311.0  	     276.3  	     
300.7  	     298.2  	     319.5  	     302.9  	     314.9  	     273.3  	     313.0  	     280.1  	     
302.7  	     300.3  	     321.1  	     305.4  	     315.7  	     276.8  	     314.8  	     283.5  	     
302.8  	     300.4  	     321.1  	     305.4  	     315.8  	     277.0  	     314.9  	     283.6  	     
304.3  	     302.3  	     322.1  	     307.4  	     316.4  	     280.7  	     316.3  	     287.2  	     
306.0  	     304.2  	     324.0  	     309.5  	     317.6  	     284.5  	     317.8  	     290.3  	     
308.1  	     306.5  	     326.5  	     311.7  	     319.6  	     286.9  	     319.6  	     293.7  	     
310.6  	     309.0  	     329.0  	     314.4  	     322.2  	     290.3  	     322.0  	     296.9  	     
313.5  	     312.0  	     331.9  	     317.1  	     325.4  	     294.1  	     324.9  	     299.8  	     
316.6  	     315.1  	     335.1  	     320.4  	     328.4  	     296.5  	     327.5  	     303.2  	     
319.5  	     318.0  	     337.8  	     323.4  	     330.8  	     301.2  	     330.9  	     306.6  	     
322.0  	     320.4  	     339.9  	     326.1  	     332.7  	     304.0  	     332.8  	     310.0  	     
323.9  	     322.5  	     341.2  	     328.2  	     333.8  	     307.0  	     334.2  	     313.0  	     
325.9  	     324.5  	     342.7  	     330.3  	     335.1  	     309.5  	     335.5  	     315.8  	     
327.9  	     326.5  	     344.3  	     332.4  	     336.6  	     312.3  	     337.6  	     318.3  	     
329.4  	     328.1  	     345.6  	     334.4  	     337.5  	     315.0  	     338.7  	     320.7  	     
330.6  	     329.8  	     346.6  	     336.3  	     338.3  	     317.1  	     339.7  	     323.1  	     
332.0  	     331.2  	     347.4  	     337.8  	     339.0  	     319.8  	     340.7  	     325.2  	     
333.1  	     332.5  	     348.1  	     339.3  	     339.5  	     321.5  	     341.7  	     327.2  	     
334.1  	     333.8  	     348.5  	     340.6  	     340.1  	     323.8  	     342.6  	     329.0  	     
335.1  	     335.1  	     349.3  	     341.8  	     340.6  	     325.6  	     343.0  	     330.8  	     
336.1  	     336.2  	     349.8  	     343.1  	     341.0  	     327.3  	     343.9  	     332.3  	     
337.1  	     337.3  	     350.1  	     344.1  	     341.6  	     329.0  	     344.4  	     333.7  	     
337.9  	     338.1  	     350.6  	     345.2  	     341.8  	     331.0  	     345.0  	     335.1  	     
338.8  	     339.0  	     350.9  	     346.2  	     342.2  	     332.1  	     345.3  	     336.5  	     
339.5  	     339.9  	     351.2  	     347.2  	     342.6  	     333.3  	     345.9  	     337.7  	     
340.2  	     340.8  	     351.4  	     348.0  	     343.0  	     334.8  	     346.1  	     338.9  	     
340.9  	     341.4  	     351.6  	     348.8  	     343.3  	     336.0  	     346.5  	     339.9  	     
341.5  	     342.1  	     351.6  	     349.4  	     343.5  	     337.1  	     346.9  	     341.0  	     
342.1  	     342.8  	     351.7  	     350.0  	     343.8  	     338.3  	     347.0  	     341.6  	     
342.6  	     343.4  	     351.7  	     350.6  	     344.0  	     339.6  	     347.5  	     342.3  	     
343.1  	     344.0  	     351.8  	     350.9  	     344.3  	     340.4  	     347.7  	     343.1  	     
343.6  	     344.5  	     351.7  	     351.4  	     344.5  	     341.4  	     347.8  	     344.0  	     
344.0  	     345.1  	     351.8  	     351.8  	     344.7  	     341.9  	     348.4  	     344.5  	     
344.4  	     345.6  	     351.8  	     352.2  	     345.0  	     342.7  	     348.3  	     345.1  	     
344.8  	     346.0  	     351.7  	     352.5  	     345.2  	     343.1  	     348.4  	     345.6  	     
345.2  	     346.5  	     351.7  	     352.7  	     345.4  	     344.0  	     348.4  	     346.1  	     
345.5  	     346.9  	     351.7  	     353.1  	     345.7  	     344.4  	     348.7  	     346.6  	     
345.8  	     347.3  	     351.7  	     353.2  	     345.9  	     345.0  	     348.9  	     347.1  	     
346.2  	     347.7  	     351.7  	     353.5  	     346.1  	     345.3  	     348.9  	     347.4  	     
346.4  	     347.9  	     351.6  	     353.7  	     346.2  	     346.2  	     349.0  	     347.6  	     
346.8  	     348.3  	     351.6  	     353.9  	     346.3  	     346.5  	     349.1  	     347.9  	     
347.0  	     348.6  	     351.6  	     354.0  	     346.5  	     347.2  	     349.3  	     348.2  	     
347.3  	     348.9  	     351.7  	     354.2  	     346.6  	     347.0  	     349.3  	     348.5  	     
347.5  	     349.0  	     351.6  	     354.3  	     346.8  	     347.4  	     349.0  	     348.8  	     
347.6  	     349.4  	     351.6  	     354.3  	     346.9  	     347.4  	     349.5  	     349.1  	     
348.0  	     349.5  	     351.4  	     354.5  	     347.1  	     348.4  	     349.4  	     349.4  	     
348.2  	     349.7  	     351.5  	     354.5  	     347.2  	     348.4  	     349.5  	     349.5  	     
348.4  	     349.8  	     351.5  	     354.6  	     347.3  	     348.1  	     349.4  	     349.8  	     
348.4  	     349.9  	     351.4  	     354.7  	     347.3  	     348.8  	     349.5  	     349.9  	     
348.6  	     350.1  	     351.3  	     354.6  	     347.4  	     348.8  	     349.7  	     350.1  	     
348.7  	     350.3  	     351.2  	     354.7  	     347.6  	     348.9  	     349.6  	     350.1  	     
348.9  	     350.3  	     351.2  	     354.7  	     347.7  	     349.2  	     349.6  	     350.4  	     
348.9  	     350.4  	     351.1  	     354.7  	     347.7  	     349.1  	     349.7  	     350.5  	     
349.1  	     350.6  	     351.0  	     354.6  	     347.9  	     349.8  	     349.8  	     350.7  	     
349.1  	     350.6  	     351.0  	     354.7  	     347.9  	     349.8  	     349.5  	     350.5  	     
349.2  	     350.7  	     351.0  	     354.6  	     348.0  	     349.4  	     349.5  	     350.7  	     
349.3  	     350.8  	     351.0  	     354.8  	     348.2  	     349.6  	     350.1  	     350.7  	     
349.3  	     350.9  	     351.0  	     354.7  	     348.2  	     349.7  	     349.7  	     350.8  	     
349.4  	     351.0  	     351.0  	     354.7  	     348.5  	     350.0  	     349.7  	     350.9  	     
349.6  	     351.1  	     351.0  	     354.7  	     348.6  	     349.9  	     349.6  	     350.9  	     
349.6  	     351.1  	     351.1  	     354.7  	     348.6  	     350.3  	     350.2  	     351.0  	     
349.7  	     351.2  	     351.0  	     354.8  	     348.7  	     350.3  	     349.7  	     351.1  	     
349.8  	     351.3  	     351.0  	     354.7  	     348.8  	     350.1  	     350.0  	     351.1  	     
349.9  	     351.3  	     350.9  	     354.7  	     348.9  	     350.4  	     349.9  	     351.1  	     
349.9  	     351.4  	     351.0  	     354.8  	     348.9  	     350.4  	     349.8  	     351.2  	     
350.0  	     351.5  	     350.9  	     354.7  	     348.9  	     350.0  	     349.8  	     351.1  	     
350.0  	     351.6  	     351.0  	     354.7  	     349.0  	     350.5  	     349.9  	     351.2  	     
350.1  	     351.6  	     350.9  	     354.7  	     349.1  	     350.3  	     350.4  	     351.2  	     
350.1  	     351.7  	     350.9  	     354.8  	     349.2  	     350.3  	     350.0  	     351.3  	     
350.1  	     351.8  	     350.9  	     354.8  	     349.2  	     350.7  	     349.9  	     351.3  	     
350.2  	     351.7  	     350.9  	     354.7  	     349.3  	     350.5  	     349.9  	     351.3  	     
350.3  	     351.8  	     350.8  	     354.7  	     349.3  	     350.5  	     349.8  	     351.5  	     
350.3  	     351.7  	     350.9  	     354.7  	     349.3  	     350.5  	     349.5  	     351.4  	     
350.3  	     351.8  	     350.8  	     354.7  	     349.4  	     350.4  	     349.7  	     351.3  	     
350.4  	     351.8  	     350.8  	     354.5  	     349.4  	     350.5  	     349.8  	     351.3  	     
350.4  	     351.8  	     350.9  	     354.5  	     349.5  	     350.1  	     349.7  	     351.3  	     
350.4  	     351.9  	     350.9  	     354.6  	     349.4  	     350.6  	     349.5  	     351.2  	     
350.4  	     351.8  	     350.7  	     354.5  	     349.4  	     350.2  	     349.7  	     351.2  	     
350.4  	     351.9  	     350.8  	     354.5  	     349.6  	     350.2  	     349.6  	     351.2  	     
350.4  	     351.8  	     350.7  	     354.5  	     349.5  	     350.4  	     350.1  	     351.3  	     
350.4  	     351.9  	     350.7  	     354.5  	     349.6  	     351.2  	     349.8  	     351.2  	     
350.4  	     351.9  	     350.7  	     354.4  	     349.6  	     350.3  	     349.7  	     351.0  	     
350.5  	     351.9  	     350.6  	     354.4  	     349.6  	     350.3  	     349.5  	     351.3  	     
350.5  	     351.9  	     350.6  	     354.3  	     349.6  	     350.5  	     349.6  	     351.1  	     
350.6  	     352.0  	     350.5  	     354.3  	     349.6  	     350.6  	     349.7  	     351.0  	     
350.4  	     351.9  	     350.5  	     354.2  	     349.6  	     350.6  	     349.6  	     351.0  	     
350.5  	     351.9  	     350.5  	     354.2  	     349.6  	     350.4  	     349.8  	     351.0  	     
350.6  	     351.8  	     350.4  	     354.2  	     349.6  	     350.5  	     349.6  	     350.8  	     
350.4  	     351.8  	     350.5  	     354.2  	     349.7  	     350.5  	     349.7  	     350.8  	     
350.4  	     351.7  	     350.4  	     354.1  	     349.8  	     350.2  	     349.5  	     350.7  	     
350.5  	     351.8  	     350.4  	     354.2  	     349.7  	     350.3  	     349.6  	     350.5  	     
350.4  	     351.8  	     350.3  	     354.0  	     349.7  	     350.3  	     349.5  	     350.3  	     
350.4  	     351.8  	     350.3  	     354.0  	     349.7  	     350.4  	     349.4  	     350.4  	     
350.5  	     351.8  	     350.2  	     354.0  	     349.7  	     350.4  	     349.8  	     350.5  	     
350.4  	     351.9  	     350.2  	     353.9  	     349.7  	     350.2  	     349.6  	     350.5  	     
350.4  	     351.8  	     350.3  	     353.9  	     349.7  	     350.2  	     349.6  	     350.4  	     
350.4  	     351.8  	     350.2  	     353.8  	     349.8  	     350.4  	     349.5  	     350.4  	     
350.5  	     351.8  	     350.2  	     354.0  	     349.7  	     350.3  	     349.3  	     350.3  	     
350.4  	     351.7  	     350.2  	     353.9  	     349.7  	     350.0  	     349.1  	     350.4  	     
350.5  	     351.8  	     350.2  	     353.8  	     349.7  	     350.5  	     349.3  	     350.4  	     
350.5  	     351.7  	     350.2  	     353.9  	     349.7  	     350.2  	     349.3  	     350.2  	     
350.5  	     351.8  	     350.0  	     353.8  	     349.7  	     350.0  	     349.4  	     350.3  	     
350.4  	     351.8  	     350.3  	     353.8  	     349.8  	     350.1  	     349.1  	     350.2  	     
350.3  	     351.8  	     350.3  	     353.9  	     349.8  	     350.3  	     349.3  	     350.2  	     
350.4  	     351.8  	     350.4  	     353.8  	     349.8  	     350.3  	     349.4  	     350.1  	     
350.4  	     351.8  	     350.2  	     353.8  	     349.9  	     350.5  	     349.3  	     350.2  	     
350.4  	     351.8  	     350.2  	     353.9  	     349.8  	     350.2  	     349.6  	     350.1  	     
350.4  	     351.7  	     350.2  	     353.8  	     349.8  	     350.3  	     349.5  	     350.2  	     
350.4  	     351.8  	     350.2  	     353.7  	     349.8  	     350.5  	     349.2  	     350.2  	     
350.4  	     351.8  	     350.2  	     353.8  	     349.8  	     350.1  	     349.3  	     350.2  	     
350.4  	     351.8  	     350.2  	     353.7  	     349.9  	     350.1  	     349.2  	     350.2  	     
350.5  	     351.7  	     350.2  	     353.7  	     349.8  	     349.8  	     349.3  	     350.2  	     
350.4  	     351.7  	     350.1  	     353.7  	     349.8  	     350.0  	     349.3  	     350.3  	     
350.4  	     351.8  	     350.2  	     353.5  	     349.8  	     350.1  	     349.3  	     350.1  	     
350.4  	     351.7  	     350.1  	     353.6  	     349.9  	     350.1  	     349.1  	     350.0  	     
350.4  	     351.7  	     350.1  	     353.6  	     349.9  	     350.2  	     349.3  	     350.0  	     
350.4  	     351.8  	     350.1  	     353.6  	     349.9  	     350.0  	     349.2  	     350.0  	     
350.4  	     351.7  	     350.1  	     353.5  	     349.9  	     350.0  	     349.2  	     350.0  	     
350.5  	     351.7  	     350.0  	     353.6  	     350.0  	     350.1  	     349.2  	     349.9  	     
350.5  	     351.8  	     350.1  	     353.6  	     349.8  	     350.1  	     349.0  	     349.9  	     
350.5  	     351.6  	     350.0  	     353.6  	     349.8  	     350.0  	     349.3  	     349.9  	     
350.5  	     351.7  	     350.1  	     353.5  	     349.8  	     349.9  	     349.5  	     350.0  	     
350.5  	     351.7  	     350.0  	     353.6  	     349.9  	     350.1  	     349.2  	     349.9  	     
350.4  	     351.7  	     350.1  	     353.5  	     350.0  	     350.2  	     349.3  	     349.8  	     
350.4  	     351.6  	     350.1  	     353.4  	     349.9  	     350.0  	     349.5  	     349.9  	     
350.4  	     351.6  	     350.1  	     353.5  	     349.9  	     349.9  	     349.5  	     349.8  	     
350.5  	     351.6  	     350.1  	     353.5  	     349.9  	     350.2  	     349.5  	     349.8  	     
350.2  	     351.7  	     350.0  	     353.5  	     349.8  	     349.9  	     349.3  	     349.9  	     
350.4  	     351.6  	     350.0  	     353.4  	     350.0  	     350.0  	     349.3  	     349.8  	     
350.3  	     351.6  	     350.0  	     353.4  	     349.9  	     350.1  	     349.1  	     349.7  	     
350.4  	     351.7  	     350.1  	     353.4  	     349.9  	     349.8  	     349.4  	     349.9  	     
350.3  	     351.7  	     350.0  	     353.5  	     350.0  	     349.7  	     349.1  	     349.9  	     
350.3  	     351.7  	     350.0  	     353.5  	     349.9  	     349.9  	     349.3  	     349.8  	     
350.4  	     351.7  	     350.2  	     353.5  	     350.0  	     349.6  	     349.3  	     349.8  	     
350.5  	     351.6  	     350.0  	     353.4  	     350.0  	     349.9  	     349.2  	     349.8  	     
350.4  	     351.6  	     350.0  	     353.4  	     349.9  	     350.0  	     349.3  	     349.9  	     
350.4  	     351.5  	     350.1  	     353.4  	     349.9  	     350.0  	     349.3  	     349.9  	     
350.3  	     351.7  	     350.0  	     353.4  	     349.9  	     349.7  	     349.5  	     349.9  	     
350.4  	     351.6  	     350.0  	     353.4  	     349.9  	     349.7  	     349.3  	     349.9  	     
350.4  	     351.6  	     350.0  	     353.2  	     350.0  	     350.0  	     349.2  	     349.9  	     
350.4  	     351.7  	     350.1  	     353.3  	     349.9  	     349.8  	     349.5  	     350.0  	     
350.4  	     351.7  	     350.0  	     353.3  	     349.9  	     349.7  	     349.3  	     350.0  	     
350.5  	     351.7  	     350.0  	     353.4  	     350.0  	     350.0  	     349.2  	     350.0  	     
350.5  	     351.6  	     350.0  	     353.4  	     349.9  	     349.8  	     349.2  	     349.9  	     
350.4  	     351.7  	     350.0  	     353.4  	     349.9  	     349.8  	     349.3  	     349.9  	     
350.4  	     351.7  	     350.0  	     353.3  	     350.0  	     349.7  	     349.3  	     350.0  	     
350.4  	     351.7  	     350.0  	     353.3  	     349.9  	     350.2  	     349.2  	     350.0  	     
350.4  	     351.7  	     350.0  	     353.3  	     350.1  	     349.7  	     349.3  	     350.0  	     
350.4  	     351.6  	     350.0  	     353.4  	     350.0  	     350.0  	     349.5  	     350.0  	     
350.4  	     351.6  	     350.1  	     353.3  	     350.0  	     350.0  	     349.3  	     350.1  	     
350.5  	     351.7  	     350.0  	     353.4  	     349.9  	     349.9  	     349.5  	     349.9  	     
350.4  	     351.7  	     350.0  	     353.4  	     349.9  	     349.7  	     349.5  	     350.0  	     
350.4  	     351.6  	     350.0  	     353.3  	     349.9  	     349.9  	     349.3  	     349.9  	     
350.3  	     351.6  	     350.0  	     353.4  	     349.8  	     349.8  	     349.3  	     349.9  	     
350.4  	     351.5  	     350.0  	     353.3  	     349.9  	     349.8  	     349.3  	     350.0  	     
350.3  	     351.6  	     350.1  	     353.5  	     349.8  	     349.8  	     349.0  	     349.9  	     
350.4  	     351.6  	     350.0  	     353.3  	     349.8  	     349.9  	     349.3  	     349.8  	     
350.3  	     351.6  	     350.0  	     353.4  	     349.8  	     349.8  	     349.2  	     349.9  	     
350.3  	     351.5  	     350.0  	     353.3  	     349.8  	     349.7  	     349.1  	     349.8  	     
350.3  	     351.6  	     349.9  	     353.3  	     349.8  	     349.6  	     349.0  	     349.8  	     
350.3  	     351.6  	     349.8  	     353.3  	     349.8  	     349.7  	     349.0  	     349.8  	     
350.4  	     351.6  	     350.0  	     353.4  	     349.9  	     349.5  	     349.1  	     349.9  	     
350.3  	     351.6  	     350.0  	     353.3  	     349.9  	     349.8  	     349.2  	     349.8  	     
350.4  	     351.6  	     349.9  	     353.3  	     349.8  	     349.8  	     349.1  	     349.8  	     
350.4  	     351.6  	     350.0  	     353.3  	     349.9  	     349.9  	     349.0  	     349.8  	     
350.3  	     351.5  	     349.8  	     353.4  	     349.9  	     349.5  	     349.3  	     349.8  	     
350.3  	     351.6  	     349.9  	     353.2  	     349.8  	     349.5  	     349.3  	     349.8  	     
350.3  	     351.5  	     349.8  	     353.3  	     349.9  	     349.6  	     349.0  	     349.7  	     
350.3  	     351.5  	     349.8  	     353.3  	     349.9  	     349.4  	     349.2  	     349.7  	     
350.4  	     351.6  	     349.8  	     353.2  	     349.9  	     349.9  	     349.0  	     349.8  	     
350.3  	     351.5  	     349.9  	     353.2  	     349.9  	     349.8  	     348.9  	     349.7  	     
350.3  	     351.5  	     349.8  	     353.3  	     349.8  	     349.6  	     348.8  	     349.8  	     
350.3  	     351.6  	     349.8  	     353.3  	     349.8  	     350.1  	     349.2  	     349.9  	     
350.4  	     351.5  	     349.8  	     353.2  	     349.8  	     349.9  	     349.2  	     349.9  	     
350.3  	     351.5  	     349.9  	     353.3  	     349.8  	     349.8  	     349.1  	     349.8  	     
350.3  	     351.5  	     349.9  	     353.1  	     349.9  	     349.8  	     349.2  	     349.8  	     
350.3  	     351.6  	     349.8  	     353.2  	     349.8  	     349.6  	     349.3  	     349.8  	     
350.3  	     351.5  	     349.9  	     353.2  	     349.9  	     349.7  	     349.1  	     349.8  	     
350.4  	     351.6  	     349.9  	     353.2  	     349.8  	     349.7  	     349.0  	     349.8  	     
349.7  	     351.0  	     348.7  	     352.7  	     348.4  	     349.7  	     348.2  	     349.6  	     
348.7  	     350.0  	     347.3  	     352.0  	     346.7  	     349.4  	     347.0  	     349.5  	     
347.6  	     349.2  	     345.7  	     351.3  	     345.4  	     348.6  	     346.0  	     349.0  	     
346.4  	     348.0  	     344.3  	     350.6  	     343.7  	     348.1  	     344.6  	     348.4  	     
344.9  	     346.6  	     342.4  	     349.3  	     341.4  	     347.4  	     342.9  	     347.7  	     
343.1  	     344.8  	     339.9  	     347.9  	     339.0  	     346.6  	     340.9  	     346.9  	     
341.5  	     343.2  	     337.9  	     346.5  	     336.9  	     345.5  	     338.6  	     345.8  	     
339.3  	     341.4  	     335.5  	     344.7  	     334.1  	     344.2  	     336.8  	     344.8  	     
337.3  	     339.3  	     332.6  	     343.0  	     331.4  	     343.2  	     334.4  	     343.4  	     
334.8  	     337.3  	     330.0  	     341.2  	     328.6  	     341.8  	     331.7  	     342.0  	     
332.3  	     335.0  	     326.8  	     339.1  	     325.8  	     340.0  	     329.2  	     340.5  	     
329.8  	     332.7  	     324.1  	     337.1  	     323.2  	     338.3  	     326.6  	     338.9  	     
327.6  	     330.8  	     321.8  	     335.3  	     320.7  	     336.4  	     324.0  	     337.1  	     
327.0  	     329.9  	     320.8  	     334.4  	     319.7  	     335.9  	     323.4  	     336.4  	     
325.6  	     328.6  	     319.2  	     333.0  	     318.0  	     335.0  	     321.6  	     335.2  	     
323.2  	     326.4  	     316.1  	     330.6  	     315.2  	     333.2  	     319.1  	     333.3  	     
320.1  	     324.0  	     312.8  	     328.2  	     312.1  	     330.8  	     315.8  	     331.3  	     
317.8  	     321.5  	     309.6  	     325.6  	     309.1  	     329.1  	     313.3  	     329.2  	     
314.7  	     318.6  	     306.2  	     323.2  	     305.9  	     326.9  	     310.1  	     327.0  	     
311.9  	     316.1  	     302.7  	     320.4  	     302.7  	     324.5  	     307.1  	     324.7  	     
308.6  	     313.2  	     299.3  	     317.5  	     299.2  	     322.2  	     303.8  	     322.4  	     
305.4  	     310.0  	     295.6  	     314.8  	     296.0  	     319.7  	     300.4  	     319.9  	     
302.6  	     307.0  	     292.4  	     311.9  	     292.8  	     317.3  	     297.2  	     317.5  	     
299.2  	     303.8  	     288.9  	     308.7  	     289.2  	     314.6  	     293.9  	     314.9  	     
296.0  	     300.9  	     285.3  	     305.5  	     285.8  	     312.0  	     290.5  	     312.2  	     
292.7  	     297.6  	     281.4  	     302.4  	     282.3  	     309.2  	     287.1  	     309.5  	     
289.2  	     294.2  	     277.5  	     299.3  	     278.6  	     306.5  	     283.5  	     306.6  	     
285.7  	     290.7  	     273.4  	     295.9  	     275.1  	     303.5  	     280.1  	     303.7  	     
282.5  	     287.6  	     269.9  	     292.4  	     271.7  	     300.7  	     276.7  	     300.7  	     
279.0  	     284.1  	     266.0  	     289.2  	     268.0  	     297.6  	     272.9  	     297.7  	     
275.5  	     280.7  	     262.3  	     285.8  	     264.4  	     294.6  	     269.5  	     294.6  	     
272.0  	     277.0  	     258.5  	     282.2  	     260.6  	     291.8  	     265.8  	     291.4  	     
268.5  	     273.6  	     254.2  	     278.9  	     257.1  	     288.4  	     261.9  	     288.3  	     
264.4  	     269.8  	     250.0  	     275.4  	     253.2  	     285.1  	     258.2  	     285.0  	     
260.7  	     266.1  	     245.9  	     271.8  	     249.6  	     282.0  	     254.4  	     281.8  	     
256.8  	     262.2  	     242.5  	     268.1  	     245.9  	     278.4  	     250.7  	     278.4  	     
253.0  	     258.8  	     238.7  	     264.7  	     242.2  	     275.4  	     247.2  	     275.0  	     
249.3  	     255.0  	     234.6  	     260.9  	     238.6  	     272.2  	     243.3  	     271.6  	     
245.8  	     251.2  	     231.0  	     257.4  	     235.1  	     268.7  	     239.8  	     268.4  	     
242.1  	     247.5  	     227.2  	     253.7  	     231.3  	     265.5  	     236.0  	     265.1  	     
238.7  	     243.9  	     223.3  	     249.9  	     227.8  	     262.1  	     232.1  	     261.5  	     
235.1  	     240.3  	     219.7  	     246.2  	     224.2  	     258.8  	     228.8  	     258.2  	     
231.6  	     236.8  	     216.2  	     242.7  	     220.6  	     255.3  	     225.2  	     254.8  	     
228.0  	     233.1  	     212.4  	     238.9  	     217.2  	     251.8  	     221.5  	     251.4  	     
224.7  	     229.8  	     209.0  	     235.4  	     213.8  	     248.4  	     217.9  	     247.9  	     
220.9  	     226.1  	     205.4  	     231.9  	     210.3  	     245.2  	     214.6  	     244.6  	     
217.7  	     222.8  	     202.5  	     228.6  	     207.0  	     241.8  	     211.0  	     241.1  	     
214.5  	     219.4  	     199.0  	     225.0  	     203.9  	     238.3  	     207.3  	     237.7  	     
211.2  	     216.4  	     196.2  	     221.7  	     200.8  	     235.0  	     204.2  	     234.2  	     
208.0  	     213.0  	     193.2  	     218.4  	     197.9  	     231.8  	     201.2  	     230.9  	     
205.0  	     209.9  	     190.3  	     215.1  	     195.0  	     228.5  	     198.2  	     227.6  	     
202.1  	     206.8  	     187.3  	     211.9  	     192.2  	     225.3  	     195.0  	     224.4  	     
198.8  	     203.5  	     184.3  	     208.8  	     189.6  	     222.1  	     192.2  	     221.3  	     
195.9  	     200.6  	     181.7  	     205.7  	     186.8  	     219.1  	     189.5  	     218.2  	     
192.9  	     197.6  	     178.7  	     202.7  	     184.2  	     216.2  	     186.8  	     215.1  	     
190.3  	     194.7  	     176.3  	     199.7  	     181.8  	     213.1  	     184.0  	     212.1  	     
187.5  	     191.9  	     173.6  	     196.9  	     179.4  	     210.0  	     181.4  	     209.1  	     
185.0  	     189.2  	     171.6  	     194.1  	     177.0  	     207.1  	     178.9  	     206.2  	     
182.4  	     186.5  	     169.1  	     191.3  	     174.7  	     204.1  	     176.1  	     203.3  	     
180.0  	     184.0  	     167.0  	     188.7  	     172.6  	     201.4  	     173.8  	     200.5  	     
177.7  	     181.6  	     165.0  	     186.0  	     170.6  	     198.6  	     171.7  	     197.8  	     
175.3  	     179.0  	     162.9  	     183.6  	     168.5  	     196.0  	     169.4  	     195.2  	     
173.2  	     176.6  	     161.0  	     181.1  	     166.6  	     193.2  	     167.2  	     192.5  	     
171.0  	     174.5  	     159.1  	     178.7  	     164.7  	     190.8  	     165.2  	     190.0  	     
168.7  	     172.4  	     157.2  	     176.4  	     162.8  	     188.7  	     163.2  	     187.6  	     
166.9  	     170.1  	     155.6  	     174.1  	     160.9  	     186.0  	     161.4  	     185.1  	     
165.0  	     168.1  	     153.9  	     172.0  	     159.3  	     183.7  	     159.5  	     182.8  	     
162.9  	     166.2  	     152.2  	     169.9  	     157.6  	     181.4  	     157.8  	     180.5  	     
161.1  	     164.1  	     150.5  	     167.8  	     155.9  	     179.0  	     156.0  	     178.2  	     
159.5  	     162.3  	     148.9  	     165.8  	     154.5  	     176.7  	     154.1  	     176.1  	     
157.7  	     160.6  	     147.5  	     164.0  	     153.1  	     174.5  	     152.5  	     174.0  	     
156.1  	     158.7  	     146.0  	     162.0  	     151.4  	     172.5  	     150.9  	     172.0  	     
154.4  	     157.1  	     144.5  	     160.3  	     150.0  	     170.3  	     149.3  	     169.9  	     
153.0  	     155.3  	     143.3  	     158.7  	     148.5  	     168.4  	     148.0  	     167.8  	     
151.3  	     153.7  	     142.0  	     156.9  	     147.2  	     166.5  	     146.5  	     165.9  	     
149.9  	     152.1  	     140.8  	     155.2  	     146.0  	     164.8  	     145.2  	     164.0  	     
148.5  	     150.6  	     139.7  	     153.6  	     144.8  	     162.9  	     143.7  	     162.2  	     
147.1  	     149.2  	     138.6  	     152.1  	     143.6  	     161.2  	     142.6  	     160.6  	     
145.8  	     147.7  	     137.5  	     150.7  	     142.5  	     159.4  	     141.1  	     158.9  	     
144.4  	     146.3  	     136.4  	     149.3  	     141.3  	     157.7  	     139.8  	     157.2  	     
143.1  	     145.0  	     135.4  	     147.9  	     140.0  	     156.0  	     138.9  	     155.6  	     
141.8  	     143.4  	     134.4  	     146.5  	     139.0  	     154.5  	     137.7  	     154.0  	     
140.6  	     142.3  	     133.3  	     145.2  	     137.8  	     152.8  	     136.7  	     152.5  	     
139.4  	     141.0  	     132.3  	     143.7  	     136.8  	     151.4  	     135.4  	     151.1  	     
138.3  	     139.8  	     131.4  	     142.5  	     135.9  	     149.9  	     134.4  	     149.6  	     
137.1  	     138.7  	     130.5  	     141.3  	     134.9  	     148.6  	     133.3  	     148.2  	     
136.1  	     137.5  	     129.6  	     140.2  	     134.0  	     147.3  	     132.5  	     146.8  	     
135.0  	     136.4  	     128.8  	     139.0  	     133.1  	     145.9  	     131.6  	     145.6  	     
134.2  	     135.4  	     128.1  	     138.0  	     132.3  	     144.6  	     130.8  	     144.4  	     
133.3  	     134.6  	     127.2  	     137.0  	     131.4  	     143.3  	     129.8  	     142.9  	     
132.4  	     133.6  	     126.5  	     135.9  	     130.7  	     142.0  	     129.1  	     141.8  	     
131.5  	     132.5  	     125.8  	     134.9  	     129.9  	     140.9  	     128.2  	     140.6  	     
130.6  	     131.6  	     125.1  	     134.0  	     129.0  	     139.7  	     127.4  	     139.4  	     
129.8  	     130.7  	     124.6  	     133.2  	     128.3  	     138.7  	     126.7  	     138.4  	     
128.9  	     130.0  	     123.8  	     132.1  	     127.5  	     137.7  	     125.8  	     137.4  	     
128.0  	     129.2  	     123.4  	     131.2  	     126.9  	     136.5  	     125.1  	     136.5  	     
127.3  	     128.4  	     122.6  	     130.4  	     126.2  	     135.6  	     124.8  	     135.5  	     
126.6  	     127.6  	     121.9  	     129.5  	     125.5  	     134.3  	     123.9  	     134.5  	     
125.7  	     126.8  	     121.4  	     128.8  	     124.9  	     133.6  	     123.2  	     133.6  	     
124.6  	     126.1  	     120.8  	     128.0  	     124.3  	     132.6  	     122.5  	     132.7  	     
124.2  	     125.3  	     120.2  	     127.2  	     123.6  	     131.8  	     122.3  	     131.8  	     
123.7  	     124.5  	     119.6  	     126.5  	     123.1  	     130.8  	     121.3  	     131.0  	     
123.2  	     124.0  	     119.2  	     125.9  	     122.4  	     130.0  	     120.7  	     130.2  	     
122.7  	     123.4  	     118.8  	     125.3  	     122.1  	     129.5  	     120.3  	     129.5  	     
122.4  	     123.3  	     118.7  	     125.1  	     121.9  	     129.3  	     120.2  	     129.3  	     
121.7  	     122.4  	     117.3  	     124.0  	     120.8  	     128.5  	     119.3  	     128.3  	     
120.5  	     121.4  	     115.9  	     122.8  	     119.8  	     127.5  	     118.2  	     127.2  	     
119.3  	     120.1  	     114.2  	     121.8  	     118.5  	     126.3  	     117.1  	     126.3  	     
118.2  	     119.0  	     112.9  	     120.6  	     117.1  	     125.3  	     116.1  	     125.3  	     
117.0  	     117.8  	     111.6  	     119.6  	     115.9  	     124.3  	     114.7  	     124.3  	     
116.0  	     116.9  	     110.6  	     118.7  	     114.8  	     123.3  	     113.7  	     123.4  	     
115.2  	     115.9  	     109.8  	     117.8  	     113.7  	     122.3  	     112.9  	     122.4  	     
114.3  	     115.1  	     108.8  	     117.0  	     112.9  	     121.7  	     112.1  	     121.4  	     
113.6  	     114.4  	     107.9  	     116.1  	     112.1  	     120.6  	     111.2  	     120.5  	     
113.1  	     113.7  	     107.2  	     115.2  	     111.2  	     119.8  	     110.3  	     119.7  	     
112.5  	     113.1  	     106.6  	     114.3  	     110.6  	     118.9  	     109.5  	     118.9  	     
112.1  	     112.5  	     106.1  	     113.6  	     110.1  	     118.2  	     109.1  	     118.1  	     
111.7  	     112.1  	     105.7  	     112.8  	     109.8  	     117.6  	     108.7  	     117.4  	     
111.4  	     111.8  	     105.4  	     112.2  	     109.4  	     116.7  	     108.1  	     116.7  	     
111.4  	     111.8  	     105.5  	     112.1  	     109.5  	     116.7  	     108.3  	     116.6  	     