
G32-PTC8  	G32-PTC9  	G32-PTC12  	G32-PTC15  	G32-PTC25  	G32-PTC27  	G32-PTC28  	G32-PTC36  	
Deg.F  	     Deg.F  	     Deg.F  	     Deg.F  	     Deg.F  	     Deg.F  	     Deg.F  	     Deg.F  	     
78.7  	     80.1  	     80.1  	     79.9  	     79.3  	     77.8  	     79.2  	     78.5  	     
78.7  	     80.1  	     80.1  	     79.9  	     79.3  	     77.8  	     79.2  	     78.5  	     
78.7  	     80.1  	     80.1  	     79.9  	     79.3  	     77.8  	     79.2  	     78.5  	     
78.7  	     80.2  	     80.1  	     79.9  	     79.4  	     77.8  	     79.2  	     78.6  	     
79.1  	     80.5  	     80.3  	     80.2  	     80.2  	     78.0  	     79.5  	     79.5  	     
79.4  	     81.1  	     80.9  	     80.6  	     80.8  	     78.3  	     79.9  	     79.7  	     
79.8  	     81.8  	     81.6  	     81.0  	     81.8  	     78.5  	     80.5  	     79.7  	     
80.3  	     82.6  	     82.3  	     81.5  	     83.3  	     78.9  	     81.3  	     80.4  	     
81.0  	     83.9  	     83.5  	     82.3  	     85.6  	     79.5  	     82.4  	     81.7  	     
82.0  	     85.5  	     84.9  	     83.3  	     88.1  	     80.1  	     84.0  	     83.4  	     
82.8  	     87.2  	     86.6  	     84.3  	     90.8  	     80.8  	     86.1  	     85.0  	     
83.0  	     87.5  	     86.9  	     84.7  	     91.3  	     80.9  	     86.5  	     85.2  	     
84.0  	     89.2  	     88.3  	     85.7  	     94.0  	     81.6  	     88.5  	     86.7  	     
85.0  	     91.2  	     90.4  	     87.4  	     97.2  	     82.5  	     91.2  	     88.9  	     
87.4  	     93.8  	     92.8  	     89.1  	     101.6  	     83.9  	     94.4  	     91.6  	     
88.7  	     96.1  	     95.2  	     91.1  	     105.6  	     85.2  	     97.6  	     94.1  	     
90.6  	     98.6  	     97.7  	     93.3  	     109.7  	     86.6  	     101.0  	     96.6  	     
93.0  	     101.4  	     100.5  	     95.8  	     113.8  	     88.3  	     104.7  	     99.6  	     
95.1  	     104.3  	     103.3  	     98.3  	     117.8  	     89.7  	     108.5  	     102.4  	     
97.5  	     107.3  	     106.4  	     101.1  	     122.2  	     91.5  	     112.6  	     106.0  	     
99.4  	     110.4  	     109.3  	     104.0  	     126.6  	     93.1  	     116.8  	     108.9  	     
102.6  	     113.9  	     112.7  	     107.1  	     131.4  	     95.0  	     121.2  	     112.1  	     
102.8  	     117.2  	     116.0  	     110.3  	     136.2  	     97.8  	     125.3  	     115.6  	     
104.0  	     120.8  	     119.6  	     113.8  	     140.6  	     101.3  	     129.6  	     119.2  	     
106.1  	     124.5  	     123.3  	     117.4  	     145.5  	     103.7  	     134.1  	     122.8  	     
108.5  	     128.0  	     126.9  	     120.9  	     150.3  	     107.3  	     138.5  	     126.3  	     
111.3  	     131.9  	     130.8  	     124.7  	     155.1  	     110.2  	     143.3  	     130.2  	     
114.4  	     135.8  	     134.7  	     128.7  	     159.9  	     112.9  	     148.1  	     134.0  	     
117.6  	     139.9  	     138.5  	     132.6  	     164.8  	     114.6  	     152.8  	     138.0  	     
121.1  	     144.1  	     142.7  	     136.8  	     169.7  	     115.5  	     157.4  	     142.0  	     
124.5  	     148.1  	     146.9  	     141.0  	     174.4  	     117.0  	     162.2  	     146.1  	     
128.0  	     152.7  	     151.2  	     145.3  	     179.3  	     120.2  	     167.5  	     150.5  	     
131.7  	     157.1  	     155.4  	     149.7  	     184.1  	     123.2  	     172.4  	     154.5  	     
135.7  	     161.1  	     159.8  	     154.2  	     188.7  	     126.6  	     177.3  	     158.7  	     
139.7  	     165.3  	     164.2  	     158.7  	     193.5  	     130.0  	     182.1  	     163.3  	     
143.5  	     170.0  	     168.6  	     163.3  	     198.3  	     133.6  	     187.2  	     167.6  	     
147.5  	     174.1  	     172.9  	     167.8  	     202.8  	     137.2  	     192.3  	     171.9  	     
151.7  	     178.7  	     177.2  	     172.4  	     207.3  	     140.7  	     196.9  	     176.0  	     
155.8  	     182.8  	     181.7  	     177.0  	     212.0  	     144.6  	     201.5  	     180.6  	     
159.9  	     186.9  	     185.8  	     181.3  	     216.5  	     148.2  	     205.6  	     184.9  	     
163.9  	     191.2  	     190.1  	     185.9  	     220.9  	     152.0  	     209.8  	     189.2  	     
168.4  	     195.6  	     194.4  	     190.3  	     225.3  	     155.8  	     214.4  	     193.3  	     
172.8  	     199.6  	     198.8  	     194.6  	     229.6  	     159.7  	     218.7  	     197.3  	     
176.8  	     203.7  	     202.9  	     199.2  	     233.8  	     163.6  	     222.8  	     201.5  	     
181.0  	     207.7  	     207.1  	     203.5  	     238.3  	     167.4  	     227.3  	     205.9  	     
185.1  	     212.0  	     211.4  	     207.8  	     242.7  	     171.2  	     232.2  	     210.2  	     
189.5  	     216.8  	     215.8  	     212.4  	     247.0  	     175.3  	     236.3  	     214.7  	     
193.9  	     220.8  	     220.1  	     216.8  	     251.3  	     179.5  	     240.7  	     219.1  	     
198.1  	     225.0  	     224.3  	     221.3  	     256.0  	     183.6  	     244.7  	     223.2  	     
202.5  	     229.4  	     228.8  	     225.7  	     260.3  	     187.7  	     249.6  	     227.6  	     
207.3  	     233.4  	     233.2  	     230.1  	     264.9  	     191.8  	     253.7  	     232.0  	     
211.6  	     238.0  	     237.5  	     234.5  	     269.1  	     196.0  	     257.9  	     236.2  	     
216.2  	     242.3  	     241.9  	     238.8  	     273.5  	     200.1  	     262.2  	     240.4  	     
220.7  	     246.7  	     246.2  	     243.3  	     278.0  	     204.3  	     266.3  	     244.8  	     
225.3  	     251.1  	     250.5  	     247.7  	     282.4  	     208.7  	     270.5  	     248.9  	     
229.8  	     255.3  	     254.8  	     252.1  	     286.9  	     212.9  	     274.7  	     253.5  	     
234.2  	     260.0  	     259.3  	     256.6  	     291.3  	     217.3  	     278.9  	     258.0  	     
238.7  	     264.3  	     263.7  	     261.1  	     295.6  	     221.7  	     283.1  	     262.4  	     
244.4  	     268.6  	     268.1  	     265.4  	     300.0  	     226.2  	     287.4  	     266.9  	     
250.1  	     272.8  	     272.6  	     269.8  	     304.3  	     230.4  	     291.3  	     271.5  	     
255.7  	     277.4  	     276.9  	     274.3  	     308.6  	     235.0  	     295.8  	     275.7  	     
261.1  	     281.6  	     281.1  	     278.4  	     312.5  	     239.4  	     299.8  	     280.2  	     
266.3  	     284.9  	     284.5  	     282.5  	     314.7  	     243.9  	     302.9  	     283.9  	     
271.3  	     288.0  	     287.8  	     286.2  	     316.6  	     248.3  	     305.7  	     286.9  	     
273.7  	     289.5  	     289.3  	     287.8  	     317.5  	     250.5  	     306.7  	     288.3  	     
276.2  	     291.1  	     290.9  	     289.5  	     318.3  	     252.9  	     308.0  	     289.9  	     
280.4  	     294.2  	     293.8  	     292.8  	     320.2  	     257.3  	     310.5  	     292.6  	     
284.3  	     297.2  	     296.8  	     296.0  	     322.6  	     261.7  	     312.9  	     295.2  	     
288.1  	     300.5  	     300.1  	     299.1  	     325.5  	     265.5  	     315.7  	     298.4  	     
291.7  	     304.2  	     303.5  	     302.7  	     328.2  	     269.5  	     318.6  	     302.1  	     
295.2  	     307.0  	     306.8  	     306.1  	     330.9  	     273.2  	     321.6  	     305.4  	     
298.6  	     310.2  	     309.7  	     309.2  	     333.0  	     276.8  	     323.9  	     308.5  	     
302.0  	     312.9  	     312.6  	     312.3  	     335.0  	     280.5  	     326.3  	     311.3  	     
305.1  	     315.4  	     315.1  	     315.0  	     336.6  	     284.0  	     328.4  	     313.8  	     
308.2  	     317.8  	     317.7  	     317.8  	     338.1  	     287.6  	     330.2  	     316.2  	     
311.1  	     320.0  	     319.9  	     320.2  	     339.3  	     291.0  	     332.4  	     318.6  	     
313.8  	     322.2  	     322.0  	     322.6  	     340.5  	     294.2  	     334.0  	     320.6  	     
316.4  	     324.2  	     324.2  	     324.9  	     341.2  	     297.1  	     335.5  	     322.2  	     
318.6  	     326.1  	     325.9  	     326.8  	     341.8  	     299.9  	     336.5  	     324.2  	     
320.8  	     327.7  	     327.5  	     328.8  	     342.3  	     302.6  	     337.8  	     325.7  	     
322.9  	     329.3  	     329.1  	     330.5  	     342.8  	     305.1  	     338.5  	     327.0  	     
324.8  	     330.7  	     330.4  	     332.2  	     343.0  	     307.4  	     339.5  	     328.3  	     
326.4  	     331.8  	     331.6  	     333.6  	     343.3  	     309.6  	     340.2  	     329.5  	     
328.0  	     333.1  	     332.8  	     334.9  	     343.7  	     311.7  	     340.7  	     330.7  	     
329.4  	     334.1  	     334.0  	     336.2  	     343.7  	     313.8  	     341.4  	     331.7  	     
330.7  	     335.3  	     335.0  	     337.4  	     343.9  	     315.6  	     341.8  	     332.8  	     
331.8  	     336.3  	     336.0  	     338.4  	     344.1  	     317.3  	     342.4  	     333.6  	     
333.0  	     337.2  	     336.9  	     339.4  	     344.3  	     319.0  	     342.8  	     334.7  	     
334.0  	     338.0  	     337.7  	     340.3  	     344.4  	     320.7  	     343.2  	     335.4  	     
335.1  	     338.8  	     338.5  	     341.1  	     344.6  	     322.0  	     343.6  	     336.2  	     
336.1  	     339.6  	     339.2  	     341.8  	     344.8  	     323.4  	     344.0  	     336.9  	     
336.9  	     340.3  	     339.9  	     342.5  	     344.9  	     325.0  	     344.5  	     337.6  	     
337.6  	     340.9  	     340.6  	     343.2  	     345.0  	     326.1  	     344.8  	     338.2  	     
338.3  	     341.5  	     341.1  	     343.8  	     345.1  	     327.3  	     345.1  	     338.9  	     
338.9  	     342.1  	     341.7  	     344.6  	     345.2  	     328.5  	     345.4  	     339.7  	     
339.5  	     342.7  	     342.3  	     345.0  	     345.3  	     329.6  	     345.7  	     339.9  	     
340.1  	     343.3  	     342.9  	     345.5  	     345.5  	     330.5  	     346.0  	     340.6  	     
340.6  	     343.8  	     343.3  	     346.0  	     345.7  	     331.5  	     346.2  	     340.8  	     
341.2  	     344.3  	     343.8  	     346.4  	     345.7  	     332.4  	     346.3  	     341.3  	     
341.8  	     344.7  	     344.3  	     346.9  	     345.9  	     333.3  	     346.7  	     341.8  	     
342.2  	     345.0  	     344.6  	     347.2  	     346.2  	     334.2  	     346.8  	     342.4  	     
342.6  	     345.5  	     345.1  	     347.5  	     346.2  	     335.0  	     347.0  	     342.7  	     
343.0  	     345.8  	     345.5  	     347.9  	     346.3  	     335.6  	     347.3  	     343.2  	     
343.2  	     346.0  	     345.7  	     348.3  	     346.6  	     336.6  	     347.6  	     343.6  	     
343.6  	     346.5  	     346.0  	     348.4  	     346.8  	     337.3  	     347.7  	     343.9  	     
343.8  	     346.8  	     346.4  	     348.7  	     347.1  	     337.9  	     348.0  	     344.3  	     
344.1  	     347.0  	     346.6  	     349.0  	     347.1  	     338.6  	     348.0  	     344.6  	     
344.4  	     347.3  	     346.8  	     349.0  	     347.2  	     339.1  	     348.2  	     344.9  	     
344.7  	     347.5  	     347.1  	     349.2  	     347.2  	     339.7  	     348.2  	     345.3  	     
345.0  	     347.8  	     347.4  	     349.5  	     347.1  	     340.0  	     348.3  	     345.4  	     
345.0  	     347.9  	     347.4  	     349.5  	     347.3  	     340.3  	     348.2  	     345.6  	     
345.2  	     348.0  	     347.5  	     349.5  	     347.4  	     340.7  	     348.5  	     345.7  	     
345.4  	     348.2  	     347.8  	     349.8  	     347.5  	     341.2  	     348.6  	     346.1  	     
345.6  	     348.4  	     348.0  	     349.8  	     347.5  	     341.7  	     348.7  	     346.3  	     
345.8  	     348.5  	     348.2  	     350.2  	     347.7  	     342.0  	     348.8  	     346.4  	     
345.9  	     348.7  	     348.2  	     350.4  	     347.7  	     342.3  	     348.9  	     346.9  	     
346.1  	     348.7  	     348.3  	     350.4  	     347.7  	     342.8  	     348.9  	     347.0  	     
346.2  	     348.9  	     348.4  	     350.5  	     347.7  	     343.2  	     349.0  	     347.0  	     
346.3  	     349.1  	     348.6  	     350.6  	     347.8  	     343.4  	     349.2  	     346.9  	     
346.5  	     349.1  	     348.6  	     350.5  	     348.0  	     343.8  	     349.1  	     347.3  	     
346.7  	     349.3  	     348.8  	     350.7  	     347.8  	     344.1  	     349.2  	     347.4  	     
346.8  	     349.4  	     349.0  	     350.8  	     348.0  	     344.4  	     349.1  	     347.6  	     
346.9  	     349.5  	     349.1  	     350.7  	     348.0  	     344.6  	     349.3  	     347.5  	     
347.0  	     349.6  	     349.2  	     350.9  	     348.1  	     344.9  	     349.3  	     347.6  	     
347.1  	     349.7  	     349.3  	     351.0  	     348.2  	     345.1  	     349.3  	     347.9  	     
347.2  	     349.8  	     349.3  	     350.9  	     348.3  	     345.3  	     349.5  	     347.8  	     
347.1  	     349.8  	     349.4  	     351.0  	     348.2  	     345.6  	     349.5  	     348.1  	     
347.2  	     349.9  	     349.4  	     351.0  	     348.4  	     345.8  	     349.6  	     348.2  	     
347.4  	     349.9  	     349.6  	     351.2  	     348.4  	     346.0  	     349.6  	     348.2  	     
347.4  	     349.9  	     349.6  	     351.2  	     348.5  	     346.2  	     349.6  	     348.3  	     
347.5  	     350.0  	     349.6  	     351.1  	     348.5  	     346.3  	     349.6  	     348.5  	     
347.5  	     350.0  	     349.6  	     351.2  	     348.5  	     346.4  	     349.5  	     348.6  	     
347.5  	     350.0  	     349.7  	     351.2  	     348.5  	     346.7  	     349.7  	     348.6  	     
347.5  	     350.1  	     349.7  	     351.2  	     348.5  	     346.8  	     349.6  	     348.7  	     
347.6  	     350.2  	     349.7  	     351.3  	     348.7  	     346.9  	     349.6  	     348.7  	     
347.6  	     350.1  	     349.8  	     351.5  	     348.7  	     347.0  	     349.6  	     348.9  	     
347.6  	     350.2  	     349.9  	     351.5  	     348.7  	     347.1  	     349.6  	     348.8  	     
347.7  	     350.3  	     349.9  	     351.5  	     348.7  	     347.2  	     349.7  	     348.9  	     
347.6  	     350.2  	     349.9  	     351.6  	     348.8  	     347.4  	     349.8  	     349.1  	     
347.7  	     350.3  	     349.9  	     351.5  	     348.8  	     347.4  	     349.8  	     349.0  	     
347.8  	     350.2  	     349.9  	     351.6  	     348.7  	     347.5  	     349.7  	     349.0  	     
347.9  	     350.4  	     350.1  	     351.5  	     348.9  	     347.7  	     349.8  	     349.4  	     
347.8  	     350.4  	     350.1  	     351.6  	     348.9  	     347.7  	     349.8  	     349.4  	     
347.9  	     350.4  	     350.1  	     351.7  	     348.9  	     347.9  	     349.9  	     349.3  	     
347.9  	     350.4  	     350.2  	     351.7  	     348.9  	     347.9  	     349.8  	     349.6  	     
348.0  	     350.4  	     350.3  	     351.8  	     348.8  	     348.0  	     349.9  	     349.6  	     
348.0  	     350.4  	     350.2  	     351.7  	     348.9  	     348.1  	     349.8  	     349.4  	     
348.1  	     350.5  	     350.2  	     351.7  	     348.8  	     348.1  	     349.8  	     349.6  	     
348.0  	     350.4  	     350.3  	     351.7  	     348.9  	     348.2  	     349.8  	     349.7  	     
348.1  	     350.4  	     350.2  	     351.7  	     348.9  	     348.4  	     349.8  	     349.4  	     
348.1  	     350.4  	     350.3  	     351.7  	     348.9  	     348.3  	     349.8  	     349.5  	     
348.1  	     350.5  	     350.3  	     351.6  	     348.8  	     348.3  	     349.8  	     349.6  	     
347.8  	     350.3  	     350.1  	     351.7  	     348.9  	     348.4  	     349.8  	     349.5  	     
347.9  	     350.4  	     350.1  	     351.6  	     348.8  	     348.5  	     349.8  	     349.5  	     
347.9  	     350.3  	     350.0  	     351.6  	     348.9  	     348.5  	     349.7  	     349.6  	     
347.9  	     350.3  	     350.2  	     351.6  	     348.8  	     348.6  	     349.8  	     349.6  	     
347.8  	     350.3  	     350.1  	     351.6  	     348.8  	     348.5  	     349.7  	     349.5  	     
347.9  	     350.3  	     350.1  	     351.5  	     348.8  	     348.8  	     349.8  	     349.4  	     
347.8  	     350.3  	     350.1  	     351.6  	     348.8  	     348.7  	     349.9  	     349.6  	     
347.9  	     350.2  	     350.0  	     351.5  	     348.9  	     348.7  	     349.8  	     349.5  	     
347.8  	     350.2  	     350.1  	     351.5  	     348.8  	     348.7  	     349.9  	     349.5  	     
347.9  	     350.2  	     349.9  	     351.6  	     348.9  	     348.7  	     349.9  	     349.5  	     
347.9  	     350.3  	     350.1  	     351.6  	     348.8  	     348.8  	     349.7  	     349.5  	     
347.9  	     350.3  	     350.1  	     351.6  	     348.8  	     348.8  	     349.8  	     349.6  	     
347.9  	     350.2  	     350.1  	     351.5  	     348.8  	     348.8  	     349.8  	     349.5  	     
347.9  	     350.2  	     350.1  	     351.5  	     348.9  	     348.8  	     349.8  	     349.4  	     
347.9  	     350.2  	     350.0  	     351.5  	     348.8  	     348.8  	     349.8  	     349.6  	     
347.9  	     350.2  	     350.0  	     351.5  	     348.7  	     348.8  	     349.7  	     349.5  	     
347.9  	     350.3  	     350.1  	     351.5  	     348.8  	     348.7  	     349.7  	     349.5  	     
347.9  	     350.3  	     350.2  	     351.5  	     348.7  	     348.8  	     349.7  	     349.6  	     
347.9  	     350.1  	     350.1  	     351.5  	     348.8  	     348.7  	     349.6  	     349.5  	     
347.9  	     350.1  	     350.1  	     351.3  	     348.7  	     348.8  	     349.7  	     349.5  	     
347.9  	     350.1  	     350.1  	     351.5  	     348.7  	     348.8  	     349.7  	     349.5  	     
347.8  	     350.1  	     350.0  	     351.3  	     348.9  	     348.9  	     349.8  	     349.5  	     
347.8  	     350.1  	     350.0  	     351.5  	     348.9  	     349.0  	     349.8  	     349.5  	     
347.8  	     350.1  	     350.0  	     351.3  	     348.9  	     349.0  	     349.8  	     349.6  	     
347.8  	     350.1  	     349.9  	     351.2  	     348.9  	     349.0  	     349.9  	     349.5  	     
347.8  	     350.1  	     349.9  	     351.2  	     348.9  	     349.0  	     349.8  	     349.3  	     
347.8  	     350.1  	     349.9  	     351.2  	     348.9  	     349.0  	     349.7  	     349.4  	     
347.9  	     350.1  	     350.1  	     351.2  	     348.8  	     349.0  	     349.8  	     349.5  	     
347.8  	     350.1  	     350.0  	     351.3  	     348.9  	     349.0  	     349.8  	     349.5  	     
347.8  	     350.1  	     349.9  	     351.2  	     348.8  	     348.9  	     349.7  	     349.6  	     
347.8  	     350.0  	     349.9  	     351.2  	     348.8  	     348.9  	     349.7  	     349.4  	     
347.8  	     350.1  	     350.1  	     351.1  	     348.7  	     348.9  	     349.8  	     349.7  	     
347.8  	     350.1  	     350.0  	     351.1  	     348.8  	     348.9  	     349.7  	     349.6  	     
347.8  	     350.1  	     350.0  	     351.2  	     348.8  	     349.0  	     349.6  	     349.4  	     
347.8  	     350.1  	     350.0  	     351.0  	     348.8  	     349.0  	     349.7  	     349.4  	     
347.8  	     350.1  	     349.9  	     351.1  	     348.8  	     349.0  	     349.8  	     349.5  	     
347.8  	     350.1  	     350.0  	     351.1  	     348.8  	     349.0  	     349.7  	     349.4  	     
347.7  	     349.9  	     349.9  	     351.1  	     348.7  	     349.0  	     349.7  	     349.5  	     
347.7  	     350.0  	     349.8  	     351.2  	     348.8  	     349.0  	     349.7  	     349.5  	     
347.7  	     350.0  	     349.8  	     351.1  	     348.7  	     349.0  	     349.8  	     349.4  	     
347.8  	     349.9  	     349.9  	     351.1  	     348.7  	     349.0  	     349.7  	     349.4  	     
347.7  	     349.9  	     349.8  	     351.0  	     348.8  	     348.9  	     349.7  	     349.5  	     
347.8  	     350.0  	     349.9  	     351.1  	     348.7  	     349.0  	     349.7  	     349.4  	     
347.7  	     349.9  	     349.9  	     351.1  	     348.7  	     348.9  	     349.6  	     349.4  	     
347.8  	     350.0  	     349.9  	     351.1  	     348.7  	     349.0  	     349.6  	     349.6  	     
347.8  	     349.9  	     349.9  	     351.0  	     348.5  	     348.9  	     349.6  	     349.7  	     
347.7  	     349.9  	     349.9  	     351.0  	     348.6  	     348.8  	     349.6  	     349.6  	     
347.8  	     349.9  	     349.8  	     351.0  	     348.7  	     348.8  	     349.6  	     349.5  	     
347.6  	     349.9  	     349.9  	     351.0  	     348.5  	     348.8  	     349.5  	     349.5  	     
347.7  	     349.9  	     349.9  	     351.0  	     348.6  	     348.8  	     349.6  	     349.4  	     
347.7  	     350.0  	     349.9  	     350.9  	     348.7  	     348.8  	     349.6  	     349.3  	     
347.7  	     349.9  	     349.8  	     351.0  	     348.8  	     349.0  	     349.6  	     349.3  	     
347.7  	     349.9  	     349.8  	     350.9  	     348.8  	     348.9  	     349.5  	     349.2  	     
347.6  	     349.9  	     349.8  	     350.9  	     348.8  	     348.9  	     349.6  	     349.5  	     
347.6  	     349.9  	     349.9  	     350.9  	     348.8  	     348.9  	     349.6  	     349.3  	     
347.6  	     349.9  	     349.8  	     351.0  	     348.8  	     348.9  	     349.5  	     349.4  	     
347.6  	     349.9  	     349.8  	     350.9  	     348.8  	     349.0  	     349.6  	     349.3  	     
347.6  	     349.9  	     349.8  	     350.9  	     348.8  	     349.0  	     349.6  	     349.2  	     
347.5  	     349.9  	     349.8  	     350.9  	     348.8  	     349.0  	     349.7  	     349.2  	     
347.6  	     349.9  	     349.8  	     350.9  	     348.9  	     349.0  	     349.7  	     349.3  	     
347.6  	     349.8  	     349.8  	     350.9  	     348.8  	     349.0  	     349.7  	     349.3  	     
347.7  	     349.8  	     349.8  	     350.9  	     348.8  	     349.0  	     349.7  	     349.5  	     
347.6  	     349.8  	     349.8  	     351.0  	     348.8  	     349.0  	     349.7  	     349.3  	     
347.7  	     349.9  	     349.8  	     351.0  	     348.7  	     349.0  	     349.7  	     349.3  	     
347.6  	     349.9  	     349.8  	     351.0  	     348.9  	     349.0  	     349.6  	     349.4  	     
347.7  	     349.9  	     349.9  	     350.9  	     348.9  	     348.9  	     349.6  	     349.6  	     
347.7  	     349.8  	     349.8  	     351.0  	     348.8  	     349.0  	     349.7  	     349.5  	     
347.6  	     349.9  	     349.9  	     350.9  	     348.8  	     349.0  	     349.7  	     349.5  	     
347.7  	     349.9  	     349.9  	     350.9  	     348.8  	     349.0  	     349.6  	     349.4  	     
347.6  	     349.9  	     349.9  	     351.0  	     348.7  	     348.9  	     349.6  	     349.7  	     
347.6  	     349.8  	     349.9  	     350.9  	     348.8  	     348.9  	     349.6  	     349.7  	     
347.7  	     349.9  	     349.8  	     350.9  	     348.6  	     348.9  	     349.5  	     349.0  	     
347.7  	     349.9  	     349.8  	     350.9  	     348.7  	     348.9  	     349.6  	     349.2  	     
347.6  	     349.8  	     349.8  	     350.9  	     348.9  	     348.9  	     349.6  	     349.2  	     
347.6  	     349.8  	     349.7  	     350.9  	     348.9  	     348.9  	     349.6  	     349.1  	     
347.5  	     349.8  	     349.7  	     350.9  	     348.7  	     348.9  	     349.6  	     349.1  	     
347.7  	     349.9  	     349.8  	     350.9  	     348.9  	     349.0  	     349.6  	     349.3  	     
347.5  	     349.9  	     349.7  	     351.0  	     348.8  	     349.0  	     349.6  	     349.4  	     
347.6  	     349.9  	     349.8  	     351.0  	     348.8  	     349.0  	     349.6  	     349.5  	     
347.7  	     349.8  	     349.8  	     351.0  	     348.9  	     349.0  	     349.6  	     349.4  	     
347.6  	     349.8  	     349.8  	     351.0  	     348.9  	     348.9  	     349.7  	     349.4  	     
347.6  	     349.8  	     349.6  	     350.9  	     348.7  	     349.0  	     349.6  	     349.3  	     
347.5  	     349.3  	     349.3  	     350.8  	     347.6  	     349.0  	     349.1  	     348.9  	     
347.3  	     348.6  	     348.7  	     350.4  	     346.6  	     348.8  	     348.2  	     348.3  	     
346.9  	     348.0  	     348.1  	     349.9  	     345.5  	     348.5  	     347.5  	     347.6  	     
346.5  	     347.0  	     347.2  	     349.2  	     343.6  	     348.1  	     346.2  	     346.7  	     
345.6  	     345.7  	     346.1  	     348.4  	     341.5  	     347.4  	     344.5  	     345.4  	     
344.7  	     344.5  	     344.6  	     347.3  	     339.6  	     346.8  	     342.8  	     343.9  	     
343.7  	     343.1  	     343.4  	     346.2  	     337.3  	     345.8  	     340.9  	     342.4  	     
342.5  	     341.5  	     341.7  	     345.0  	     334.9  	     344.9  	     338.9  	     340.6  	     
341.1  	     339.7  	     340.0  	     343.5  	     332.0  	     343.8  	     336.5  	     338.6  	     
339.8  	     337.8  	     338.0  	     341.9  	     329.2  	     342.5  	     334.0  	     336.5  	     
338.1  	     335.7  	     336.0  	     340.2  	     326.3  	     341.1  	     331.5  	     334.4  	     
336.3  	     333.7  	     334.0  	     338.2  	     323.7  	     339.6  	     328.8  	     332.2  	     
334.4  	     332.0  	     332.0  	     336.3  	     321.5  	     338.0  	     326.6  	     331.9  	     
332.6  	     330.1  	     330.1  	     334.5  	     318.9  	     336.5  	     324.1  	     328.5  	     
332.6  	     330.0  	     329.9  	     334.5  	     318.8  	     336.4  	     324.1  	     328.5  	     
330.7  	     327.8  	     327.9  	     332.5  	     315.8  	     334.7  	     321.4  	     326.3  	     
328.7  	     325.6  	     325.5  	     330.2  	     312.7  	     332.8  	     318.5  	     323.6  	     
326.6  	     323.4  	     323.2  	     328.1  	     309.7  	     331.0  	     315.5  	     321.6  	     
324.5  	     320.9  	     320.8  	     325.9  	     306.9  	     329.1  	     312.7  	     319.1  	     
322.2  	     318.3  	     318.3  	     323.5  	     303.5  	     327.1  	     309.9  	     316.6  	     
320.0  	     315.6  	     315.5  	     321.1  	     300.1  	     325.0  	     306.7  	     314.0  	     
317.5  	     312.9  	     312.8  	     318.3  	     296.8  	     322.6  	     303.3  	     311.3  	     
315.0  	     310.0  	     310.1  	     315.7  	     293.4  	     320.4  	     300.2  	     308.6  	     
312.5  	     307.4  	     307.2  	     312.9  	     290.0  	     318.1  	     296.5  	     305.5  	     
309.9  	     304.5  	     304.3  	     310.2  	     286.4  	     315.6  	     293.4  	     302.3  	     
307.3  	     301.7  	     301.4  	     307.2  	     283.0  	     313.1  	     289.9  	     299.6  	     
304.5  	     298.6  	     298.7  	     304.2  	     279.6  	     310.5  	     286.3  	     296.7  	     
301.7  	     295.5  	     295.3  	     301.0  	     276.0  	     307.8  	     282.8  	     293.5  	     
298.7  	     292.5  	     292.2  	     297.9  	     272.4  	     305.2  	     279.2  	     290.5  	     
295.8  	     289.1  	     288.9  	     294.7  	     269.0  	     302.4  	     275.6  	     287.6  	     
292.7  	     285.8  	     285.6  	     291.5  	     265.4  	     299.8  	     272.1  	     284.2  	     
289.5  	     282.7  	     282.4  	     288.4  	     261.8  	     296.9  	     268.4  	     282.0  	     
286.3  	     279.4  	     279.1  	     285.0  	     258.2  	     294.0  	     264.6  	     277.8  	     
283.1  	     276.0  	     275.6  	     281.6  	     254.5  	     291.1  	     260.8  	     274.4  	     
279.9  	     272.8  	     272.4  	     278.1  	     250.7  	     288.1  	     256.9  	     271.4  	     
276.7  	     269.6  	     269.1  	     274.7  	     246.8  	     285.0  	     253.0  	     267.8  	     
273.3  	     266.2  	     265.6  	     271.3  	     243.2  	     281.9  	     249.1  	     264.7  	     
270.0  	     262.6  	     262.2  	     267.9  	     239.5  	     278.8  	     245.4  	     261.2  	     
266.8  	     259.3  	     258.4  	     264.2  	     236.0  	     275.7  	     241.6  	     258.0  	     
263.5  	     255.7  	     255.0  	     260.9  	     232.3  	     272.6  	     237.7  	     254.8  	     
260.1  	     252.2  	     251.4  	     257.3  	     228.8  	     269.5  	     233.9  	     252.6  	     
256.7  	     248.4  	     248.0  	     253.7  	     224.8  	     266.3  	     229.9  	     249.6  	     
253.3  	     245.1  	     244.3  	     250.1  	     221.6  	     263.1  	     226.2  	     244.5  	     
249.7  	     241.6  	     240.7  	     246.6  	     217.9  	     259.9  	     222.2  	     241.6  	     
246.4  	     238.1  	     237.1  	     242.9  	     214.4  	     256.7  	     218.6  	     238.5  	     
242.9  	     234.4  	     233.5  	     239.5  	     211.0  	     253.5  	     214.9  	     235.7  	     
239.3  	     231.2  	     230.1  	     235.8  	     207.5  	     250.2  	     211.6  	     231.1  	     
235.9  	     227.9  	     226.6  	     232.4  	     204.2  	     247.1  	     208.0  	     228.9  	     
232.6  	     224.4  	     223.3  	     228.8  	     200.9  	     243.7  	     204.7  	     225.6  	     
229.3  	     221.2  	     220.0  	     225.5  	     197.8  	     240.6  	     201.3  	     222.8  	     
225.9  	     217.7  	     216.8  	     222.0  	     194.5  	     237.4  	     198.1  	     219.6  	     
222.6  	     214.4  	     213.5  	     218.7  	     191.5  	     234.2  	     194.7  	     216.4  	     
219.5  	     211.6  	     210.4  	     215.3  	     188.7  	     230.9  	     191.8  	     213.0  	     
216.3  	     208.4  	     207.3  	     212.0  	     185.9  	     227.8  	     188.6  	     210.2  	     
213.0  	     205.6  	     204.3  	     208.9  	     183.2  	     224.9  	     185.9  	     207.1  	     
210.0  	     202.5  	     201.3  	     205.7  	     180.5  	     222.0  	     183.1  	     203.8  	     
207.1  	     199.8  	     198.6  	     202.7  	     178.1  	     218.9  	     180.4  	     200.8  	     
204.2  	     196.8  	     195.7  	     199.7  	     175.6  	     216.1  	     178.0  	     197.4  	     
201.2  	     194.0  	     192.9  	     196.8  	     173.2  	     213.2  	     175.3  	     195.0  	     
198.4  	     191.0  	     190.0  	     193.8  	     170.9  	     210.4  	     172.8  	     192.0  	     
195.6  	     188.4  	     187.4  	     191.0  	     168.9  	     207.5  	     170.4  	     189.9  	     
192.8  	     185.9  	     184.9  	     188.2  	     166.7  	     205.0  	     168.3  	     188.1  	     
190.1  	     183.4  	     182.3  	     185.6  	     164.8  	     202.2  	     166.1  	     185.2  	     
187.6  	     180.9  	     180.0  	     183.0  	     162.8  	     199.6  	     164.1  	     183.5  	     
185.2  	     178.6  	     177.6  	     180.5  	     161.0  	     197.1  	     162.1  	     181.0  	     
182.6  	     176.3  	     175.3  	     178.1  	     159.1  	     194.6  	     160.0  	     178.6  	     
180.2  	     174.1  	     173.1  	     175.7  	     157.3  	     192.3  	     158.1  	     176.6  	     
177.7  	     171.7  	     170.9  	     173.4  	     155.7  	     190.0  	     156.4  	     173.4  	     
175.5  	     169.8  	     168.9  	     171.3  	     154.1  	     187.8  	     154.6  	     171.9  	     
173.3  	     167.6  	     166.9  	     169.2  	     152.5  	     185.3  	     153.1  	     170.2  	     
171.2  	     165.7  	     165.0  	     167.0  	     151.2  	     183.1  	     151.5  	     167.7  	     
169.2  	     163.8  	     162.9  	     164.8  	     149.6  	     181.0  	     149.9  	     165.7  	     
167.2  	     162.0  	     161.2  	     162.9  	     148.0  	     178.8  	     148.4  	     163.8  	     
165.3  	     160.1  	     159.4  	     161.0  	     146.7  	     176.7  	     146.7  	     162.1  	     
163.4  	     158.4  	     157.6  	     159.1  	     145.3  	     174.6  	     145.3  	     160.1  	     
161.5  	     156.8  	     156.0  	     157.3  	     144.0  	     172.7  	     144.1  	     159.2  	     
159.9  	     155.0  	     154.2  	     155.6  	     142.7  	     170.8  	     142.8  	     157.9  	     
158.1  	     153.4  	     152.7  	     154.0  	     141.6  	     169.0  	     141.5  	     155.7  	     
156.3  	     151.8  	     151.1  	     152.3  	     140.3  	     167.2  	     140.1  	     153.9  	     
154.7  	     150.3  	     149.5  	     150.7  	     139.3  	     165.5  	     139.1  	     152.1  	     
153.2  	     149.0  	     148.1  	     149.2  	     138.2  	     163.6  	     137.9  	     151.8  	     
151.7  	     147.4  	     146.6  	     147.7  	     137.2  	     162.0  	     136.9  	     150.1  	     
150.1  	     146.1  	     145.3  	     146.2  	     136.1  	     160.3  	     135.8  	     148.1  	     
148.7  	     144.5  	     143.9  	     144.9  	     135.2  	     158.7  	     134.8  	     146.3  	     
147.3  	     143.3  	     142.7  	     143.5  	     134.2  	     157.3  	     133.7  	     145.0  	     
145.9  	     142.0  	     141.3  	     142.2  	     133.2  	     155.8  	     132.9  	     144.2  	     
144.6  	     140.8  	     140.3  	     140.9  	     132.2  	     154.2  	     132.0  	     143.0  	     
143.4  	     139.6  	     139.1  	     139.7  	     131.3  	     152.9  	     131.0  	     142.3  	     
142.1  	     138.4  	     137.9  	     138.5  	     130.5  	     151.4  	     130.1  	     141.1  	     
140.9  	     137.4  	     136.8  	     137.4  	     129.7  	     150.0  	     129.3  	     139.9  	     
139.7  	     136.3  	     135.7  	     136.3  	     129.0  	     148.8  	     128.5  	     138.0  	     
138.6  	     135.3  	     134.7  	     135.2  	     128.1  	     147.4  	     127.7  	     137.7  	     
137.4  	     134.3  	     133.7  	     134.2  	     127.4  	     146.2  	     127.0  	     136.9  	     
136.3  	     133.2  	     132.7  	     133.2  	     126.6  	     144.9  	     126.1  	     135.9  	     
135.4  	     132.1  	     131.7  	     132.1  	     125.9  	     143.6  	     125.4  	     134.8  	     
134.3  	     131.2  	     130.8  	     131.2  	     125.1  	     142.6  	     124.7  	     133.5  	     
133.4  	     130.3  	     130.0  	     130.3  	     124.3  	     141.5  	     124.0  	     132.8  	     
132.2  	     129.4  	     129.0  	     129.4  	     123.8  	     140.3  	     123.3  	     131.8  	     
131.5  	     128.7  	     128.3  	     128.6  	     123.1  	     139.2  	     122.7  	     130.7  	     
131.3  	     128.5  	     128.0  	     128.4  	     123.0  	     138.9  	     122.6  	     130.5  	     
130.6  	     127.6  	     127.2  	     127.7  	     122.2  	     138.1  	     121.9  	     130.0  	     
129.6  	     126.4  	     126.2  	     126.6  	     120.6  	     137.1  	     120.6  	     128.9  	     
128.6  	     125.2  	     125.0  	     125.4  	     119.2  	     136.0  	     119.2  	     128.0  	     
127.5  	     124.0  	     123.9  	     124.4  	     117.8  	     135.0  	     117.8  	     126.7  	     
126.3  	     122.8  	     122.8  	     123.3  	     116.5  	     134.1  	     116.6  	     124.0  	     
125.3  	     121.5  	     121.7  	     122.3  	     115.2  	     133.1  	     115.4  	     124.5  	     
124.3  	     120.5  	     120.4  	     121.3  	     114.1  	     132.0  	     114.4  	     123.1  	     
123.3  	     119.6  	     119.4  	     120.4  	     113.0  	     131.0  	     113.4  	     121.7  	     
122.2  	     118.8  	     118.5  	     119.4  	     112.2  	     130.1  	     112.4  	     120.9  	     
121.3  	     117.9  	     117.6  	     118.6  	     111.0  	     129.0  	     111.6  	     119.5  	     
120.3  	     117.2  	     116.7  	     117.7  	     110.2  	     128.4  	     111.0  	     118.8  	     
119.5  	     116.4  	     116.0  	     117.1  	     109.5  	     127.6  	     110.3  	     118.3  	     
118.7  	     115.9  	     115.4  	     116.5  	     108.7  	     126.9  	     109.9  	     116.6  	     
118.0  	     115.5  	     114.8  	     115.8  	     108.3  	     126.3  	     109.6  	     115.8  	     
117.5  	     115.0  	     114.4  	     115.5  	     108.2  	     125.8  	     109.5  	     115.4  	     