
G32-PTC6  	G32-PTC9  	G32-PTC11  	G32-PTC16  	G32-PTC18  	G32-PTC19  	G32-PTC23  	G32-PTC34  	
Deg.F  	     Deg.F  	     Deg.F  	     Deg.F  	     Deg.F  	     Deg.F  	     Deg.F  	     Deg.F  	     
80.1  	     80.3  	     81.6  	     82.2  	     81.2  	     80.9  	     81.3  	     84.5  	     
80.1  	     80.3  	     81.6  	     82.2  	     81.2  	     80.9  	     81.3  	     84.5  	     
80.1  	     80.3  	     81.6  	     82.2  	     81.2  	     80.9  	     81.3  	     84.5  	     
80.1  	     80.3  	     81.6  	     82.2  	     81.2  	     80.9  	     81.3  	     84.5  	     
80.2  	     80.4  	     81.9  	     82.4  	     81.9  	     81.8  	     84.4  	     85.0  	     
80.8  	     80.8  	     82.5  	     83.0  	     82.6  	     83.3  	     84.8  	     85.5  	     
81.0  	     81.3  	     83.2  	     84.0  	     83.3  	     83.1  	     85.4  	     86.2  	     
82.4  	     82.1  	     84.5  	     84.9  	     84.6  	     84.3  	     85.9  	     87.5  	     
84.1  	     83.3  	     86.2  	     86.3  	     85.8  	     85.9  	     82.7  	     89.3  	     
86.1  	     84.7  	     88.1  	     87.9  	     87.3  	     86.8  	     87.9  	     91.4  	     
88.0  	     86.4  	     89.9  	     89.8  	     89.2  	     88.7  	     88.9  	     93.6  	     
88.2  	     86.6  	     90.3  	     90.1  	     89.6  	     89.0  	     89.1  	     93.8  	     
90.6  	     88.8  	     92.8  	     92.4  	     91.7  	     91.0  	     90.9  	     96.3  	     
93.6  	     91.2  	     95.8  	     95.2  	     94.1  	     93.4  	     93.0  	     99.0  	     
96.8  	     93.9  	     98.9  	     97.9  	     96.4  	     95.7  	     96.0  	     102.3  	     
100.1  	     97.1  	     102.2  	     101.1  	     100.0  	     98.4  	     98.1  	     105.7  	     
103.9  	     100.4  	     105.4  	     104.2  	     102.9  	     101.8  	     98.9  	     109.3  	     
108.1  	     104.0  	     109.3  	     107.8  	     106.3  	     105.4  	     103.4  	     113.5  	     
112.2  	     107.6  	     113.0  	     111.6  	     109.3  	     108.2  	     106.3  	     118.0  	     
116.7  	     111.5  	     117.3  	     115.4  	     113.2  	     112.5  	     110.1  	     122.5  	     
120.9  	     115.3  	     121.2  	     119.2  	     117.0  	     115.8  	     112.7  	     127.2  	     
125.5  	     119.5  	     125.4  	     123.4  	     120.4  	     119.3  	     116.4  	     132.3  	     
130.1  	     123.5  	     129.9  	     127.6  	     125.4  	     124.0  	     119.6  	     137.5  	     
135.1  	     127.8  	     134.5  	     132.0  	     129.7  	     128.2  	     123.7  	     142.9  	     
139.7  	     132.2  	     139.2  	     136.3  	     134.3  	     132.8  	     129.5  	     148.2  	     
144.7  	     136.9  	     143.7  	     140.9  	     138.1  	     136.8  	     131.3  	     153.4  	     
150.2  	     141.7  	     148.3  	     145.6  	     143.6  	     141.8  	     134.8  	     158.6  	     
155.0  	     146.5  	     153.5  	     150.5  	     147.4  	     145.9  	     139.2  	     163.8  	     
159.9  	     151.4  	     158.3  	     155.3  	     152.6  	     150.6  	     143.0  	     169.3  	     
164.9  	     156.0  	     163.0  	     159.9  	     158.2  	     156.3  	     148.0  	     174.7  	     
170.1  	     160.6  	     168.6  	     164.5  	     162.5  	     160.8  	     151.7  	     180.6  	     
175.2  	     165.2  	     173.3  	     169.5  	     168.5  	     166.5  	     156.7  	     185.7  	     
180.2  	     170.6  	     178.7  	     174.4  	     174.3  	     171.5  	     161.2  	     191.5  	     
185.7  	     175.8  	     183.9  	     179.5  	     179.4  	     177.3  	     165.4  	     196.8  	     
190.4  	     181.0  	     189.0  	     184.6  	     184.9  	     182.7  	     170.5  	     202.2  	     
195.7  	     186.6  	     194.2  	     189.5  	     190.2  	     188.3  	     175.3  	     207.5  	     
200.6  	     191.5  	     199.2  	     194.6  	     195.8  	     193.7  	     180.1  	     213.3  	     
205.8  	     196.0  	     204.4  	     199.0  	     200.7  	     198.9  	     184.6  	     218.6  	     
210.4  	     200.8  	     209.6  	     204.0  	     206.8  	     204.2  	     189.3  	     223.1  	     
215.7  	     205.7  	     214.6  	     208.4  	     212.0  	     209.4  	     193.9  	     228.6  	     
220.3  	     210.7  	     219.3  	     213.3  	     217.0  	     214.4  	     198.5  	     233.2  	     
225.2  	     215.6  	     224.3  	     217.7  	     222.7  	     219.6  	     203.9  	     238.7  	     
229.8  	     220.5  	     229.1  	     222.7  	     228.1  	     224.8  	     208.5  	     243.5  	     
234.9  	     225.4  	     234.0  	     227.3  	     234.5  	     231.0  	     214.0  	     249.5  	     
239.6  	     230.2  	     239.1  	     232.1  	     239.0  	     235.6  	     218.8  	     254.4  	     
244.6  	     235.2  	     244.1  	     236.5  	     245.0  	     242.0  	     223.5  	     259.5  	     
249.0  	     239.9  	     249.0  	     241.3  	     249.9  	     246.0  	     228.1  	     264.3  	     
254.1  	     244.7  	     253.9  	     245.9  	     255.8  	     250.9  	     233.4  	     269.0  	     
258.9  	     249.2  	     259.2  	     250.7  	     261.4  	     256.3  	     238.4  	     274.3  	     
263.8  	     253.9  	     264.2  	     255.3  	     266.8  	     262.5  	     243.5  	     279.2  	     
268.8  	     258.4  	     269.1  	     259.8  	     271.6  	     266.6  	     250.4  	     284.2  	     
273.6  	     263.6  	     274.0  	     264.8  	     277.3  	     272.0  	     253.4  	     289.4  	     
277.8  	     268.4  	     279.2  	     269.7  	     282.7  	     277.7  	     258.2  	     294.1  	     
282.6  	     272.9  	     283.9  	     274.2  	     288.0  	     282.6  	     264.7  	     298.8  	     
287.3  	     277.9  	     288.9  	     279.0  	     292.8  	     287.3  	     266.2  	     303.9  	     
291.7  	     282.6  	     293.5  	     283.4  	     297.1  	     291.7  	     272.7  	     308.3  	     
295.5  	     286.7  	     297.0  	     287.3  	     300.5  	     295.0  	     278.7  	     311.6  	     
298.4  	     289.9  	     299.7  	     290.4  	     303.4  	     298.1  	     277.4  	     314.3  	     
301.1  	     292.8  	     302.3  	     293.4  	     306.6  	     300.4  	     284.0  	     317.0  	     
303.5  	     295.3  	     304.9  	     296.1  	     309.5  	     304.0  	     287.0  	     319.5  	     
305.6  	     297.9  	     307.2  	     298.4  	     311.7  	     306.4  	     290.3  	     321.5  	     
307.1  	     299.8  	     308.7  	     300.3  	     313.1  	     308.1  	     293.3  	     323.1  	     
308.0  	     301.4  	     309.9  	     301.7  	     314.6  	     309.6  	     294.3  	     324.5  	     
309.3  	     302.7  	     311.1  	     303.2  	     316.4  	     311.4  	     296.8  	     325.9  	     
310.3  	     304.4  	     312.6  	     304.6  	     318.1  	     313.1  	     300.5  	     327.2  	     
311.3  	     305.8  	     314.0  	     306.0  	     319.6  	     314.7  	     300.1  	     328.3  	     
311.7  	     307.0  	     314.9  	     307.3  	     320.2  	     315.2  	     302.2  	     329.1  	     
312.1  	     307.9  	     315.5  	     308.1  	     320.8  	     316.1  	     303.8  	     329.5  	     
312.5  	     308.8  	     316.2  	     309.0  	     322.0  	     317.3  	     304.1  	     330.1  	     
313.1  	     309.7  	     317.2  	     310.0  	     323.4  	     318.4  	     306.3  	     330.8  	     
313.7  	     310.8  	     318.2  	     311.1  	     324.2  	     319.2  	     306.9  	     331.5  	     
314.3  	     312.1  	     319.1  	     311.9  	     324.8  	     320.0  	     308.2  	     331.9  	     
314.9  	     312.9  	     319.8  	     312.7  	     325.2  	     320.5  	     310.1  	     332.2  	     
315.3  	     313.7  	     320.3  	     313.6  	     325.7  	     321.1  	     310.5  	     332.3  	     
315.6  	     314.3  	     321.0  	     314.4  	     326.2  	     322.3  	     311.8  	     332.4  	     
316.2  	     315.2  	     321.6  	     315.2  	     326.8  	     321.7  	     312.8  	     332.7  	     
316.7  	     315.7  	     322.3  	     315.8  	     327.3  	     322.8  	     313.6  	     332.8  	     
316.7  	     316.0  	     322.4  	     316.0  	     327.2  	     322.9  	     314.0  	     332.9  	     
316.9  	     316.4  	     322.5  	     316.5  	     327.1  	     322.9  	     314.6  	     332.7  	     
317.2  	     316.9  	     323.1  	     317.1  	     327.8  	     323.6  	     315.4  	     332.8  	     
318.1  	     317.6  	     324.0  	     318.0  	     329.5  	     324.9  	     316.4  	     333.5  	     
319.5  	     318.9  	     325.9  	     319.4  	     331.7  	     326.9  	     318.4  	     334.9  	     
321.3  	     320.8  	     328.1  	     321.4  	     333.9  	     328.8  	     319.8  	     336.8  	     
323.6  	     322.8  	     330.6  	     323.6  	     336.0  	     330.8  	     322.3  	     338.8  	     
325.9  	     325.0  	     332.8  	     326.0  	     337.4  	     332.4  	     324.1  	     340.4  	     
328.0  	     327.4  	     334.9  	     328.0  	     338.9  	     334.5  	     326.4  	     342.0  	     
329.8  	     329.1  	     336.7  	     330.0  	     340.3  	     335.3  	     328.4  	     343.3  	     
331.5  	     331.0  	     338.3  	     331.8  	     341.5  	     336.7  	     330.4  	     344.7  	     
333.2  	     332.7  	     339.8  	     333.4  	     342.8  	     338.1  	     332.6  	     345.9  	     
334.6  	     334.1  	     341.1  	     334.8  	     343.8  	     339.2  	     333.3  	     347.2  	     
336.2  	     335.5  	     342.3  	     336.2  	     344.7  	     339.6  	     335.3  	     348.2  	     
337.4  	     336.7  	     343.2  	     337.4  	     345.7  	     341.3  	     336.7  	     349.1  	     
338.4  	     337.6  	     344.0  	     338.3  	     346.1  	     341.9  	     338.5  	     349.7  	     
338.9  	     338.5  	     344.7  	     339.2  	     346.5  	     342.5  	     338.7  	     350.2  	     
339.7  	     339.2  	     345.2  	     340.0  	     347.3  	     342.8  	     339.5  	     350.5  	     
340.2  	     339.8  	     345.7  	     340.6  	     347.7  	     343.7  	     340.6  	     351.1  	     
341.0  	     340.5  	     346.3  	     341.1  	     348.4  	     344.3  	     341.0  	     351.5  	     
341.5  	     341.1  	     346.8  	     341.8  	     348.8  	     345.1  	     342.1  	     351.9  	     
342.1  	     341.8  	     347.4  	     342.4  	     349.3  	     345.4  	     342.6  	     352.3  	     
342.9  	     342.5  	     347.9  	     343.1  	     349.8  	     346.0  	     343.2  	     352.6  	     
343.1  	     343.0  	     348.0  	     343.5  	     349.4  	     345.6  	     344.2  	     352.4  	     
343.1  	     343.1  	     347.9  	     343.6  	     349.3  	     345.8  	     343.9  	     352.3  	     
343.4  	     343.2  	     348.0  	     343.9  	     349.7  	     346.1  	     344.6  	     352.1  	     
343.8  	     343.7  	     348.4  	     344.3  	     350.3  	     346.6  	     344.7  	     352.4  	     
344.1  	     344.1  	     348.8  	     344.6  	     350.7  	     347.0  	     345.0  	     352.8  	     
344.6  	     344.4  	     349.2  	     345.0  	     350.9  	     347.3  	     345.9  	     352.9  	     
345.0  	     345.0  	     349.6  	     345.6  	     351.2  	     347.6  	     345.8  	     353.1  	     
345.2  	     345.5  	     350.0  	     346.0  	     351.3  	     347.9  	     346.3  	     353.3  	     
345.4  	     345.5  	     349.8  	     346.3  	     350.8  	     347.5  	     346.9  	     352.8  	     
345.4  	     345.7  	     349.8  	     346.3  	     350.7  	     347.6  	     346.4  	     352.7  	     
345.8  	     345.8  	     350.0  	     346.6  	     351.3  	     347.0  	     346.8  	     352.7  	     
346.1  	     345.9  	     350.2  	     346.7  	     351.6  	     348.1  	     347.4  	     352.9  	     
346.3  	     346.3  	     350.6  	     347.1  	     351.9  	     349.1  	     347.3  	     353.0  	     
346.4  	     346.4  	     350.8  	     347.1  	     352.0  	     348.4  	     347.4  	     353.0  	     
346.7  	     346.6  	     350.9  	     347.4  	     352.2  	     348.6  	     348.1  	     353.1  	     
346.6  	     346.7  	     350.7  	     347.5  	     351.2  	     347.9  	     347.8  	     352.8  	     
346.6  	     346.5  	     350.3  	     347.3  	     350.9  	     347.7  	     347.4  	     352.3  	     
346.5  	     346.4  	     350.2  	     347.3  	     351.2  	     347.2  	     348.0  	     352.2  	     
346.5  	     346.5  	     350.4  	     347.4  	     351.5  	     348.2  	     347.6  	     352.2  	     
346.9  	     346.7  	     350.6  	     347.7  	     351.7  	     348.4  	     348.2  	     352.2  	     
347.3  	     347.0  	     350.8  	     347.9  	     351.9  	     348.4  	     348.4  	     352.3  	     
347.6  	     347.2  	     351.0  	     348.0  	     351.7  	     348.4  	     348.1  	     352.2  	     
347.9  	     347.4  	     351.0  	     348.2  	     352.0  	     348.6  	     350.3  	     352.3  	     
348.1  	     347.4  	     351.2  	     348.4  	     352.0  	     348.8  	     348.9  	     352.4  	     
348.1  	     347.7  	     351.2  	     348.5  	     351.6  	     348.6  	     348.7  	     352.2  	     
347.9  	     347.6  	     351.0  	     348.4  	     351.0  	     348.1  	     348.9  	     351.8  	     
347.6  	     347.3  	     350.7  	     348.3  	     351.2  	     348.1  	     348.6  	     351.6  	     
347.7  	     347.3  	     350.8  	     348.4  	     351.5  	     348.3  	     350.2  	     351.6  	     
347.7  	     347.4  	     350.8  	     348.5  	     351.7  	     348.6  	     349.0  	     351.9  	     
348.0  	     347.7  	     351.1  	     348.6  	     351.6  	     348.5  	     348.5  	     351.7  	     
348.0  	     347.7  	     350.9  	     348.6  	     351.1  	     348.1  	     350.7  	     351.6  	     
347.9  	     347.7  	     350.9  	     348.6  	     351.2  	     348.2  	     349.0  	     351.3  	     
348.1  	     347.7  	     350.9  	     348.6  	     351.3  	     348.3  	     348.4  	     351.4  	     
348.3  	     347.8  	     351.0  	     348.7  	     351.5  	     348.4  	     349.1  	     351.5  	     
348.4  	     347.8  	     351.2  	     348.9  	     351.6  	     348.6  	     349.3  	     351.6  	     
348.7  	     348.1  	     351.4  	     349.0  	     351.9  	     347.6  	     349.0  	     351.7  	     
348.7  	     348.3  	     351.5  	     349.2  	     351.9  	     348.7  	     349.7  	     351.8  	     
348.7  	     348.2  	     351.2  	     349.2  	     351.2  	     348.3  	     348.9  	     351.6  	     
348.5  	     348.0  	     351.0  	     349.1  	     351.1  	     348.2  	     352.6  	     351.3  	     
348.5  	     348.0  	     351.0  	     349.1  	     351.3  	     348.3  	     349.4  	     351.4  	     
348.7  	     348.0  	     351.2  	     349.2  	     351.5  	     348.6  	     349.4  	     351.4  	     
348.8  	     348.2  	     351.4  	     349.2  	     351.9  	     348.8  	     351.9  	     351.6  	     
349.1  	     348.3  	     351.5  	     349.4  	     351.7  	     348.8  	     349.9  	     351.7  	     
349.0  	     348.4  	     351.4  	     349.4  	     351.0  	     348.2  	     349.2  	     351.4  	     
349.0  	     348.1  	     351.1  	     349.3  	     351.1  	     348.2  	     349.7  	     351.2  	     
349.0  	     348.2  	     351.1  	     349.3  	     351.4  	     348.9  	     346.9  	     351.2  	     
349.0  	     348.3  	     351.2  	     349.3  	     351.7  	     347.5  	     349.0  	     351.2  	     
349.5  	     348.1  	     351.4  	     349.6  	     351.7  	     348.7  	     349.9  	     351.5  	     
349.6  	     348.4  	     351.5  	     349.8  	     352.0  	     348.8  	     350.1  	     351.7  	     
349.7  	     348.4  	     351.5  	     349.8  	     351.6  	     348.6  	     353.1  	     351.6  	     
349.4  	     348.4  	     351.3  	     349.8  	     351.5  	     348.5  	     350.0  	     351.3  	     
349.8  	     348.4  	     351.4  	     349.8  	     351.6  	     348.8  	     349.8  	     351.4  	     
349.7  	     348.5  	     351.4  	     349.8  	     351.7  	     348.7  	     352.7  	     351.5  	     
349.9  	     348.6  	     351.5  	     349.8  	     352.0  	     349.0  	     350.2  	     351.7  	     
350.1  	     348.7  	     351.8  	     349.9  	     352.1  	     349.1  	     349.9  	     351.9  	     
350.2  	     348.9  	     351.9  	     350.1  	     352.0  	     348.9  	     350.4  	     351.8  	     
349.9  	     348.7  	     351.5  	     349.8  	     351.1  	     348.4  	     350.2  	     351.3  	     
349.7  	     348.4  	     351.3  	     349.7  	     351.3  	     348.4  	     350.2  	     351.2  	     
349.8  	     348.4  	     351.3  	     349.7  	     351.5  	     348.7  	     350.2  	     351.4  	     
349.9  	     348.4  	     351.4  	     349.7  	     351.7  	     348.9  	     350.3  	     351.5  	     
350.2  	     348.5  	     351.6  	     349.9  	     351.9  	     349.0  	     353.9  	     351.6  	     
350.2  	     348.7  	     351.6  	     350.0  	     352.1  	     349.1  	     349.1  	     351.7  	     
350.2  	     349.0  	     352.0  	     350.3  	     352.1  	     349.1  	     350.4  	     351.7  	     
350.4  	     349.0  	     352.0  	     350.2  	     352.2  	     349.2  	     352.0  	     351.9  	     
350.7  	     349.2  	     352.2  	     350.3  	     352.3  	     349.3  	     349.2  	     352.1  	     
350.8  	     349.3  	     352.1  	     350.5  	     352.4  	     349.0  	     350.5  	     352.1  	     
350.8  	     349.5  	     352.3  	     350.5  	     352.4  	     349.6  	     350.8  	     352.3  	     
350.8  	     349.4  	     352.3  	     350.6  	     352.1  	     349.3  	     351.2  	     352.1  	     
350.6  	     349.3  	     352.2  	     350.5  	     352.1  	     349.2  	     353.5  	     352.1  	     
350.7  	     349.4  	     351.9  	     350.4  	     352.1  	     350.7  	     348.0  	     352.1  	     
350.7  	     349.3  	     352.1  	     350.4  	     352.3  	     349.4  	     350.6  	     352.0  	     
350.7  	     349.4  	     352.2  	     350.5  	     352.5  	     349.5  	     354.5  	     352.2  	     
350.8  	     349.5  	     352.2  	     350.6  	     352.4  	     349.6  	     350.2  	     352.3  	     
350.6  	     349.4  	     352.0  	     350.6  	     351.9  	     349.3  	     351.0  	     352.0  	     
350.7  	     349.3  	     351.7  	     350.3  	     351.7  	     349.2  	     354.6  	     351.7  	     
350.7  	     349.2  	     351.9  	     350.3  	     352.0  	     349.4  	     350.1  	     351.8  	     
350.7  	     349.3  	     352.0  	     350.3  	     352.1  	     349.4  	     351.2  	     351.9  	     
350.6  	     349.3  	     352.1  	     350.4  	     352.3  	     349.6  	     350.6  	     352.1  	     
350.7  	     349.3  	     352.0  	     350.4  	     351.9  	     349.2  	     348.1  	     351.9  	     
350.7  	     349.2  	     351.8  	     350.2  	     351.6  	     348.9  	     350.6  	     351.6  	     
350.7  	     349.0  	     351.5  	     350.3  	     351.9  	     349.1  	     350.4  	     351.7  	     
350.6  	     349.1  	     351.7  	     350.3  	     352.1  	     350.3  	     350.6  	     351.7  	     
350.8  	     349.1  	     351.8  	     350.2  	     352.2  	     349.1  	     350.4  	     351.8  	     
350.9  	     349.2  	     352.0  	     350.4  	     352.3  	     349.3  	     350.4  	     351.9  	     
350.9  	     349.2  	     352.1  	     350.4  	     352.3  	     349.3  	     351.3  	     352.1  	     
351.0  	     349.3  	     352.2  	     350.6  	     352.3  	     349.4  	     350.7  	     352.1  	     
351.0  	     349.5  	     352.4  	     350.6  	     352.4  	     349.4  	     348.7  	     352.2  	     
351.0  	     349.4  	     352.2  	     350.6  	     352.0  	     349.4  	     350.9  	     352.1  	     
351.0  	     349.3  	     352.0  	     350.5  	     352.1  	     349.4  	     350.9  	     352.0  	     
351.0  	     349.3  	     352.1  	     350.6  	     352.2  	     349.8  	     350.5  	     351.9  	     
351.0  	     349.4  	     352.2  	     350.6  	     352.3  	     349.6  	     350.7  	     352.1  	     
351.2  	     349.5  	     352.3  	     350.7  	     352.5  	     350.0  	     350.6  	     352.2  	     
351.2  	     349.5  	     352.4  	     350.8  	     352.4  	     349.6  	     351.8  	     352.1  	     
350.9  	     349.5  	     352.0  	     350.7  	     351.7  	     349.0  	     350.9  	     351.8  	     
350.7  	     349.4  	     351.9  	     350.5  	     351.7  	     349.1  	     349.7  	     351.7  	     
350.8  	     349.3  	     351.9  	     350.4  	     352.0  	     349.3  	     350.8  	     351.7  	     
350.7  	     349.2  	     351.9  	     350.4  	     352.2  	     349.4  	     350.7  	     351.7  	     
350.8  	     349.4  	     352.1  	     350.6  	     352.3  	     349.6  	     349.4  	     352.0  	     
350.9  	     349.5  	     352.2  	     350.6  	     352.3  	     349.6  	     350.7  	     352.2  	     
351.1  	     349.5  	     352.2  	     350.6  	     352.4  	     349.6  	     351.1  	     352.2  	     
351.3  	     349.5  	     352.2  	     350.8  	     352.4  	     349.8  	     348.5  	     352.2  	     
351.2  	     349.7  	     352.3  	     350.8  	     352.5  	     349.8  	     351.1  	     352.2  	     
351.2  	     349.7  	     352.5  	     351.0  	     352.6  	     350.0  	     351.0  	     352.3  	     
351.2  	     349.7  	     352.3  	     350.8  	     352.0  	     349.4  	     351.6  	     352.1  	     
351.1  	     349.4  	     351.9  	     350.7  	     352.0  	     349.4  	     351.2  	     351.9  	     
351.1  	     349.3  	     352.0  	     350.6  	     352.2  	     349.6  	     351.1  	     351.9  	     
351.1  	     349.4  	     352.0  	     350.5  	     352.3  	     349.5  	     351.3  	     352.0  	     
351.2  	     349.5  	     352.2  	     350.7  	     352.5  	     349.8  	     351.0  	     352.1  	     
351.1  	     349.5  	     352.2  	     350.7  	     352.2  	     349.4  	     351.5  	     352.2  	     
350.9  	     349.4  	     352.0  	     350.6  	     351.6  	     349.1  	     351.0  	     351.7  	     
350.9  	     349.3  	     351.7  	     350.6  	     351.7  	     349.2  	     350.8  	     351.7  	     
350.9  	     349.3  	     351.9  	     350.4  	     352.1  	     349.3  	     351.3  	     351.8  	     
351.0  	     349.3  	     352.0  	     350.5  	     352.1  	     349.6  	     351.0  	     351.8  	     
351.1  	     349.5  	     352.2  	     350.6  	     352.4  	     349.6  	     350.8  	     352.1  	     
351.1  	     349.5  	     352.1  	     350.6  	     352.0  	     349.3  	     351.5  	     351.9  	     
350.9  	     349.2  	     351.6  	     350.5  	     351.4  	     349.0  	     351.0  	     351.6  	     
350.8  	     349.1  	     351.6  	     350.3  	     351.7  	     349.1  	     350.9  	     351.5  	     
350.8  	     349.1  	     351.6  	     350.2  	     352.0  	     349.3  	     351.1  	     351.7  	     
350.7  	     349.1  	     351.7  	     350.4  	     352.1  	     349.4  	     350.2  	     351.7  	     
351.1  	     349.3  	     352.0  	     350.5  	     352.3  	     349.4  	     355.2  	     351.9  	     
351.0  	     349.4  	     352.0  	     350.5  	     352.0  	     349.3  	     351.3  	     351.9  	     
351.0  	     349.3  	     351.9  	     350.6  	     352.0  	     349.2  	     350.8  	     351.9  	     
351.1  	     349.4  	     352.0  	     350.6  	     352.1  	     349.4  	     351.4  	     351.9  	     
351.1  	     349.4  	     352.1  	     350.6  	     352.3  	     349.5  	     351.2  	     352.0  	     
351.2  	     349.5  	     352.2  	     350.7  	     352.4  	     349.5  	     352.3  	     352.1  	     
351.2  	     349.7  	     352.1  	     350.7  	     352.0  	     349.4  	     351.8  	     351.9  	     
351.0  	     349.5  	     352.0  	     350.6  	     351.9  	     349.3  	     351.2  	     351.8  	     
350.9  	     349.5  	     352.0  	     350.5  	     352.0  	     349.4  	     351.2  	     351.7  	     
351.1  	     349.5  	     352.1  	     350.5  	     352.1  	     349.5  	     351.6  	     351.9  	     
351.1  	     349.6  	     352.1  	     350.6  	     352.3  	     349.6  	     351.8  	     352.1  	     
351.2  	     349.7  	     352.3  	     350.6  	     352.3  	     349.6  	     351.6  	     352.0  	     
350.8  	     349.6  	     352.0  	     350.5  	     351.5  	     349.0  	     351.5  	     351.8  	     
350.7  	     349.3  	     351.7  	     350.3  	     351.3  	     350.8  	     351.4  	     351.5  	     
350.7  	     349.3  	     351.7  	     350.2  	     351.7  	     349.0  	     355.0  	     351.5  	     
350.7  	     349.4  	     351.8  	     350.3  	     351.9  	     349.4  	     351.3  	     351.7  	     
350.8  	     349.3  	     351.9  	     350.3  	     352.0  	     349.1  	     351.2  	     351.6  	     
350.9  	     349.3  	     351.9  	     350.4  	     352.1  	     349.6  	     351.4  	     351.7  	     
350.9  	     349.5  	     351.9  	     350.4  	     351.1  	     350.3  	     354.0  	     351.6  	     
350.1  	     349.0  	     350.8  	     349.9  	     349.6  	     349.4  	     350.8  	     350.4  	     
349.2  	     348.1  	     349.7  	     349.1  	     348.9  	     346.9  	     349.3  	     349.3  	     
348.2  	     347.2  	     348.8  	     348.1  	     347.5  	     345.6  	     349.0  	     348.1  	     
346.5  	     345.9  	     346.9  	     346.7  	     345.3  	     343.6  	     344.7  	     346.1  	     
344.6  	     344.2  	     345.0  	     345.1  	     343.6  	     342.1  	     345.9  	     343.9  	     
342.6  	     342.3  	     342.8  	     343.2  	     341.6  	     340.2  	     345.3  	     341.8  	     
340.4  	     340.3  	     340.6  	     341.1  	     338.8  	     337.8  	     342.3  	     339.3  	     
337.9  	     337.8  	     338.1  	     338.9  	     336.4  	     335.5  	     340.4  	     336.5  	     
335.1  	     335.2  	     335.5  	     336.4  	     333.7  	     332.8  	     338.0  	     333.5  	     
332.2  	     332.4  	     332.4  	     333.8  	     330.7  	     330.0  	     336.2  	     330.1  	     
329.2  	     329.8  	     329.7  	     331.1  	     327.8  	     327.3  	     332.9  	     326.9  	     
326.0  	     326.8  	     326.5  	     328.2  	     324.7  	     324.2  	     330.6  	     323.3  	     
322.8  	     324.0  	     323.4  	     325.2  	     321.8  	     321.4  	     327.5  	     319.9  	     
319.8  	     321.1  	     320.4  	     322.2  	     318.6  	     318.4  	     324.9  	     316.5  	     
319.4  	     320.8  	     320.2  	     321.9  	     318.2  	     319.3  	     324.9  	     316.3  	     
316.0  	     317.5  	     316.7  	     318.8  	     314.8  	     314.7  	     321.8  	     312.4  	     
312.5  	     314.4  	     313.2  	     315.6  	     311.1  	     311.1  	     317.8  	     308.1  	     
309.0  	     310.9  	     309.5  	     312.1  	     307.5  	     307.7  	     315.5  	     304.0  	     
305.0  	     307.4  	     305.8  	     308.5  	     303.5  	     303.9  	     312.3  	     299.8  	     
301.2  	     303.9  	     301.8  	     304.9  	     300.0  	     300.2  	     309.6  	     295.7  	     
297.1  	     300.0  	     298.2  	     301.2  	     295.9  	     296.1  	     305.2  	     291.4  	     
293.3  	     296.0  	     294.1  	     297.4  	     291.6  	     293.2  	     301.6  	     287.0  	     
289.3  	     292.2  	     290.3  	     293.6  	     287.7  	     288.2  	     298.8  	     282.3  	     
284.9  	     288.1  	     286.2  	     289.5  	     283.5  	     284.0  	     294.4  	     277.6  	     
280.9  	     284.2  	     281.9  	     285.6  	     279.0  	     279.8  	     289.1  	     273.0  	     
276.4  	     280.2  	     277.8  	     281.6  	     274.8  	     275.6  	     286.7  	     268.5  	     
272.6  	     276.2  	     273.6  	     277.6  	     270.7  	     272.6  	     282.7  	     263.9  	     
268.1  	     272.3  	     269.6  	     273.4  	     266.1  	     267.0  	     277.7  	     259.0  	     
263.9  	     268.0  	     265.3  	     269.3  	     262.0  	     262.9  	     274.7  	     254.4  	     
259.6  	     263.6  	     261.1  	     265.0  	     257.5  	     258.4  	     270.8  	     249.9  	     
255.5  	     259.6  	     256.9  	     260.9  	     253.2  	     254.1  	     266.8  	     245.3  	     
251.0  	     255.5  	     252.7  	     256.6  	     248.9  	     249.9  	     262.8  	     241.2  	     
246.8  	     251.2  	     248.6  	     252.6  	     244.6  	     245.7  	     256.3  	     237.0  	     
242.4  	     246.8  	     244.3  	     248.5  	     240.4  	     241.5  	     254.6  	     232.5  	     
238.3  	     242.3  	     240.0  	     244.4  	     236.1  	     237.3  	     250.8  	     227.8  	     
234.2  	     238.2  	     235.9  	     240.1  	     232.2  	     233.3  	     247.3  	     223.6  	     
229.9  	     234.3  	     231.8  	     236.4  	     228.3  	     229.1  	     242.9  	     219.4  	     
226.0  	     230.1  	     227.9  	     232.5  	     224.2  	     225.2  	     238.4  	     215.3  	     
222.5  	     226.1  	     224.1  	     228.6  	     220.6  	     221.6  	     235.7  	     211.7  	     
218.7  	     222.5  	     220.5  	     224.7  	     216.7  	     217.7  	     232.0  	     208.0  	     
215.0  	     218.7  	     217.0  	     221.2  	     213.0  	     214.0  	     228.6  	     204.6  	     
211.5  	     215.1  	     213.4  	     217.6  	     209.4  	     210.3  	     225.5  	     201.1  	     
208.4  	     211.8  	     210.3  	     214.3  	     205.9  	     206.9  	     222.7  	     197.7  	     
205.1  	     208.0  	     206.8  	     210.9  	     202.6  	     203.5  	     222.9  	     194.3  	     
201.8  	     204.8  	     203.7  	     207.6  	     199.5  	     200.3  	     215.0  	     191.3  	     
198.8  	     201.6  	     200.4  	     204.4  	     196.1  	     196.9  	     212.8  	     188.1  	     
196.1  	     198.5  	     197.7  	     201.3  	     193.2  	     194.0  	     209.5  	     185.3  	     
193.0  	     195.3  	     194.7  	     198.5  	     190.2  	     191.0  	     204.9  	     182.4  	     
190.2  	     192.5  	     191.7  	     195.8  	     187.8  	     188.3  	     204.6  	     179.5  	     
187.6  	     189.8  	     189.1  	     193.0  	     184.9  	     185.5  	     200.6  	     177.0  	     
185.1  	     187.1  	     186.5  	     190.4  	     182.3  	     182.8  	     198.0  	     174.6  	     
182.7  	     184.6  	     183.8  	     187.9  	     179.8  	     180.1  	     195.9  	     172.2  	     
180.1  	     182.3  	     181.4  	     185.4  	     177.2  	     177.6  	     193.9  	     169.8  	     
177.8  	     179.8  	     179.0  	     182.9  	     175.0  	     174.9  	     190.9  	     167.6  	     
175.6  	     177.4  	     176.7  	     180.5  	     172.6  	     173.0  	     189.0  	     165.5  	     
173.4  	     175.0  	     174.4  	     178.3  	     170.2  	     170.7  	     185.9  	     163.5  	     
171.4  	     172.8  	     172.3  	     176.1  	     168.1  	     168.5  	     183.9  	     161.7  	     
169.3  	     170.9  	     170.2  	     174.0  	     166.0  	     166.5  	     182.1  	     159.7  	     
167.6  	     168.9  	     168.1  	     171.9  	     164.2  	     164.6  	     180.0  	     158.1  	     
165.8  	     166.8  	     166.2  	     170.0  	     162.4  	     162.5  	     177.6  	     156.4  	     
163.9  	     164.9  	     164.1  	     168.1  	     160.4  	     161.1  	     175.0  	     154.7  	     
162.2  	     163.0  	     162.3  	     166.2  	     158.7  	     159.0  	     174.0  	     153.2  	     
160.4  	     161.2  	     160.6  	     164.4  	     157.0  	     158.3  	     172.4  	     151.7  	     
158.7  	     159.6  	     158.9  	     162.8  	     155.4  	     155.7  	     172.8  	     150.2  	     
157.1  	     157.9  	     157.3  	     161.1  	     153.8  	     154.1  	     168.7  	     148.9  	     
155.6  	     156.4  	     155.8  	     159.4  	     152.3  	     152.5  	     166.4  	     147.5  	     
154.3  	     154.8  	     154.1  	     157.8  	     150.9  	     151.1  	     165.8  	     146.2  	     
152.8  	     153.2  	     152.8  	     156.4  	     149.4  	     149.7  	     162.7  	     145.0  	     
151.6  	     151.8  	     151.3  	     154.8  	     148.0  	     148.3  	     161.6  	     143.7  	     
150.3  	     150.4  	     150.0  	     153.5  	     146.7  	     147.0  	     160.6  	     142.5  	     
149.1  	     149.1  	     148.7  	     152.1  	     145.6  	     145.8  	     159.2  	     141.4  	     
147.8  	     147.6  	     147.4  	     150.8  	     144.3  	     144.6  	     157.5  	     140.3  	     
146.7  	     146.5  	     146.2  	     149.5  	     143.1  	     143.2  	     155.8  	     139.3  	     
145.6  	     145.2  	     144.8  	     148.2  	     142.1  	     142.2  	     154.4  	     138.3  	     
144.2  	     144.1  	     143.8  	     147.1  	     140.9  	     141.1  	     154.1  	     137.3  	     
143.3  	     143.0  	     142.7  	     145.9  	     139.9  	     140.1  	     149.6  	     136.4  	     
142.2  	     142.0  	     141.6  	     144.7  	     138.9  	     139.2  	     150.6  	     135.5  	     
141.4  	     140.9  	     140.6  	     143.6  	     137.9  	     138.2  	     150.0  	     134.7  	     
140.3  	     140.0  	     139.6  	     142.6  	     136.9  	     137.3  	     149.4  	     133.9  	     
139.4  	     139.1  	     138.7  	     141.7  	     136.0  	     136.3  	     151.0  	     133.1  	     
138.5  	     138.1  	     137.8  	     140.7  	     135.1  	     135.5  	     146.9  	     132.4  	     
137.8  	     137.1  	     136.9  	     139.8  	     134.4  	     134.6  	     145.4  	     131.7  	     
136.9  	     136.2  	     135.9  	     138.8  	     133.6  	     133.7  	     145.3  	     131.1  	     
136.2  	     135.5  	     135.1  	     137.9  	     132.8  	     133.2  	     143.7  	     130.4  	     
135.3  	     134.8  	     134.3  	     137.0  	     132.2  	     132.4  	     142.0  	     129.8  	     
134.5  	     134.0  	     133.6  	     136.3  	     131.5  	     131.7  	     142.1  	     129.2  	     
133.8  	     133.2  	     132.8  	     135.6  	     130.8  	     132.0  	     141.4  	     128.6  	     
133.1  	     132.3  	     132.1  	     134.8  	     130.1  	     130.4  	     141.2  	     128.0  	     
132.3  	     131.7  	     131.5  	     134.0  	     129.5  	     129.8  	     138.8  	     127.3  	     
131.8  	     130.9  	     130.8  	     133.2  	     128.9  	     129.0  	     138.5  	     126.9  	     
131.1  	     130.4  	     130.1  	     132.7  	     128.3  	     128.5  	     139.1  	     126.4  	     
130.6  	     129.8  	     129.5  	     132.0  	     127.8  	     127.9  	     135.2  	     125.9  	     
130.1  	     129.2  	     128.9  	     131.4  	     127.2  	     127.4  	     135.7  	     125.3  	     
129.4  	     128.5  	     128.4  	     130.8  	     126.6  	     126.8  	     135.3  	     125.0  	     
128.8  	     128.0  	     127.8  	     130.1  	     126.1  	     126.4  	     135.2  	     124.5  	     
128.3  	     127.5  	     127.3  	     129.6  	     125.6  	     125.8  	     135.0  	     124.1  	     
127.7  	     126.8  	     126.8  	     128.9  	     125.2  	     125.5  	     132.9  	     123.6  	     
127.2  	     126.3  	     126.3  	     128.4  	     124.7  	     124.9  	     133.1  	     123.2  	     
126.7  	     125.8  	     125.8  	     127.9  	     124.2  	     124.4  	     135.7  	     122.8  	     
126.3  	     125.3  	     125.2  	     127.4  	     123.8  	     123.9  	     130.4  	     122.3  	     
125.8  	     124.7  	     124.7  	     126.9  	     123.4  	     123.5  	     130.3  	     122.0  	     
125.4  	     124.3  	     124.1  	     126.5  	     123.0  	     123.2  	     130.7  	     121.6  	     
125.0  	     123.9  	     123.9  	     126.0  	     122.7  	     122.9  	     126.7  	     121.3  	     
125.1  	     123.8  	     123.8  	     126.2  	     122.8  	     122.7  	     128.6  	     121.3  	     
124.4  	     123.1  	     123.0  	     125.3  	     121.3  	     121.6  	     128.5  	     120.5  	     
123.1  	     122.2  	     121.8  	     124.3  	     120.1  	     121.2  	     127.2  	     119.3  	     
122.2  	     121.3  	     120.7  	     123.1  	     119.1  	     119.5  	     126.7  	     117.9  	     
121.1  	     120.2  	     119.4  	     121.7  	     117.7  	     118.4  	     124.9  	     116.6  	     
119.9  	     119.0  	     118.0  	     120.6  	     116.4  	     117.4  	     123.7  	     115.2  	     
118.7  	     117.9  	     116.8  	     119.2  	     115.3  	     116.1  	     122.9  	     114.2  	     
117.5  	     116.6  	     115.5  	     118.1  	     114.5  	     115.3  	     120.4  	     113.0  	     
116.6  	     115.8  	     114.5  	     117.0  	     113.6  	     114.5  	     119.9  	     111.9  	     
115.8  	     114.9  	     113.7  	     115.9  	     113.0  	     113.6  	     119.7  	     111.0  	     
115.1  	     114.3  	     112.9  	     115.4  	     112.6  	     113.2  	     118.2  	     110.3  	     
114.4  	     113.7  	     112.5  	     114.8  	     112.1  	     112.7  	     117.6  	     109.6  	     
114.4  	     113.8  	     112.4  	     114.7  	     112.1  	     112.6  	     117.6  	     109.5  	     