
G32-PTC5  	G32-PTC6  	G32-PTC13  	G32-PTC21  	G32-PTC26  	G32-PTC33  	G32-PTC38  	G32-PTC41  	
Deg.F  	     Deg.F  	     Deg.F  	     Deg.F  	     Deg.F  	     Deg.F  	     Deg.F  	     Deg.F  	     
69.8  	     70.3  	     73.1  	     71.4  	     70.4  	     70.6  	     71.5  	     72.6  	     
69.8  	     70.3  	     73.1  	     71.4  	     70.4  	     70.6  	     71.5  	     72.6  	     
69.8  	     70.3  	     73.1  	     71.4  	     70.4  	     70.6  	     71.5  	     72.6  	     
69.8  	     70.3  	     73.1  	     71.4  	     70.4  	     70.6  	     71.5  	     72.6  	     
69.9  	     70.9  	     73.2  	     71.8  	     70.6  	     71.1  	     71.5  	     72.7  	     
70.1  	     71.3  	     73.5  	     72.4  	     70.9  	     71.5  	     71.6  	     73.2  	     
70.4  	     72.0  	     73.9  	     73.3  	     71.1  	     72.1  	     71.8  	     73.9  	     
70.7  	     73.1  	     74.5  	     74.5  	     71.4  	     73.0  	     72.0  	     74.6  	     
71.1  	     74.1  	     75.2  	     76.0  	     71.8  	     74.2  	     72.3  	     75.5  	     
71.7  	     75.4  	     76.0  	     78.0  	     72.6  	     76.0  	     72.6  	     76.9  	     
72.4  	     77.1  	     77.5  	     80.1  	     73.3  	     78.0  	     73.2  	     78.4  	     
72.5  	     77.3  	     77.7  	     80.5  	     73.4  	     78.5  	     73.4  	     78.8  	     
73.2  	     78.7  	     79.3  	     82.4  	     74.1  	     80.4  	     73.9  	     80.4  	     
74.0  	     80.6  	     81.5  	     84.9  	     75.0  	     83.2  	     74.7  	     82.5  	     
74.9  	     83.1  	     83.5  	     87.8  	     76.1  	     86.1  	     75.9  	     84.9  	     
76.1  	     85.5  	     85.7  	     90.7  	     77.3  	     89.2  	     77.0  	     87.6  	     
77.2  	     88.4  	     87.8  	     93.7  	     78.5  	     92.4  	     78.3  	     90.2  	     
78.5  	     91.3  	     90.2  	     97.0  	     79.9  	     96.1  	     79.8  	     93.1  	     
79.8  	     94.0  	     92.8  	     100.3  	     81.4  	     99.8  	     81.4  	     96.1  	     
81.2  	     97.3  	     95.8  	     103.9  	     83.1  	     103.9  	     83.1  	     99.1  	     
82.7  	     100.4  	     98.7  	     107.3  	     84.7  	     107.7  	     85.1  	     102.3  	     
84.3  	     103.7  	     101.5  	     110.9  	     87.4  	     111.8  	     87.0  	     105.7  	     
86.2  	     107.2  	     104.8  	     114.7  	     89.1  	     116.0  	     89.1  	     109.0  	     
88.1  	     111.0  	     108.1  	     118.5  	     91.8  	     120.3  	     91.5  	     112.6  	     
90.0  	     114.7  	     111.4  	     122.5  	     94.5  	     124.5  	     94.1  	     116.2  	     
92.1  	     118.6  	     114.8  	     126.4  	     97.3  	     128.7  	     96.7  	     120.1  	     
94.2  	     122.7  	     118.4  	     130.5  	     99.1  	     133.2  	     99.6  	     124.0  	     
96.5  	     126.7  	     122.0  	     134.6  	     101.8  	     137.8  	     102.4  	     128.1  	     
98.9  	     131.2  	     125.6  	     138.9  	     103.3  	     142.6  	     105.4  	     132.0  	     
101.3  	     135.0  	     129.3  	     143.0  	     108.7  	     147.3  	     108.7  	     136.2  	     
103.9  	     139.6  	     133.1  	     147.4  	     109.6  	     152.2  	     111.8  	     140.2  	     
106.8  	     144.1  	     137.1  	     151.8  	     112.2  	     156.8  	     115.3  	     144.5  	     
109.4  	     149.0  	     140.9  	     156.2  	     118.2  	     161.9  	     118.4  	     148.8  	     
112.5  	     153.4  	     145.0  	     160.5  	     123.0  	     166.6  	     122.1  	     153.5  	     
115.2  	     158.0  	     149.1  	     165.2  	     126.3  	     171.3  	     125.8  	     158.0  	     
118.6  	     162.6  	     153.3  	     169.6  	     128.4  	     176.2  	     129.9  	     162.4  	     
121.7  	     167.4  	     157.2  	     174.1  	     130.5  	     180.9  	     133.9  	     167.0  	     
125.1  	     172.0  	     161.1  	     178.5  	     135.7  	     185.9  	     137.8  	     171.5  	     
128.6  	     176.2  	     164.7  	     183.0  	     137.1  	     190.4  	     142.1  	     175.7  	     
132.2  	     180.9  	     168.4  	     187.3  	     141.7  	     194.7  	     146.0  	     180.0  	     
135.7  	     185.3  	     173.4  	     191.7  	     148.2  	     199.4  	     150.1  	     184.3  	     
139.4  	     189.3  	     178.0  	     196.0  	     152.1  	     203.4  	     154.2  	     188.7  	     
143.2  	     193.8  	     182.7  	     200.4  	     156.1  	     208.1  	     158.4  	     193.2  	     
146.8  	     197.9  	     187.4  	     204.8  	     159.8  	     212.8  	     162.6  	     197.5  	     
150.4  	     202.0  	     191.6  	     209.0  	     163.2  	     216.9  	     166.7  	     201.9  	     
154.4  	     206.4  	     196.2  	     213.5  	     166.9  	     221.4  	     171.0  	     206.5  	     
158.2  	     211.4  	     200.6  	     217.6  	     171.2  	     226.0  	     175.2  	     210.9  	     
162.0  	     214.4  	     205.3  	     221.9  	     175.1  	     230.0  	     179.4  	     215.5  	     
165.8  	     219.2  	     209.8  	     226.4  	     179.0  	     234.3  	     183.9  	     219.8  	     
169.6  	     223.6  	     214.3  	     230.7  	     182.3  	     238.6  	     188.2  	     224.2  	     
173.5  	     227.3  	     218.9  	     235.1  	     186.0  	     242.9  	     192.6  	     228.5  	     
177.6  	     231.6  	     223.4  	     239.5  	     190.0  	     247.4  	     197.2  	     232.9  	     
181.5  	     236.1  	     227.8  	     243.6  	     194.1  	     251.5  	     201.4  	     237.4  	     
185.4  	     239.5  	     232.4  	     248.0  	     197.4  	     255.8  	     205.9  	     241.8  	     
189.6  	     243.7  	     236.8  	     252.3  	     201.9  	     259.9  	     210.4  	     246.1  	     
193.4  	     247.6  	     241.1  	     256.6  	     205.4  	     264.5  	     214.8  	     250.6  	     
197.6  	     251.7  	     245.7  	     260.9  	     210.3  	     268.8  	     219.5  	     255.0  	     
201.7  	     256.6  	     250.3  	     265.2  	     214.4  	     273.1  	     224.0  	     259.5  	     
206.0  	     260.0  	     254.9  	     269.4  	     218.3  	     277.1  	     228.6  	     263.8  	     
210.3  	     264.0  	     259.6  	     273.8  	     222.9  	     281.5  	     233.3  	     268.1  	     
214.4  	     267.6  	     263.9  	     278.2  	     227.7  	     285.6  	     237.9  	     272.5  	     
218.7  	     272.1  	     268.3  	     282.7  	     231.7  	     289.8  	     242.6  	     276.9  	     
222.7  	     275.5  	     272.9  	     287.0  	     235.8  	     293.7  	     247.3  	     281.2  	     
226.8  	     278.5  	     277.3  	     290.8  	     240.4  	     297.2  	     252.0  	     285.0  	     
231.1  	     282.2  	     281.2  	     294.0  	     244.6  	     299.9  	     256.8  	     288.5  	     
235.3  	     285.0  	     284.8  	     296.9  	     248.8  	     302.5  	     261.6  	     291.3  	     
239.0  	     287.4  	     288.1  	     299.4  	     252.3  	     304.5  	     265.7  	     294.2  	     
242.9  	     289.8  	     291.0  	     301.8  	     256.1  	     306.3  	     270.0  	     297.0  	     
246.6  	     292.2  	     293.8  	     303.9  	     259.1  	     308.1  	     274.0  	     299.2  	     
250.1  	     294.3  	     296.2  	     305.9  	     262.5  	     309.9  	     277.7  	     301.9  	     
250.1  	     294.3  	     296.2  	     305.9  	     262.5  	     309.9  	     277.7  	     301.9  	     
253.4  	     296.3  	     298.7  	     307.7  	     265.6  	     311.6  	     281.1  	     303.8  	     
256.6  	     298.8  	     300.9  	     309.8  	     268.9  	     313.3  	     284.4  	     306.0  	     
259.7  	     301.0  	     303.3  	     312.2  	     272.1  	     316.0  	     287.6  	     308.9  	     
262.8  	     303.4  	     306.1  	     315.2  	     274.9  	     318.7  	     290.8  	     311.8  	     
266.0  	     306.5  	     309.1  	     318.3  	     278.0  	     322.0  	     294.0  	     315.0  	     
269.4  	     308.6  	     312.5  	     321.3  	     281.5  	     324.8  	     297.2  	     318.4  	     
272.9  	     311.2  	     315.7  	     324.2  	     284.8  	     327.6  	     300.5  	     321.8  	     
276.2  	     313.9  	     319.0  	     326.3  	     288.1  	     329.6  	     303.7  	     324.4  	     
279.8  	     315.8  	     321.9  	     328.5  	     291.1  	     331.7  	     306.7  	     327.0  	     
283.0  	     317.7  	     324.5  	     330.3  	     294.1  	     333.3  	     309.8  	     329.6  	     
285.9  	     319.4  	     327.1  	     332.0  	     296.8  	     334.8  	     312.5  	     331.8  	     
289.0  	     321.0  	     329.1  	     333.6  	     299.5  	     336.0  	     315.2  	     333.7  	     
291.7  	     322.3  	     331.2  	     334.8  	     302.0  	     337.2  	     317.6  	     335.5  	     
294.2  	     323.7  	     333.0  	     336.0  	     304.4  	     338.4  	     319.9  	     337.4  	     
296.7  	     325.0  	     334.8  	     337.0  	     306.6  	     339.1  	     322.1  	     338.6  	     
299.0  	     326.1  	     336.3  	     338.0  	     308.5  	     339.9  	     324.1  	     339.8  	     
301.3  	     327.1  	     337.7  	     338.8  	     310.5  	     340.8  	     326.0  	     341.1  	     
303.5  	     328.1  	     339.2  	     339.7  	     312.3  	     341.2  	     327.8  	     342.2  	     
305.6  	     329.0  	     340.3  	     340.3  	     314.1  	     341.8  	     329.3  	     343.1  	     
307.7  	     329.9  	     341.3  	     341.0  	     315.9  	     342.6  	     330.9  	     343.9  	     
309.5  	     330.7  	     342.3  	     341.7  	     317.3  	     342.9  	     332.2  	     344.8  	     
311.3  	     331.3  	     343.1  	     342.3  	     318.8  	     343.4  	     333.5  	     345.3  	     
313.1  	     332.0  	     344.0  	     343.0  	     320.3  	     344.0  	     334.8  	     346.0  	     
314.8  	     332.7  	     344.7  	     343.5  	     321.6  	     344.5  	     335.9  	     346.6  	     
316.4  	     333.2  	     345.6  	     344.1  	     322.9  	     344.9  	     337.0  	     347.1  	     
318.0  	     334.0  	     346.1  	     344.6  	     324.1  	     345.8  	     338.0  	     347.5  	     
319.4  	     334.5  	     346.8  	     345.2  	     325.4  	     346.0  	     339.0  	     348.1  	     
320.7  	     335.1  	     347.3  	     345.6  	     326.6  	     346.3  	     339.7  	     348.5  	     
322.2  	     335.6  	     347.9  	     346.1  	     327.7  	     346.6  	     340.4  	     348.8  	     
323.5  	     336.2  	     348.2  	     346.5  	     328.8  	     347.0  	     341.2  	     349.2  	     
324.7  	     336.8  	     348.6  	     346.9  	     329.8  	     347.2  	     341.9  	     349.6  	     
326.0  	     337.3  	     349.0  	     347.3  	     330.8  	     347.4  	     342.4  	     349.5  	     
327.1  	     337.8  	     349.2  	     347.7  	     331.6  	     347.9  	     343.0  	     349.8  	     
328.2  	     338.2  	     349.5  	     347.9  	     332.5  	     347.8  	     343.4  	     350.0  	     
329.2  	     338.7  	     349.9  	     348.3  	     333.4  	     348.2  	     343.9  	     350.3  	     
330.1  	     339.0  	     350.1  	     348.6  	     334.2  	     348.4  	     344.3  	     350.5  	     
331.2  	     339.5  	     350.3  	     348.8  	     335.0  	     348.6  	     344.9  	     350.9  	     
332.1  	     339.5  	     350.6  	     349.1  	     335.6  	     348.7  	     345.4  	     350.9  	     
333.0  	     339.7  	     350.6  	     348.8  	     336.4  	     348.9  	     345.7  	     350.8  	     
333.8  	     340.1  	     350.8  	     348.8  	     336.9  	     348.7  	     345.9  	     350.8  	     
334.6  	     340.4  	     350.7  	     349.0  	     337.5  	     348.9  	     346.1  	     350.8  	     
335.3  	     340.5  	     350.7  	     349.1  	     338.0  	     348.9  	     346.3  	     350.9  	     
336.0  	     340.8  	     350.8  	     349.1  	     338.5  	     348.9  	     346.4  	     350.9  	     
336.7  	     341.0  	     350.7  	     349.2  	     338.9  	     348.9  	     346.5  	     350.9  	     
337.2  	     341.0  	     350.7  	     349.2  	     339.3  	     348.9  	     346.8  	     351.0  	     
337.8  	     341.2  	     350.8  	     349.3  	     339.7  	     348.8  	     347.0  	     350.8  	     
338.3  	     341.3  	     350.7  	     349.3  	     340.0  	     348.8  	     347.0  	     350.8  	     
338.8  	     341.4  	     350.6  	     349.2  	     340.4  	     348.7  	     347.0  	     350.8  	     
339.3  	     341.6  	     350.6  	     349.3  	     340.8  	     348.7  	     347.1  	     350.7  	     
339.7  	     341.7  	     350.6  	     349.4  	     341.0  	     348.9  	     347.0  	     350.7  	     
340.1  	     341.7  	     350.5  	     349.4  	     341.4  	     348.8  	     347.0  	     350.4  	     
340.3  	     341.8  	     350.5  	     349.4  	     341.6  	     348.7  	     347.0  	     350.7  	     
340.5  	     341.9  	     350.5  	     349.4  	     341.8  	     348.8  	     347.0  	     350.5  	     
340.9  	     342.1  	     350.4  	     349.5  	     341.9  	     349.0  	     347.0  	     350.7  	     
341.3  	     342.3  	     350.4  	     349.6  	     342.2  	     349.1  	     347.2  	     350.4  	     
341.6  	     342.6  	     350.6  	     349.9  	     342.5  	     349.2  	     347.1  	     350.8  	     
342.1  	     342.8  	     350.6  	     350.1  	     342.9  	     349.5  	     347.3  	     350.9  	     
342.4  	     343.0  	     350.7  	     350.1  	     343.1  	     349.6  	     347.3  	     351.1  	     
342.8  	     343.1  	     350.9  	     350.3  	     343.5  	     349.8  	     347.5  	     351.4  	     
343.1  	     343.4  	     350.9  	     350.3  	     343.7  	     349.7  	     347.5  	     351.4  	     
343.4  	     343.5  	     351.0  	     350.4  	     343.9  	     349.9  	     347.5  	     351.5  	     
343.8  	     343.8  	     351.1  	     350.5  	     344.3  	     349.9  	     347.5  	     351.6  	     
344.1  	     344.0  	     351.2  	     350.5  	     344.3  	     350.1  	     347.6  	     351.6  	     
344.4  	     344.1  	     351.2  	     350.7  	     344.7  	     350.2  	     347.7  	     351.6  	     
344.7  	     344.2  	     351.3  	     350.6  	     344.9  	     350.3  	     347.7  	     351.6  	     
344.9  	     344.3  	     351.4  	     350.7  	     345.0  	     350.1  	     347.8  	     351.7  	     
345.2  	     344.4  	     351.3  	     350.8  	     345.2  	     350.1  	     347.9  	     351.9  	     
345.4  	     344.6  	     351.5  	     350.8  	     345.4  	     350.2  	     347.9  	     352.1  	     
345.7  	     344.6  	     351.4  	     350.8  	     345.5  	     350.1  	     348.0  	     351.7  	     
345.8  	     344.8  	     351.3  	     350.8  	     345.7  	     350.2  	     348.0  	     351.8  	     
346.0  	     344.8  	     351.4  	     350.8  	     345.9  	     350.2  	     348.0  	     352.2  	     
346.2  	     344.8  	     351.5  	     350.7  	     346.0  	     350.1  	     348.0  	     352.1  	     
346.4  	     344.8  	     351.2  	     350.6  	     346.1  	     350.1  	     348.0  	     352.0  	     
346.5  	     344.9  	     351.3  	     350.6  	     346.2  	     350.1  	     348.0  	     351.9  	     
346.7  	     345.0  	     351.3  	     350.7  	     346.3  	     350.3  	     348.1  	     352.0  	     
346.9  	     345.0  	     351.3  	     350.8  	     346.4  	     349.9  	     347.9  	     352.1  	     
346.9  	     345.1  	     351.3  	     350.7  	     346.5  	     349.9  	     348.1  	     352.1  	     
347.0  	     345.2  	     351.3  	     350.7  	     346.7  	     350.1  	     347.9  	     352.2  	     
347.2  	     345.2  	     351.3  	     350.7  	     346.8  	     350.1  	     347.9  	     351.9  	     
347.3  	     345.2  	     351.3  	     350.7  	     346.9  	     350.1  	     348.0  	     352.1  	     
347.4  	     345.2  	     351.3  	     350.7  	     347.0  	     350.2  	     347.9  	     352.1  	     
347.5  	     345.4  	     351.2  	     350.7  	     347.0  	     349.9  	     348.0  	     352.2  	     
347.5  	     345.2  	     351.2  	     350.5  	     346.9  	     350.0  	     348.0  	     352.1  	     
347.6  	     345.3  	     351.3  	     350.7  	     347.0  	     349.9  	     348.0  	     352.2  	     
347.9  	     345.3  	     351.3  	     350.7  	     347.1  	     350.0  	     348.0  	     352.1  	     
347.9  	     345.3  	     351.2  	     350.5  	     347.1  	     350.0  	     347.9  	     352.2  	     
348.0  	     345.4  	     351.2  	     350.5  	     347.2  	     349.9  	     347.9  	     352.1  	     
348.1  	     345.4  	     351.2  	     350.5  	     347.2  	     349.9  	     347.9  	     352.2  	     
348.1  	     345.4  	     351.2  	     350.6  	     347.1  	     349.9  	     348.0  	     352.4  	     
348.2  	     345.5  	     351.2  	     350.5  	     347.2  	     349.9  	     347.9  	     352.5  	     
348.2  	     345.4  	     351.1  	     350.5  	     347.4  	     349.8  	     348.0  	     352.3  	     
348.3  	     345.6  	     351.1  	     350.5  	     347.4  	     350.0  	     347.7  	     352.5  	     
348.4  	     345.5  	     351.0  	     350.6  	     347.4  	     349.9  	     348.0  	     352.4  	     
348.5  	     345.6  	     351.2  	     350.6  	     347.5  	     349.9  	     348.0  	     352.3  	     
348.5  	     345.5  	     351.1  	     350.6  	     347.6  	     349.7  	     348.0  	     352.4  	     
348.5  	     345.7  	     351.1  	     350.6  	     347.7  	     349.8  	     347.8  	     352.4  	     
348.6  	     345.7  	     351.3  	     350.6  	     347.7  	     349.9  	     347.9  	     352.3  	     
348.6  	     345.6  	     351.1  	     350.5  	     347.7  	     349.8  	     347.8  	     352.3  	     
348.6  	     345.6  	     351.2  	     350.5  	     347.6  	     349.6  	     347.8  	     352.0  	     
348.7  	     345.7  	     351.1  	     350.5  	     347.7  	     350.0  	     347.6  	     352.2  	     
348.7  	     345.7  	     351.1  	     350.5  	     347.7  	     349.8  	     347.7  	     352.2  	     
348.8  	     345.7  	     351.1  	     350.5  	     347.6  	     349.7  	     347.7  	     352.4  	     
348.8  	     345.6  	     351.2  	     350.5  	     347.9  	     349.8  	     347.8  	     352.2  	     
348.8  	     345.6  	     351.1  	     350.5  	     347.9  	     349.8  	     347.7  	     352.3  	     
348.8  	     345.7  	     351.2  	     350.5  	     347.9  	     349.8  	     347.6  	     352.2  	     
348.8  	     345.7  	     351.1  	     350.5  	     348.0  	     349.9  	     347.6  	     352.4  	     
348.9  	     345.7  	     351.0  	     350.5  	     348.0  	     349.6  	     347.7  	     352.4  	     
348.9  	     345.7  	     351.1  	     350.4  	     347.9  	     349.7  	     347.6  	     352.2  	     
349.0  	     345.8  	     351.1  	     350.3  	     348.0  	     349.7  	     347.7  	     352.4  	     
349.1  	     345.8  	     351.0  	     350.3  	     347.9  	     349.7  	     347.6  	     352.3  	     
349.1  	     345.7  	     351.0  	     350.3  	     347.9  	     349.8  	     347.6  	     352.3  	     
349.0  	     345.7  	     351.0  	     350.4  	     347.9  	     349.7  	     347.6  	     352.4  	     
349.1  	     345.8  	     351.1  	     350.3  	     348.0  	     349.7  	     347.6  	     352.3  	     
349.2  	     345.8  	     351.0  	     350.4  	     348.0  	     349.7  	     347.7  	     352.6  	     
349.0  	     345.6  	     351.0  	     350.4  	     348.0  	     349.7  	     347.5  	     352.4  	     
349.0  	     345.7  	     351.0  	     350.4  	     348.1  	     349.6  	     347.7  	     352.4  	     
349.1  	     345.7  	     351.1  	     350.4  	     347.9  	     349.6  	     347.6  	     352.4  	     
349.2  	     345.7  	     351.1  	     350.4  	     348.0  	     349.7  	     347.6  	     352.5  	     
349.1  	     345.6  	     351.1  	     350.2  	     348.1  	     349.6  	     347.5  	     352.3  	     
349.1  	     345.7  	     351.1  	     350.2  	     348.0  	     349.5  	     347.5  	     352.2  	     
349.2  	     345.7  	     351.1  	     350.1  	     348.0  	     349.6  	     347.5  	     352.4  	     
349.2  	     345.7  	     350.9  	     350.1  	     348.0  	     349.4  	     347.4  	     352.2  	     
349.2  	     345.7  	     350.8  	     350.2  	     347.9  	     349.4  	     347.3  	     352.4  	     
349.2  	     345.8  	     350.9  	     350.2  	     348.0  	     349.6  	     347.4  	     352.4  	     
349.3  	     345.7  	     350.9  	     350.2  	     348.0  	     349.6  	     347.5  	     352.4  	     
349.3  	     345.7  	     350.9  	     350.1  	     348.0  	     349.7  	     347.4  	     352.4  	     
349.3  	     345.7  	     350.9  	     350.1  	     348.0  	     349.7  	     347.4  	     352.2  	     
349.3  	     345.8  	     350.9  	     350.0  	     348.1  	     349.5  	     347.4  	     352.4  	     
349.3  	     345.7  	     350.9  	     350.1  	     348.0  	     349.5  	     347.3  	     352.1  	     
349.2  	     345.7  	     350.8  	     350.0  	     348.0  	     349.4  	     347.3  	     352.3  	     
349.2  	     345.7  	     350.9  	     350.1  	     348.0  	     349.6  	     347.3  	     352.3  	     
349.3  	     345.7  	     350.9  	     350.0  	     348.0  	     349.5  	     347.3  	     352.4  	     
349.3  	     345.7  	     350.8  	     350.1  	     348.1  	     349.4  	     347.3  	     352.4  	     
349.3  	     345.7  	     350.8  	     350.0  	     348.0  	     349.7  	     347.3  	     352.4  	     
349.3  	     345.7  	     350.8  	     350.0  	     348.0  	     349.5  	     347.2  	     352.4  	     
349.4  	     345.7  	     350.8  	     350.1  	     348.0  	     349.4  	     347.3  	     352.4  	     
349.3  	     345.7  	     350.8  	     350.0  	     348.1  	     349.5  	     347.3  	     352.4  	     
349.3  	     345.7  	     350.8  	     350.0  	     348.1  	     349.5  	     347.2  	     352.4  	     
349.3  	     345.7  	     350.8  	     350.0  	     348.0  	     349.6  	     347.3  	     352.3  	     
349.2  	     345.7  	     350.8  	     350.0  	     348.0  	     349.6  	     347.2  	     352.2  	     
349.2  	     345.7  	     350.8  	     350.0  	     348.1  	     349.5  	     347.3  	     352.3  	     
349.2  	     345.7  	     350.8  	     350.0  	     348.0  	     349.4  	     347.1  	     352.4  	     
349.2  	     345.7  	     350.8  	     350.0  	     348.1  	     349.5  	     347.3  	     352.3  	     
349.4  	     345.7  	     350.8  	     350.0  	     348.0  	     349.4  	     347.3  	     352.3  	     
349.2  	     345.7  	     350.8  	     350.1  	     348.1  	     349.3  	     347.2  	     352.5  	     
349.3  	     345.7  	     350.7  	     349.9  	     348.0  	     349.2  	     347.2  	     352.3  	     
349.3  	     345.8  	     350.7  	     350.0  	     348.0  	     349.2  	     347.1  	     352.4  	     
349.3  	     345.7  	     350.8  	     349.9  	     348.0  	     349.2  	     347.2  	     352.3  	     
349.3  	     345.7  	     350.8  	     349.9  	     348.1  	     349.2  	     347.2  	     352.3  	     
349.3  	     345.7  	     350.8  	     349.8  	     348.0  	     349.2  	     347.2  	     352.4  	     
349.3  	     345.7  	     350.7  	     349.8  	     348.0  	     349.4  	     347.1  	     352.5  	     
349.4  	     345.8  	     350.8  	     349.8  	     348.0  	     349.4  	     347.3  	     352.3  	     
349.3  	     345.7  	     350.8  	     349.9  	     348.0  	     349.4  	     347.2  	     352.4  	     
349.3  	     345.7  	     350.8  	     349.8  	     348.0  	     349.5  	     347.1  	     352.2  	     
349.3  	     345.7  	     350.8  	     349.9  	     348.0  	     349.2  	     347.0  	     352.2  	     
349.2  	     345.7  	     350.8  	     349.8  	     347.9  	     349.2  	     347.1  	     352.3  	     
349.3  	     345.7  	     350.7  	     349.8  	     347.9  	     349.1  	     347.1  	     352.2  	     
349.2  	     345.6  	     350.8  	     349.8  	     347.9  	     349.0  	     347.1  	     352.2  	     
349.3  	     345.6  	     350.7  	     349.7  	     347.9  	     349.1  	     347.1  	     352.1  	     
349.3  	     345.7  	     350.7  	     349.7  	     347.9  	     349.2  	     347.1  	     352.3  	     
349.2  	     345.7  	     350.8  	     349.7  	     347.6  	     349.1  	     347.1  	     352.2  	     
349.3  	     345.6  	     350.8  	     349.6  	     347.9  	     349.0  	     347.1  	     352.2  	     
349.3  	     345.6  	     350.7  	     349.6  	     347.9  	     349.1  	     347.1  	     352.1  	     
349.2  	     345.5  	     350.8  	     349.6  	     347.9  	     349.1  	     347.1  	     352.3  	     
349.2  	     345.6  	     350.6  	     349.6  	     347.7  	     349.1  	     347.0  	     352.1  	     
349.2  	     345.6  	     350.5  	     349.6  	     347.7  	     349.1  	     347.0  	     352.1  	     
349.2  	     345.4  	     350.5  	     349.7  	     347.9  	     349.1  	     346.9  	     352.1  	     
349.1  	     345.5  	     350.6  	     349.6  	     347.9  	     349.1  	     346.9  	     352.1  	     
349.1  	     345.5  	     350.6  	     349.6  	     347.7  	     349.1  	     346.9  	     352.1  	     
349.2  	     345.5  	     350.6  	     349.6  	     347.7  	     349.0  	     346.9  	     352.1  	     
349.2  	     345.5  	     350.5  	     349.6  	     347.9  	     349.4  	     346.9  	     352.1  	     
349.2  	     345.5  	     350.6  	     349.6  	     347.7  	     349.0  	     346.9  	     352.2  	     
349.2  	     345.5  	     350.7  	     349.6  	     347.7  	     348.9  	     346.9  	     352.2  	     
349.2  	     345.5  	     350.6  	     349.5  	     347.9  	     348.9  	     346.8  	     352.2  	     
349.1  	     345.5  	     350.6  	     349.6  	     347.7  	     348.8  	     346.9  	     352.2  	     
349.2  	     345.5  	     350.6  	     349.5  	     347.7  	     348.9  	     346.9  	     352.1  	     
349.1  	     344.3  	     350.5  	     349.0  	     347.5  	     348.1  	     346.9  	     352.2  	     
348.7  	     343.3  	     350.1  	     347.7  	     347.4  	     346.8  	     346.8  	     351.2  	     
348.4  	     342.8  	     349.3  	     346.6  	     347.0  	     345.6  	     346.4  	     350.1  	     
348.0  	     341.4  	     348.5  	     345.5  	     346.5  	     344.1  	     346.1  	     349.3  	     
347.3  	     339.6  	     347.6  	     343.8  	     345.9  	     342.4  	     345.6  	     348.1  	     
346.7  	     338.0  	     346.3  	     341.8  	     345.0  	     340.5  	     344.9  	     346.6  	     
345.9  	     336.5  	     344.7  	     339.8  	     344.1  	     338.4  	     343.8  	     344.8  	     
345.2  	     334.3  	     343.1  	     338.0  	     343.1  	     336.0  	     342.9  	     343.1  	     
344.3  	     332.5  	     341.5  	     335.8  	     341.9  	     333.6  	     341.7  	     341.2  	     
343.2  	     330.4  	     339.5  	     333.4  	     340.4  	     331.2  	     340.3  	     339.1  	     
342.1  	     328.3  	     337.5  	     330.9  	     339.0  	     328.6  	     339.0  	     337.0  	     
341.0  	     325.9  	     335.4  	     328.5  	     337.5  	     326.0  	     337.5  	     334.8  	     
339.9  	     324.1  	     333.3  	     326.5  	     335.7  	     323.8  	     335.8  	     332.9  	     
338.8  	     321.4  	     331.2  	     324.4  	     334.1  	     321.0  	     334.2  	     330.8  	     
338.2  	     320.4  	     330.5  	     323.3  	     333.4  	     320.3  	     333.6  	     330.3  	     
337.4  	     318.9  	     329.0  	     321.8  	     332.3  	     318.6  	     332.4  	     328.7  	     
336.1  	     316.4  	     326.7  	     319.0  	     330.5  	     315.5  	     330.6  	     326.3  	     
334.5  	     313.7  	     324.1  	     316.5  	     328.5  	     312.8  	     328.6  	     323.9  	     
333.1  	     310.7  	     321.7  	     313.8  	     326.5  	     309.6  	     326.4  	     321.3  	     
331.5  	     308.1  	     319.1  	     310.9  	     324.5  	     306.5  	     324.3  	     318.6  	     
329.9  	     305.2  	     316.3  	     307.7  	     322.3  	     303.1  	     322.1  	     315.9  	     
328.1  	     302.5  	     313.6  	     304.8  	     320.1  	     300.1  	     319.8  	     313.0  	     
326.5  	     299.0  	     310.9  	     301.8  	     317.9  	     296.9  	     317.4  	     310.3  	     
324.4  	     296.0  	     307.9  	     298.6  	     315.6  	     293.4  	     315.1  	     307.6  	     
322.6  	     292.9  	     304.9  	     295.3  	     312.8  	     289.9  	     312.3  	     304.6  	     
320.6  	     289.7  	     301.8  	     292.1  	     310.3  	     286.3  	     309.9  	     301.4  	     
318.5  	     286.5  	     298.7  	     288.7  	     307.6  	     282.9  	     307.1  	     298.1  	     
316.5  	     283.1  	     295.3  	     285.4  	     305.0  	     279.0  	     304.3  	     294.9  	     
314.3  	     280.0  	     292.1  	     281.9  	     302.2  	     275.5  	     301.3  	     291.6  	     
312.0  	     276.4  	     288.7  	     278.5  	     299.3  	     271.8  	     298.4  	     288.5  	     
309.6  	     272.7  	     285.4  	     275.0  	     296.5  	     268.3  	     295.5  	     285.1  	     
307.2  	     269.4  	     281.9  	     271.6  	     293.8  	     264.6  	     292.4  	     282.0  	     
304.8  	     265.8  	     278.6  	     268.0  	     290.8  	     260.9  	     289.4  	     278.3  	     
302.3  	     262.4  	     275.0  	     264.3  	     287.7  	     257.3  	     286.1  	     275.1  	     
299.9  	     258.5  	     271.4  	     260.7  	     284.6  	     253.1  	     282.6  	     271.2  	     
297.3  	     255.2  	     267.8  	     257.0  	     281.7  	     249.4  	     279.5  	     267.8  	     
294.7  	     252.0  	     264.3  	     253.5  	     278.6  	     245.9  	     275.9  	     264.2  	     
292.1  	     248.5  	     260.6  	     249.9  	     275.4  	     242.2  	     272.5  	     260.7  	     
289.2  	     244.9  	     257.0  	     246.4  	     272.3  	     238.4  	     269.1  	     257.2  	     
286.6  	     241.4  	     253.5  	     242.8  	     269.2  	     235.1  	     266.6  	     254.3  	     
283.7  	     238.3  	     250.0  	     239.3  	     266.0  	     231.3  	     263.1  	     250.9  	     
281.0  	     234.6  	     246.4  	     235.9  	     262.9  	     228.0  	     259.8  	     247.4  	     
278.3  	     231.3  	     243.0  	     232.5  	     259.8  	     224.2  	     256.5  	     244.2  	     
275.5  	     228.2  	     239.6  	     229.1  	     256.7  	     220.8  	     252.8  	     240.8  	     
272.8  	     224.8  	     236.2  	     225.8  	     253.4  	     217.3  	     249.5  	     237.4  	     
270.0  	     221.6  	     232.7  	     222.8  	     250.3  	     214.0  	     246.3  	     234.1  	     
267.0  	     218.6  	     229.4  	     219.5  	     247.3  	     210.7  	     242.9  	     231.0  	     
264.1  	     215.2  	     226.0  	     216.4  	     244.2  	     207.4  	     239.7  	     227.7  	     
261.3  	     211.9  	     222.9  	     213.3  	     241.2  	     204.4  	     236.4  	     224.9  	     
258.6  	     209.0  	     219.7  	     210.3  	     238.3  	     201.3  	     233.3  	     221.9  	     
255.7  	     206.2  	     216.6  	     207.2  	     235.2  	     198.6  	     230.0  	     218.5  	     
253.0  	     203.5  	     213.4  	     204.4  	     232.4  	     195.8  	     226.7  	     215.7  	     
250.2  	     200.5  	     210.5  	     201.6  	     229.5  	     193.2  	     223.7  	     213.2  	     
247.4  	     197.8  	     207.5  	     199.0  	     226.6  	     190.2  	     220.9  	     210.2  	     
244.7  	     195.5  	     204.7  	     196.3  	     223.9  	     187.6  	     217.8  	     207.5  	     
241.7  	     192.8  	     202.0  	     193.6  	     221.1  	     185.4  	     215.2  	     205.2  	     
238.8  	     190.2  	     199.1  	     191.1  	     218.4  	     182.9  	     211.9  	     202.2  	     
236.2  	     187.9  	     196.4  	     188.9  	     215.8  	     180.5  	     208.9  	     199.3  	     
233.7  	     185.5  	     193.7  	     186.3  	     213.3  	     178.1  	     206.5  	     197.1  	     
231.1  	     183.0  	     191.1  	     183.8  	     210.6  	     175.9  	     203.7  	     194.7  	     
228.4  	     181.0  	     188.7  	     181.6  	     208.1  	     174.2  	     200.9  	     192.1  	     
226.0  	     179.0  	     186.3  	     179.3  	     205.7  	     171.7  	     198.3  	     189.6  	     
223.6  	     177.0  	     184.0  	     177.2  	     203.3  	     169.9  	     195.8  	     187.5  	     
221.1  	     174.8  	     181.8  	     175.0  	     200.9  	     167.8  	     193.2  	     185.2  	     
218.7  	     173.1  	     179.6  	     173.0  	     198.7  	     165.7  	     190.8  	     182.8  	     
216.2  	     171.1  	     177.5  	     170.9  	     196.3  	     163.9  	     188.5  	     180.8  	     
213.8  	     169.5  	     175.5  	     168.9  	     194.1  	     162.0  	     186.2  	     178.6  	     
211.1  	     167.4  	     173.5  	     167.0  	     192.0  	     160.1  	     184.0  	     176.8  	     
208.8  	     165.6  	     171.4  	     165.3  	     189.8  	     158.6  	     181.6  	     174.8  	     
206.6  	     163.8  	     169.6  	     163.6  	     187.8  	     156.9  	     179.5  	     173.0  	     
204.3  	     162.1  	     167.7  	     161.9  	     185.8  	     155.5  	     177.6  	     171.1  	     
202.3  	     160.6  	     165.8  	     160.0  	     183.7  	     153.7  	     175.4  	     169.1  	     
200.0  	     159.2  	     164.0  	     158.4  	     181.6  	     152.5  	     173.4  	     167.3  	     
197.7  	     157.5  	     162.4  	     156.7  	     179.7  	     151.0  	     171.5  	     165.7  	     
195.7  	     156.0  	     160.7  	     155.3  	     177.9  	     149.6  	     169.6  	     163.9  	     
193.7  	     154.6  	     159.1  	     153.8  	     176.0  	     148.2  	     167.7  	     162.5  	     
191.5  	     153.1  	     157.5  	     152.2  	     174.3  	     146.9  	     165.9  	     160.7  	     
189.5  	     151.7  	     156.0  	     150.7  	     172.5  	     145.5  	     164.1  	     159.2  	     
187.7  	     150.1  	     154.5  	     149.5  	     170.8  	     144.3  	     162.4  	     157.6  	     
185.7  	     149.0  	     153.2  	     148.0  	     169.1  	     143.1  	     160.7  	     156.0  	     
183.8  	     147.8  	     151.7  	     146.7  	     167.6  	     141.8  	     159.1  	     154.5  	     
182.1  	     146.5  	     150.4  	     145.4  	     166.0  	     140.9  	     157.5  	     153.1  	     
180.3  	     145.4  	     149.0  	     144.2  	     164.5  	     139.7  	     156.0  	     151.8  	     
178.5  	     144.2  	     147.9  	     143.1  	     162.9  	     138.5  	     154.5  	     150.4  	     
176.8  	     143.0  	     146.5  	     141.9  	     161.3  	     137.5  	     153.0  	     149.2  	     
175.1  	     141.9  	     145.2  	     140.8  	     159.9  	     136.6  	     151.6  	     147.8  	     
173.5  	     140.7  	     144.0  	     139.7  	     158.4  	     135.6  	     150.2  	     146.6  	     
171.7  	     139.7  	     143.0  	     138.7  	     157.1  	     134.7  	     149.0  	     145.6  	     
170.3  	     138.7  	     141.8  	     137.6  	     155.8  	     133.7  	     147.5  	     144.3  	     
168.7  	     137.7  	     140.8  	     136.6  	     154.5  	     132.8  	     146.3  	     143.3  	     
167.0  	     136.8  	     139.8  	     135.7  	     153.2  	     132.0  	     145.0  	     142.1  	     
165.6  	     135.9  	     138.6  	     134.7  	     151.9  	     131.1  	     143.9  	     141.0  	     
164.0  	     135.1  	     137.7  	     133.8  	     150.6  	     130.4  	     142.7  	     140.2  	     
162.6  	     134.2  	     136.8  	     132.9  	     149.4  	     129.6  	     141.6  	     139.1  	     
161.3  	     133.3  	     136.0  	     132.2  	     148.3  	     128.9  	     140.5  	     138.1  	     
159.9  	     132.4  	     135.1  	     131.3  	     147.1  	     128.3  	     139.4  	     137.3  	     
158.6  	     131.7  	     134.3  	     130.5  	     146.1  	     127.3  	     138.5  	     136.2  	     
157.3  	     131.0  	     133.5  	     129.9  	     145.0  	     126.7  	     137.5  	     135.3  	     
156.1  	     130.2  	     132.6  	     129.1  	     143.9  	     126.1  	     136.5  	     134.4  	     
154.7  	     129.4  	     131.9  	     128.4  	     143.0  	     125.5  	     135.6  	     133.6  	     
153.7  	     128.8  	     131.1  	     127.7  	     141.9  	     124.7  	     134.7  	     132.9  	     
152.4  	     128.1  	     130.4  	     127.0  	     140.9  	     124.6  	     133.7  	     132.0  	     
151.3  	     127.5  	     129.7  	     126.3  	     139.9  	     123.7  	     132.9  	     131.4  	     
150.1  	     126.7  	     129.0  	     125.7  	     139.1  	     123.2  	     132.1  	     130.7  	     
149.0  	     126.1  	     128.3  	     125.0  	     138.2  	     122.8  	     131.2  	     130.0  	     
147.9  	     125.6  	     127.7  	     124.5  	     137.2  	     122.2  	     130.5  	     129.3  	     
146.8  	     125.0  	     126.9  	     123.7  	     136.4  	     121.5  	     129.8  	     128.5  	     
145.9  	     124.3  	     126.3  	     123.2  	     135.6  	     120.8  	     129.1  	     127.9  	     
144.8  	     123.8  	     125.7  	     122.7  	     134.8  	     120.4  	     128.4  	     127.2  	     
143.9  	     123.4  	     125.2  	     122.2  	     134.0  	     120.0  	     127.7  	     126.6  	     
142.8  	     122.8  	     124.5  	     121.6  	     133.2  	     119.4  	     127.1  	     126.0  	     
142.0  	     122.4  	     123.9  	     121.1  	     132.5  	     119.2  	     126.3  	     125.3  	     
140.9  	     121.7  	     123.3  	     120.6  	     131.7  	     118.4  	     125.8  	     124.8  	     
140.1  	     121.1  	     122.8  	     120.1  	     131.1  	     118.2  	     125.2  	     124.3  	     
139.1  	     120.8  	     122.3  	     119.6  	     130.3  	     117.6  	     124.5  	     123.6  	     
138.9  	     120.6  	     122.3  	     119.6  	     130.2  	     117.7  	     124.4  	     123.7  	     
138.3  	     119.8  	     121.8  	     119.1  	     129.5  	     117.2  	     123.9  	     123.1  	     
137.3  	     118.8  	     121.1  	     118.1  	     128.7  	     116.1  	     123.3  	     122.3  	     
136.3  	     117.7  	     120.2  	     117.2  	     128.1  	     115.1  	     122.7  	     121.2  	     
135.4  	     116.7  	     119.1  	     116.2  	     127.4  	     113.8  	     121.7  	     120.0  	     
134.5  	     115.7  	     118.0  	     115.2  	     126.7  	     112.7  	     121.0  	     119.1  	     
133.6  	     114.7  	     116.9  	     114.3  	     126.0  	     112.0  	     119.9  	     118.0  	     
132.8  	     114.0  	     115.8  	     113.4  	     125.2  	     110.8  	     119.0  	     117.0  	     
132.0  	     113.2  	     114.9  	     112.5  	     124.5  	     109.9  	     118.4  	     116.1  	     
131.2  	     112.6  	     114.1  	     111.6  	     123.9  	     109.1  	     117.6  	     115.3  	     
130.5  	     111.6  	     113.1  	     110.8  	     123.1  	     108.2  	     116.8  	     114.5  	     
129.7  	     110.7  	     112.3  	     109.9  	     122.5  	     107.4  	     116.1  	     113.5  	     
128.8  	     110.2  	     111.6  	     109.2  	     121.9  	     106.5  	     115.3  	     112.7  	     
128.2  	     109.9  	     110.9  	     108.7  	     122.5  	     106.3  	     114.7  	     112.1  	     
127.7  	     109.7  	     110.2  	     108.1  	     122.4  	     106.1  	     114.1  	     111.7  	     
127.0  	     109.6  	     109.9  	     107.8  	     120.6  	     105.8  	     113.5  	     111.3  	     
126.9  	     109.6  	     109.7  	     107.7  	     120.5  	     105.9  	     113.5  	     111.3  	     