
G32-PTC2  	G32-PTC11  	G32-PTC17  	G32-PTC28  	G32-PTC29  	G32-PTC31  	G32-PTC40  	G32-PTC45  	
Deg.F  	     Deg.F  	     Deg.F  	     Deg.F  	     Deg.F  	     Deg.F  	     Deg.F  	     Deg.F  	     
71.3  	     70.5  	     72.0  	     70.6  	     70.7  	     69.2  	     69.4  	     73.6  	     
71.3  	     70.5  	     72.0  	     70.6  	     70.7  	     69.2  	     69.4  	     73.6  	     
71.3  	     70.5  	     72.0  	     70.6  	     70.7  	     69.2  	     69.4  	     73.6  	     
71.3  	     70.5  	     72.0  	     70.6  	     70.7  	     69.2  	     69.4  	     73.6  	     
71.1  	     70.9  	     72.2  	     71.2  	     71.0  	     69.3  	     69.5  	     76.1  	     
71.1  	     71.5  	     72.1  	     71.7  	     71.5  	     69.5  	     69.6  	     78.1  	     
71.2  	     72.2  	     72.1  	     72.9  	     72.4  	     70.0  	     69.7  	     80.9  	     
71.3  	     73.2  	     72.2  	     74.1  	     73.9  	     70.4  	     70.0  	     84.6  	     
71.5  	     74.7  	     72.3  	     76.0  	     75.5  	     70.9  	     70.3  	     88.5  	     
71.8  	     76.6  	     72.7  	     78.3  	     77.9  	     71.5  	     70.9  	     92.4  	     
72.4  	     78.3  	     73.1  	     80.5  	     80.0  	     72.3  	     71.3  	     95.6  	     
72.4  	     78.6  	     73.1  	     80.7  	     80.3  	     72.4  	     71.5  	     96.3  	     
73.1  	     80.7  	     73.8  	     83.5  	     82.9  	     73.4  	     72.1  	     97.1  	     
73.6  	     83.6  	     74.6  	     87.0  	     86.4  	     74.2  	     73.0  	     101.0  	     
74.2  	     86.8  	     75.8  	     90.8  	     90.1  	     75.5  	     74.2  	     106.3  	     
75.1  	     89.9  	     77.1  	     94.9  	     94.3  	     76.8  	     75.6  	     105.7  	     
76.3  	     93.6  	     78.5  	     99.3  	     98.7  	     78.3  	     76.9  	     107.0  	     
77.8  	     97.7  	     80.2  	     104.1  	     103.3  	     79.9  	     78.4  	     115.3  	     
79.5  	     101.7  	     82.2  	     109.1  	     108.4  	     82.0  	     80.2  	     124.0  	     
81.3  	     106.0  	     84.3  	     113.6  	     113.1  	     83.5  	     82.2  	     129.7  	     
83.6  	     110.2  	     86.8  	     118.3  	     117.8  	     85.9  	     84.3  	     130.9  	     
85.7  	     114.6  	     89.2  	     122.9  	     122.5  	     87.4  	     86.5  	     137.1  	     
88.0  	     119.2  	     91.7  	     127.8  	     127.3  	     90.0  	     89.0  	     140.9  	     
90.3  	     124.0  	     94.6  	     132.8  	     132.4  	     92.5  	     91.6  	     145.9  	     
92.8  	     128.6  	     97.6  	     138.0  	     137.8  	     95.0  	     94.4  	     150.4  	     
95.5  	     134.1  	     100.7  	     143.4  	     143.2  	     97.4  	     97.1  	     154.8  	     
98.4  	     138.8  	     104.1  	     148.9  	     148.7  	     100.0  	     100.3  	     159.1  	     
101.3  	     144.6  	     107.5  	     154.3  	     154.2  	     103.0  	     103.5  	     163.6  	     
104.4  	     150.2  	     111.2  	     159.5  	     159.6  	     106.4  	     106.9  	     168.7  	     
107.7  	     155.3  	     115.2  	     165.0  	     165.1  	     109.9  	     110.2  	     172.8  	     
111.1  	     161.0  	     119.2  	     170.5  	     170.7  	     113.3  	     113.9  	     176.4  	     
114.3  	     166.3  	     123.2  	     176.2  	     176.4  	     117.2  	     117.8  	     165.6  	     
118.2  	     172.4  	     127.6  	     181.9  	     182.1  	     121.1  	     121.7  	     162.7  	     
122.3  	     178.0  	     131.9  	     187.2  	     187.4  	     125.5  	     126.0  	     161.5  	     
125.3  	     183.4  	     136.4  	     192.8  	     193.0  	     129.4  	     130.1  	     186.8  	     
130.2  	     189.5  	     141.1  	     198.4  	     198.6  	     133.7  	     134.4  	     190.0  	     
134.2  	     194.7  	     145.8  	     203.8  	     204.0  	     138.0  	     138.8  	     190.4  	     
139.0  	     200.2  	     150.5  	     208.8  	     209.0  	     142.1  	     143.4  	     190.9  	     
142.6  	     205.7  	     155.3  	     214.0  	     213.9  	     145.9  	     147.9  	     202.9  	     
147.6  	     211.5  	     160.0  	     219.3  	     219.3  	     150.3  	     152.4  	     206.6  	     
151.9  	     216.2  	     164.6  	     224.3  	     224.3  	     154.6  	     156.9  	     211.8  	     
156.2  	     221.5  	     169.3  	     229.3  	     229.4  	     159.1  	     161.4  	     215.9  	     
160.8  	     226.5  	     173.8  	     234.4  	     234.6  	     163.8  	     166.2  	     222.5  	     
165.9  	     231.7  	     178.3  	     239.5  	     239.6  	     168.2  	     170.8  	     227.4  	     
170.6  	     237.2  	     183.3  	     244.5  	     244.8  	     173.1  	     175.6  	     231.5  	     
175.6  	     242.4  	     188.0  	     249.4  	     249.7  	     177.5  	     180.4  	     236.2  	     
180.5  	     247.7  	     192.8  	     254.5  	     254.7  	     181.9  	     185.3  	     240.3  	     
185.7  	     252.6  	     197.4  	     259.5  	     259.6  	     186.5  	     190.2  	     245.8  	     
190.6  	     257.9  	     202.2  	     264.4  	     264.7  	     191.4  	     195.1  	     249.3  	     
195.6  	     262.8  	     206.9  	     269.3  	     269.4  	     196.0  	     200.1  	     253.4  	     
200.8  	     267.8  	     211.7  	     274.4  	     274.6  	     201.0  	     205.0  	     258.2  	     
205.8  	     273.1  	     216.4  	     279.6  	     279.8  	     205.9  	     210.4  	     262.2  	     
211.4  	     278.0  	     221.3  	     284.6  	     284.8  	     210.9  	     215.1  	     266.4  	     
216.5  	     283.0  	     226.1  	     289.2  	     289.6  	     215.9  	     220.3  	     260.9  	     
221.8  	     288.0  	     231.0  	     294.6  	     294.9  	     221.1  	     225.0  	     252.6  	     
226.9  	     293.4  	     235.9  	     299.2  	     299.6  	     226.0  	     230.0  	     256.9  	     
232.3  	     297.8  	     240.8  	     304.0  	     304.4  	     232.4  	     235.2  	     280.4  	     
237.4  	     302.6  	     245.7  	     308.6  	     308.8  	     238.5  	     240.3  	     286.0  	     
242.8  	     306.8  	     250.5  	     311.8  	     312.1  	     244.3  	     245.2  	     288.5  	     
248.0  	     310.4  	     255.0  	     314.7  	     315.1  	     250.4  	     249.8  	     287.3  	     
253.0  	     313.5  	     259.5  	     317.1  	     317.4  	     255.3  	     254.6  	     287.7  	     
257.6  	     316.4  	     263.6  	     318.9  	     319.1  	     259.6  	     259.0  	     288.1  	     
262.3  	     318.5  	     267.5  	     320.2  	     320.6  	     264.1  	     263.1  	     288.0  	     
266.4  	     320.3  	     270.9  	     321.4  	     321.8  	     268.2  	     267.2  	     287.2  	     
270.2  	     322.1  	     274.4  	     322.4  	     322.7  	     272.0  	     271.0  	     286.4  	     
273.8  	     323.2  	     277.6  	     322.8  	     323.1  	     275.2  	     274.4  	     285.1  	     
277.3  	     324.1  	     280.4  	     323.1  	     323.1  	     278.2  	     277.5  	     285.1  	     
280.2  	     324.9  	     283.0  	     323.2  	     323.4  	     281.2  	     280.8  	     283.3  	     
283.1  	     325.5  	     285.6  	     323.3  	     323.4  	     284.9  	     283.6  	     282.8  	     
285.8  	     326.0  	     287.8  	     323.5  	     323.6  	     287.8  	     286.2  	     282.5  	     
288.5  	     326.2  	     290.0  	     323.4  	     323.5  	     290.4  	     288.6  	     282.0  	     
290.8  	     326.4  	     292.0  	     323.2  	     323.3  	     292.7  	     290.8  	     281.0  	     
292.7  	     326.4  	     294.0  	     323.1  	     323.1  	     294.8  	     292.9  	     280.5  	     
294.7  	     326.5  	     295.9  	     323.3  	     323.2  	     296.8  	     294.9  	     280.1  	     
296.5  	     326.6  	     297.6  	     323.2  	     323.3  	     298.6  	     296.8  	     279.2  	     
298.4  	     326.6  	     299.2  	     323.4  	     323.3  	     300.2  	     298.3  	     280.0  	     
300.1  	     326.6  	     300.8  	     323.2  	     323.2  	     301.7  	     299.9  	     279.6  	     
301.4  	     326.5  	     302.4  	     323.2  	     323.1  	     303.1  	     301.5  	     280.1  	     
303.0  	     326.6  	     303.6  	     323.4  	     323.3  	     304.3  	     303.0  	     280.0  	     
304.4  	     326.6  	     305.1  	     323.5  	     323.5  	     305.6  	     304.3  	     280.5  	     
305.8  	     326.3  	     306.3  	     323.8  	     323.7  	     306.7  	     305.7  	     280.6  	     
307.2  	     326.7  	     307.5  	     324.2  	     324.0  	     307.9  	     306.9  	     281.1  	     
308.3  	     326.7  	     308.7  	     324.4  	     324.4  	     308.9  	     307.9  	     281.1  	     
309.4  	     326.9  	     309.8  	     324.9  	     324.7  	     309.9  	     309.1  	     282.1  	     
310.5  	     326.7  	     311.0  	     325.1  	     324.9  	     310.9  	     310.1  	     281.5  	     
311.2  	     326.9  	     311.8  	     325.4  	     325.2  	     311.6  	     310.9  	     282.1  	     
311.5  	     326.9  	     312.1  	     325.4  	     325.3  	     311.8  	     311.1  	     281.8  	     
312.7  	     327.2  	     313.0  	     326.0  	     325.9  	     312.7  	     312.1  	     283.1  	     
313.8  	     327.5  	     314.0  	     327.2  	     326.9  	     313.6  	     313.2  	     285.1  	     
314.5  	     329.0  	     314.9  	     329.1  	     328.9  	     314.7  	     314.3  	     289.0  	     
315.6  	     330.6  	     316.0  	     331.8  	     331.4  	     316.0  	     315.7  	     293.1  	     
317.0  	     332.6  	     317.0  	     334.8  	     334.7  	     317.4  	     317.1  	     297.2  	     
318.6  	     334.9  	     318.4  	     337.4  	     337.2  	     319.3  	     318.6  	     300.3  	     
320.4  	     336.5  	     319.8  	     339.7  	     339.4  	     321.0  	     320.2  	     303.4  	     
322.5  	     338.3  	     321.3  	     341.7  	     341.7  	     322.8  	     321.7  	     303.1  	     
324.0  	     339.9  	     322.8  	     343.6  	     343.5  	     324.7  	     323.3  	     304.1  	     
326.4  	     341.5  	     324.5  	     345.2  	     345.1  	     326.5  	     324.9  	     305.6  	     
327.8  	     342.9  	     325.8  	     346.6  	     346.6  	     328.2  	     326.5  	     305.4  	     
329.9  	     344.2  	     327.2  	     347.8  	     347.6  	     329.8  	     327.9  	     305.8  	     
331.4  	     345.5  	     328.6  	     349.0  	     348.8  	     331.5  	     329.4  	     306.5  	     
333.0  	     346.4  	     329.9  	     349.7  	     349.6  	     332.9  	     330.8  	     306.3  	     
334.5  	     347.2  	     331.2  	     350.4  	     350.2  	     334.3  	     332.1  	     306.3  	     
335.9  	     347.9  	     332.4  	     351.0  	     350.7  	     335.5  	     333.3  	     306.1  	     
337.0  	     348.4  	     333.5  	     351.3  	     351.0  	     336.7  	     334.4  	     306.0  	     
338.4  	     348.7  	     334.6  	     351.6  	     351.4  	     337.7  	     335.4  	     305.6  	     
339.6  	     349.1  	     335.6  	     352.0  	     351.8  	     338.7  	     336.3  	     305.8  	     
340.0  	     349.5  	     336.5  	     352.2  	     352.0  	     339.5  	     337.2  	     305.3  	     
341.2  	     349.9  	     337.4  	     352.5  	     352.2  	     340.4  	     338.1  	     305.6  	     
342.2  	     350.0  	     338.2  	     352.6  	     352.3  	     341.0  	     338.9  	     304.8  	     
343.0  	     350.1  	     338.9  	     352.6  	     352.3  	     341.8  	     339.8  	     304.7  	     
343.7  	     350.1  	     339.5  	     352.5  	     352.3  	     342.4  	     340.4  	     304.9  	     
344.3  	     350.2  	     340.1  	     352.7  	     352.4  	     342.9  	     341.0  	     304.8  	     
345.0  	     350.4  	     340.7  	     352.9  	     352.6  	     343.4  	     341.6  	     305.2  	     
345.4  	     350.6  	     341.3  	     353.3  	     352.9  	     344.0  	     342.2  	     305.2  	     
345.9  	     350.6  	     341.7  	     353.3  	     352.9  	     344.5  	     342.8  	     305.6  	     
346.4  	     350.3  	     342.3  	     353.3  	     352.9  	     344.9  	     343.3  	     304.8  	     
346.6  	     350.3  	     342.9  	     353.4  	     353.0  	     345.2  	     343.6  	     305.5  	     
347.1  	     350.5  	     343.3  	     353.5  	     353.2  	     345.7  	     344.1  	     305.5  	     
347.6  	     350.5  	     343.6  	     353.8  	     353.4  	     346.1  	     344.5  	     305.2  	     
347.6  	     350.3  	     343.9  	     353.9  	     353.5  	     346.5  	     345.0  	     305.9  	     
348.1  	     350.5  	     344.5  	     353.9  	     353.6  	     347.0  	     345.1  	     306.0  	     
348.4  	     350.4  	     344.8  	     353.9  	     353.5  	     347.2  	     345.4  	     306.0  	     
348.5  	     350.5  	     345.0  	     354.2  	     353.6  	     347.3  	     345.6  	     305.3  	     
348.7  	     350.2  	     345.1  	     353.9  	     353.5  	     347.5  	     345.8  	     305.3  	     
349.0  	     350.4  	     345.3  	     353.8  	     353.6  	     347.7  	     346.1  	     305.5  	     
349.2  	     350.4  	     345.5  	     354.0  	     353.7  	     347.9  	     346.3  	     305.5  	     
349.4  	     350.5  	     345.8  	     354.3  	     354.0  	     348.1  	     346.5  	     305.3  	     
349.4  	     350.4  	     346.0  	     354.6  	     354.2  	     348.4  	     346.8  	     306.2  	     
349.7  	     350.7  	     346.1  	     354.7  	     354.3  	     348.6  	     347.0  	     306.2  	     
349.9  	     350.7  	     346.4  	     354.7  	     354.4  	     348.9  	     347.3  	     306.4  	     
349.8  	     350.7  	     346.6  	     355.0  	     354.6  	     348.9  	     347.4  	     306.1  	     
350.2  	     350.6  	     346.7  	     355.1  	     354.7  	     349.2  	     347.7  	     306.9  	     
350.7  	     350.6  	     347.0  	     355.1  	     354.7  	     349.4  	     347.9  	     306.7  	     
350.7  	     350.6  	     347.2  	     355.2  	     354.8  	     349.6  	     348.0  	     307.4  	     
351.0  	     350.5  	     347.4  	     355.3  	     355.0  	     349.7  	     348.2  	     307.4  	     
351.0  	     350.8  	     347.5  	     355.5  	     355.1  	     349.9  	     348.4  	     307.8  	     
351.1  	     350.8  	     347.6  	     355.6  	     355.2  	     350.1  	     348.6  	     307.8  	     
351.5  	     350.6  	     347.8  	     355.7  	     355.3  	     350.2  	     348.7  	     307.7  	     
351.2  	     350.9  	     348.0  	     355.8  	     355.3  	     350.3  	     348.8  	     308.0  	     
351.4  	     350.8  	     348.0  	     355.7  	     355.4  	     350.5  	     348.9  	     308.2  	     
351.7  	     350.8  	     348.1  	     356.0  	     355.5  	     350.5  	     349.1  	     307.8  	     
351.7  	     351.1  	     348.3  	     356.1  	     355.6  	     350.7  	     349.1  	     308.7  	     
352.0  	     351.1  	     348.3  	     356.2  	     355.7  	     350.8  	     349.4  	     307.7  	     
352.2  	     351.0  	     348.4  	     356.2  	     355.8  	     350.9  	     349.5  	     308.5  	     
352.1  	     351.0  	     348.5  	     356.1  	     355.8  	     351.0  	     349.6  	     308.6  	     
352.3  	     350.9  	     348.6  	     356.3  	     355.8  	     351.1  	     349.7  	     308.7  	     
351.8  	     351.0  	     348.7  	     356.4  	     356.0  	     351.3  	     349.8  	     309.5  	     
351.7  	     351.1  	     348.8  	     356.4  	     356.0  	     351.3  	     349.8  	     308.9  	     
351.9  	     351.1  	     348.8  	     356.6  	     356.1  	     351.5  	     349.9  	     309.5  	     
351.9  	     351.2  	     349.0  	     356.5  	     356.2  	     351.5  	     350.0  	     309.0  	     
351.9  	     351.1  	     349.0  	     356.5  	     356.1  	     351.5  	     350.1  	     309.0  	     
352.7  	     351.2  	     349.1  	     356.6  	     356.1  	     351.7  	     350.1  	     309.4  	     
352.5  	     351.2  	     349.0  	     356.6  	     356.2  	     351.7  	     350.2  	     310.1  	     
352.3  	     351.2  	     349.1  	     356.8  	     356.3  	     351.8  	     350.3  	     309.7  	     
352.6  	     351.2  	     349.1  	     356.9  	     356.4  	     351.8  	     350.3  	     309.5  	     
352.4  	     351.2  	     349.2  	     356.8  	     356.4  	     351.9  	     350.3  	     309.6  	     
352.7  	     351.1  	     349.3  	     356.9  	     356.4  	     351.9  	     350.4  	     310.2  	     
352.4  	     351.2  	     349.2  	     357.0  	     356.5  	     352.0  	     350.6  	     310.4  	     
352.7  	     351.2  	     349.3  	     357.0  	     356.6  	     352.0  	     350.4  	     310.2  	     
352.5  	     351.3  	     349.3  	     356.8  	     356.5  	     352.0  	     350.6  	     309.7  	     
352.7  	     351.4  	     349.3  	     356.9  	     356.4  	     352.1  	     350.5  	     310.2  	     
352.5  	     351.1  	     349.3  	     356.9  	     356.5  	     352.1  	     350.5  	     310.5  	     
352.5  	     351.3  	     349.3  	     357.0  	     356.5  	     352.2  	     350.7  	     310.6  	     
352.5  	     351.3  	     349.4  	     356.9  	     356.5  	     352.3  	     350.7  	     310.4  	     
352.7  	     351.2  	     349.4  	     357.0  	     356.5  	     352.3  	     350.8  	     311.0  	     
352.5  	     351.2  	     349.6  	     357.1  	     356.6  	     352.2  	     350.7  	     311.1  	     
352.4  	     351.2  	     349.5  	     357.2  	     356.7  	     352.3  	     350.7  	     311.4  	     
352.6  	     351.2  	     349.7  	     357.0  	     356.6  	     352.4  	     350.7  	     311.1  	     
353.5  	     351.0  	     349.7  	     357.0  	     356.6  	     352.4  	     350.8  	     311.4  	     
352.8  	     351.2  	     349.6  	     357.1  	     356.7  	     352.4  	     350.8  	     311.6  	     
352.1  	     351.2  	     349.7  	     357.2  	     356.7  	     352.5  	     350.8  	     311.9  	     
354.0  	     351.0  	     349.7  	     357.2  	     356.7  	     352.5  	     350.9  	     311.6  	     
354.0  	     351.3  	     349.7  	     357.2  	     356.8  	     352.5  	     350.9  	     311.3  	     
351.2  	     351.4  	     349.7  	     357.2  	     356.8  	     352.5  	     350.8  	     311.6  	     
353.1  	     351.3  	     349.7  	     357.3  	     356.8  	     352.6  	     350.9  	     311.2  	     
355.2  	     351.3  	     349.9  	     357.2  	     356.7  	     352.6  	     351.0  	     311.5  	     
357.2  	     351.2  	     349.8  	     357.2  	     356.8  	     352.6  	     350.9  	     311.1  	     
357.4  	     351.2  	     349.8  	     357.2  	     356.8  	     352.5  	     350.9  	     311.3  	     
358.5  	     351.2  	     349.8  	     357.3  	     356.7  	     352.5  	     351.0  	     312.0  	     
356.7  	     351.0  	     349.8  	     357.2  	     356.7  	     352.5  	     351.0  	     311.5  	     
357.9  	     351.2  	     349.8  	     357.0  	     356.6  	     352.5  	     351.0  	     312.0  	     
358.4  	     351.0  	     349.8  	     356.9  	     356.5  	     352.5  	     350.9  	     311.5  	     
358.2  	     350.6  	     349.9  	     356.5  	     356.1  	     352.5  	     350.9  	     310.5  	     
352.6  	     350.3  	     349.7  	     355.9  	     355.5  	     352.5  	     350.7  	     309.8  	     
352.6  	     350.1  	     349.7  	     355.4  	     355.0  	     352.1  	     350.5  	     309.0  	     
352.5  	     349.7  	     349.7  	     355.0  	     354.6  	     352.0  	     350.4  	     308.8  	     
351.8  	     349.5  	     349.5  	     354.9  	     354.3  	     351.8  	     350.3  	     308.6  	     
351.4  	     349.3  	     349.4  	     354.7  	     354.2  	     351.7  	     350.2  	     309.2  	     
352.4  	     348.9  	     349.3  	     354.4  	     354.0  	     351.5  	     350.1  	     309.5  	     
352.0  	     349.3  	     349.2  	     354.4  	     353.9  	     351.4  	     349.9  	     309.3  	     
352.1  	     349.3  	     349.0  	     354.3  	     353.7  	     351.2  	     349.7  	     309.3  	     
352.0  	     349.9  	     348.9  	     354.2  	     353.8  	     351.0  	     349.6  	     309.5  	     
351.7  	     349.3  	     348.8  	     354.2  	     353.7  	     350.9  	     349.4  	     309.1  	     
351.0  	     349.0  	     348.7  	     354.1  	     353.6  	     350.9  	     349.3  	     309.5  	     
350.6  	     349.4  	     348.6  	     353.9  	     353.6  	     350.7  	     349.3  	     309.3  	     
350.7  	     349.0  	     348.5  	     354.0  	     353.5  	     350.6  	     349.3  	     309.8  	     
350.8  	     348.0  	     348.3  	     353.9  	     353.4  	     350.6  	     349.1  	     309.6  	     
350.2  	     348.6  	     348.3  	     353.9  	     353.6  	     350.3  	     348.9  	     310.2  	     
350.8  	     348.1  	     348.2  	     353.9  	     353.4  	     350.4  	     348.8  	     310.4  	     
350.2  	     347.7  	     348.1  	     353.9  	     353.4  	     350.3  	     348.9  	     310.4  	     
350.3  	     347.8  	     347.9  	     353.8  	     353.2  	     350.3  	     348.9  	     310.2  	     
350.2  	     347.8  	     347.9  	     353.6  	     352.8  	     350.1  	     348.6  	     310.0  	     
350.0  	     347.6  	     347.8  	     353.4  	     352.9  	     349.8  	     348.7  	     310.1  	     
350.0  	     347.7  	     347.8  	     353.4  	     352.9  	     349.8  	     348.5  	     310.2  	     
350.0  	     347.6  	     347.6  	     353.4  	     352.9  	     349.9  	     348.3  	     309.9  	     
350.1  	     347.5  	     347.7  	     353.6  	     353.0  	     349.5  	     348.3  	     310.4  	     
350.0  	     347.6  	     347.4  	     353.6  	     353.2  	     349.6  	     348.2  	     310.2  	     
350.0  	     347.6  	     347.4  	     353.7  	     352.9  	     349.6  	     348.2  	     310.5  	     
349.7  	     347.5  	     347.2  	     353.6  	     353.2  	     349.4  	     348.2  	     310.5  	     
349.8  	     347.6  	     347.3  	     353.7  	     353.2  	     349.6  	     348.0  	     310.5  	     
349.4  	     347.7  	     347.2  	     353.6  	     353.2  	     349.6  	     348.2  	     310.8  	     
349.6  	     347.5  	     347.1  	     353.5  	     353.0  	     349.5  	     347.9  	     310.4  	     
349.5  	     347.5  	     347.0  	     353.5  	     353.2  	     349.4  	     347.9  	     310.7  	     
349.5  	     347.6  	     347.1  	     353.5  	     353.2  	     349.2  	     347.9  	     310.4  	     
349.4  	     347.6  	     347.1  	     353.6  	     353.0  	     349.4  	     347.9  	     311.1  	     
349.6  	     347.6  	     346.9  	     353.5  	     353.0  	     349.4  	     347.7  	     310.1  	     
349.7  	     347.6  	     346.9  	     353.6  	     353.0  	     349.3  	     347.7  	     310.9  	     
349.6  	     347.4  	     346.9  	     353.5  	     353.0  	     349.1  	     347.7  	     311.2  	     
349.4  	     347.5  	     347.0  	     353.5  	     352.9  	     349.1  	     347.7  	     311.2  	     
349.1  	     347.6  	     346.7  	     353.4  	     352.9  	     349.2  	     347.5  	     311.1  	     
349.4  	     347.6  	     346.9  	     353.5  	     352.9  	     349.1  	     347.8  	     311.2  	     
348.7  	     347.7  	     346.7  	     353.4  	     353.0  	     349.1  	     347.6  	     311.3  	     
349.0  	     347.4  	     346.8  	     353.5  	     352.9  	     349.1  	     347.5  	     311.2  	     
349.4  	     347.2  	     346.7  	     353.5  	     352.9  	     349.1  	     347.6  	     311.2  	     
348.8  	     347.7  	     346.7  	     353.4  	     352.9  	     349.1  	     347.5  	     310.9  	     
349.4  	     347.6  	     346.6  	     353.4  	     352.9  	     349.1  	     347.5  	     311.6  	     
349.0  	     347.5  	     346.6  	     353.4  	     352.9  	     349.0  	     347.5  	     311.3  	     
349.0  	     347.5  	     346.6  	     353.4  	     352.8  	     349.1  	     347.5  	     311.4  	     
349.0  	     347.4  	     346.5  	     353.3  	     352.7  	     349.0  	     347.4  	     311.2  	     
349.2  	     347.4  	     346.5  	     353.3  	     352.7  	     349.2  	     347.3  	     311.2  	     
349.2  	     347.5  	     346.4  	     353.2  	     352.7  	     349.1  	     347.3  	     311.5  	     
349.1  	     347.5  	     346.4  	     353.4  	     352.8  	     349.0  	     347.3  	     311.2  	     
349.0  	     347.2  	     346.5  	     353.3  	     352.7  	     349.0  	     347.3  	     311.2  	     
349.0  	     347.3  	     346.4  	     353.0  	     352.6  	     348.9  	     347.3  	     311.2  	     
349.0  	     347.2  	     346.4  	     353.0  	     352.5  	     349.0  	     347.3  	     311.0  	     
348.8  	     347.2  	     346.3  	     353.0  	     352.6  	     348.9  	     347.2  	     311.2  	     
348.7  	     347.1  	     346.3  	     353.0  	     352.6  	     348.8  	     347.1  	     311.2  	     
348.7  	     347.2  	     346.2  	     353.0  	     352.6  	     348.9  	     347.2  	     311.3  	     
348.8  	     347.3  	     346.4  	     353.2  	     352.6  	     348.8  	     347.2  	     311.2  	     
348.6  	     347.2  	     346.3  	     353.3  	     352.7  	     348.8  	     347.1  	     311.6  	     
349.0  	     347.3  	     346.3  	     353.3  	     352.7  	     348.9  	     347.2  	     311.6  	     
349.0  	     347.4  	     346.2  	     353.2  	     352.7  	     348.9  	     347.1  	     311.1  	     
348.9  	     347.3  	     346.3  	     353.2  	     352.7  	     348.8  	     347.0  	     311.7  	     
348.9  	     347.2  	     346.3  	     353.0  	     352.7  	     348.8  	     347.0  	     311.7  	     
349.0  	     347.3  	     346.2  	     352.8  	     352.6  	     348.8  	     347.0  	     311.5  	     
349.0  	     347.2  	     346.2  	     353.0  	     352.6  	     348.7  	     347.0  	     311.4  	     
349.0  	     347.3  	     346.2  	     353.3  	     352.6  	     348.7  	     347.0  	     311.4  	     
348.9  	     347.2  	     346.1  	     353.0  	     352.5  	     348.7  	     347.0  	     311.0  	     
348.8  	     346.9  	     346.2  	     352.6  	     352.2  	     348.7  	     347.0  	     310.7  	     
348.8  	     346.5  	     346.1  	     352.1  	     351.5  	     348.6  	     346.9  	     309.6  	     
348.9  	     345.5  	     346.2  	     350.2  	     349.7  	     348.4  	     346.6  	     305.1  	     
348.7  	     343.0  	     346.3  	     346.8  	     346.4  	     347.9  	     345.8  	     298.3  	     
348.1  	     340.6  	     345.9  	     343.4  	     343.0  	     347.0  	     344.9  	     292.9  	     
346.9  	     337.7  	     345.2  	     340.2  	     339.6  	     345.5  	     343.9  	     289.6  	     
345.7  	     335.2  	     344.2  	     337.1  	     336.7  	     343.9  	     342.6  	     286.8  	     
344.1  	     332.5  	     343.0  	     334.6  	     333.9  	     342.3  	     341.2  	     284.6  	     
342.5  	     330.2  	     341.9  	     332.0  	     331.4  	     340.6  	     339.9  	     283.3  	     
340.9  	     327.2  	     340.7  	     328.7  	     328.1  	     339.1  	     338.4  	     279.4  	     
339.2  	     323.6  	     339.5  	     324.5  	     323.8  	     337.2  	     336.6  	     273.1  	     
337.2  	     320.0  	     338.0  	     320.1  	     319.6  	     334.9  	     334.6  	     268.4  	     
334.9  	     316.4  	     336.2  	     316.2  	     315.7  	     332.4  	     332.5  	     265.2  	     
333.3  	     314.0  	     334.8  	     313.7  	     313.2  	     330.7  	     331.0  	     263.6  	     
332.6  	     312.8  	     334.2  	     312.8  	     312.1  	     329.8  	     330.2  	     262.6  	     
330.0  	     309.6  	     331.9  	     309.4  	     308.7  	     327.2  	     328.0  	     260.6  	     
327.6  	     305.4  	     329.9  	     304.9  	     304.2  	     324.8  	     325.6  	     255.0  	     
324.9  	     301.1  	     327.7  	     300.4  	     299.8  	     321.9  	     322.8  	     250.4  	     
322.3  	     297.2  	     325.2  	     296.2  	     295.6  	     318.8  	     320.0  	     246.5  	     
319.3  	     292.8  	     322.6  	     291.7  	     290.8  	     315.8  	     317.2  	     241.8  	     
316.0  	     288.4  	     319.7  	     287.0  	     286.3  	     312.8  	     314.1  	     237.3  	     
313.0  	     283.8  	     316.8  	     282.6  	     281.9  	     309.5  	     311.2  	     233.7  	     
309.8  	     279.3  	     313.6  	     278.2  	     277.3  	     306.2  	     307.9  	     229.7  	     
306.1  	     275.0  	     310.6  	     273.5  	     272.6  	     302.9  	     304.6  	     226.0  	     
302.7  	     270.4  	     307.2  	     268.7  	     267.9  	     299.5  	     301.3  	     222.0  	     
299.0  	     265.8  	     303.7  	     264.0  	     263.4  	     296.1  	     297.8  	     217.9  	     
295.1  	     261.0  	     300.3  	     259.3  	     258.6  	     292.8  	     294.2  	     213.9  	     
291.5  	     256.5  	     296.8  	     254.6  	     253.8  	     289.4  	     290.6  	     210.6  	     
287.7  	     251.7  	     292.9  	     250.0  	     249.1  	     286.0  	     287.1  	     207.1  	     
284.0  	     247.2  	     289.2  	     245.5  	     244.6  	     282.5  	     283.3  	     203.2  	     
280.2  	     242.7  	     285.5  	     241.0  	     240.0  	     279.0  	     279.6  	     200.0  	     
276.1  	     238.1  	     281.4  	     236.3  	     235.4  	     275.5  	     275.7  	     196.4  	     
272.0  	     233.5  	     277.7  	     232.0  	     230.9  	     272.1  	     271.9  	     193.1  	     
268.3  	     229.2  	     273.6  	     227.4  	     226.5  	     268.6  	     267.9  	     190.0  	     
264.3  	     224.7  	     269.7  	     223.2  	     222.2  	     265.0  	     264.0  	     186.5  	     
260.1  	     220.2  	     265.9  	     218.9  	     218.0  	     261.6  	     260.1  	     183.7  	     
256.3  	     216.4  	     261.8  	     215.0  	     214.0  	     258.1  	     256.1  	     181.0  	     
252.4  	     212.1  	     257.7  	     211.0  	     210.2  	     254.7  	     252.1  	     178.2  	     
248.3  	     208.1  	     253.7  	     207.0  	     206.1  	     251.2  	     248.3  	     175.7  	     
244.7  	     204.1  	     249.9  	     203.3  	     202.4  	     247.8  	     244.5  	     173.3  	     
240.7  	     200.6  	     246.1  	     199.8  	     198.9  	     244.5  	     240.6  	     171.2  	     
237.1  	     197.0  	     242.2  	     196.2  	     195.5  	     241.2  	     236.9  	     169.0  	     
233.2  	     193.3  	     238.5  	     192.8  	     192.0  	     237.9  	     233.1  	     166.9  	     
230.0  	     190.0  	     234.8  	     189.7  	     188.9  	     234.7  	     229.6  	     164.7  	     
225.9  	     186.9  	     231.0  	     186.7  	     185.9  	     231.4  	     226.0  	     163.0  	     
222.3  	     183.5  	     227.5  	     183.6  	     182.8  	     228.4  	     222.5  	     160.9  	     
219.0  	     180.7  	     223.8  	     181.0  	     180.2  	     225.3  	     219.0  	     159.3  	     
215.2  	     177.7  	     220.4  	     178.1  	     177.3  	     222.3  	     215.6  	     157.5  	     
212.3  	     174.9  	     217.0  	     175.6  	     174.8  	     219.4  	     212.2  	     156.0  	     
208.9  	     172.3  	     213.6  	     173.0  	     172.4  	     216.4  	     208.9  	     154.6  	     
205.3  	     169.8  	     210.4  	     170.6  	     170.0  	     213.5  	     205.8  	     153.0  	     
202.3  	     167.2  	     207.3  	     168.2  	     167.7  	     210.7  	     202.6  	     151.5  	     
199.6  	     164.8  	     204.1  	     166.1  	     165.5  	     207.9  	     199.4  	     150.0  	     
196.6  	     162.6  	     201.2  	     163.9  	     163.4  	     205.2  	     196.6  	     148.5  	     
193.7  	     160.4  	     198.4  	     161.9  	     161.3  	     202.4  	     193.7  	     147.4  	     
190.8  	     158.3  	     195.5  	     159.8  	     159.4  	     199.8  	     191.0  	     146.2  	     
188.4  	     156.3  	     192.7  	     157.8  	     157.3  	     197.2  	     188.1  	     144.8  	     
185.6  	     154.4  	     190.1  	     156.0  	     155.5  	     194.7  	     185.6  	     143.8  	     
182.9  	     152.5  	     187.4  	     154.2  	     153.7  	     192.2  	     182.9  	     142.5  	     
180.3  	     150.6  	     184.8  	     152.5  	     152.1  	     189.7  	     180.4  	     141.7  	     
177.9  	     149.1  	     182.3  	     151.0  	     150.6  	     187.4  	     177.9  	     140.5  	     
175.6  	     147.4  	     180.0  	     149.4  	     149.0  	     185.1  	     175.5  	     139.5  	     
173.3  	     146.0  	     177.7  	     147.9  	     147.4  	     182.7  	     173.2  	     138.7  	     
171.0  	     144.3  	     175.6  	     146.3  	     145.9  	     180.6  	     171.1  	     137.9  	     
168.8  	     143.0  	     173.2  	     145.0  	     144.7  	     178.4  	     169.0  	     136.6  	     
166.9  	     141.4  	     171.1  	     143.8  	     143.4  	     176.3  	     166.7  	     136.1  	     
164.7  	     140.1  	     169.0  	     142.5  	     142.2  	     174.3  	     164.8  	     135.2  	     
162.8  	     138.8  	     167.1  	     141.3  	     141.0  	     172.2  	     162.7  	     134.6  	     
160.9  	     138.0  	     165.0  	     140.2  	     139.8  	     170.4  	     160.8  	     134.0  	     
159.0  	     136.7  	     163.1  	     139.0  	     138.8  	     168.3  	     159.1  	     133.3  	     
157.3  	     135.7  	     161.5  	     138.0  	     137.8  	     166.6  	     157.2  	     132.3  	     
155.8  	     134.5  	     159.8  	     137.0  	     136.7  	     164.7  	     155.6  	     131.6  	     
154.1  	     133.6  	     158.1  	     135.9  	     135.6  	     163.0  	     154.0  	     131.0  	     
152.2  	     132.9  	     156.6  	     134.9  	     134.7  	     161.5  	     152.4  	     130.4  	     
150.6  	     131.7  	     154.9  	     133.9  	     133.8  	     159.9  	     150.7  	     129.8  	     
149.3  	     131.0  	     153.4  	     133.1  	     132.9  	     158.2  	     149.1  	     129.3  	     
147.7  	     130.2  	     151.9  	     132.3  	     132.0  	     156.7  	     147.7  	     128.8  	     
146.3  	     129.3  	     150.6  	     131.4  	     131.2  	     155.1  	     146.4  	     128.3  	     
145.0  	     128.5  	     149.1  	     130.5  	     130.4  	     153.7  	     145.0  	     127.6  	     
143.7  	     127.9  	     147.9  	     129.8  	     129.6  	     152.3  	     143.6  	     127.0  	     
142.5  	     126.9  	     146.6  	     129.0  	     128.9  	     150.9  	     142.4  	     126.5  	     
141.2  	     126.4  	     145.2  	     128.2  	     128.0  	     149.5  	     141.1  	     125.9  	     
140.0  	     125.5  	     144.0  	     127.4  	     127.3  	     148.2  	     139.9  	     125.3  	     
138.8  	     124.7  	     142.8  	     126.6  	     126.5  	     146.8  	     138.8  	     124.6  	     
137.6  	     124.2  	     141.6  	     125.9  	     125.9  	     145.6  	     137.5  	     124.3  	     
136.6  	     123.3  	     140.5  	     125.3  	     125.2  	     144.4  	     136.4  	     123.5  	     
135.6  	     123.0  	     139.5  	     124.6  	     124.6  	     143.2  	     135.3  	     123.2  	     
134.6  	     122.4  	     138.3  	     124.0  	     124.0  	     142.0  	     134.3  	     122.8  	     
133.7  	     121.7  	     137.3  	     123.4  	     123.3  	     140.8  	     133.3  	     122.6  	     
132.7  	     121.1  	     136.4  	     122.7  	     122.7  	     139.7  	     132.5  	     121.5  	     
131.7  	     120.6  	     135.3  	     122.1  	     122.1  	     138.7  	     131.5  	     122.0  	     
130.8  	     120.0  	     134.4  	     121.6  	     121.6  	     137.6  	     130.6  	     121.7  	     
129.8  	     119.5  	     133.5  	     121.0  	     120.9  	     136.5  	     129.7  	     120.8  	     
129.0  	     119.0  	     132.6  	     120.4  	     120.4  	     135.7  	     128.8  	     120.4  	     
128.0  	     118.5  	     131.8  	     120.0  	     119.9  	     134.8  	     128.0  	     119.9  	     
128.2  	     118.7  	     131.8  	     119.9  	     119.9  	     134.7  	     128.0  	     120.0  	     
127.3  	     117.7  	     130.9  	     119.2  	     119.1  	     133.7  	     127.2  	     118.2  	     
126.6  	     116.8  	     130.0  	     117.9  	     117.9  	     132.8  	     126.0  	     116.0  	     
125.7  	     115.5  	     129.2  	     116.4  	     116.5  	     131.7  	     125.0  	     113.3  	     
124.9  	     114.3  	     128.3  	     114.9  	     115.1  	     130.8  	     124.0  	     111.6  	     
123.7  	     113.1  	     127.3  	     113.3  	     113.4  	     129.7  	     122.9  	     108.8  	     
122.7  	     111.6  	     126.3  	     111.8  	     111.8  	     128.8  	     121.9  	     106.7  	     
121.6  	     110.5  	     125.3  	     110.5  	     110.6  	     127.8  	     120.8  	     104.7  	     
120.7  	     109.4  	     124.4  	     109.5  	     109.6  	     126.6  	     120.0  	     102.7  	     
119.4  	     108.5  	     123.4  	     108.8  	     108.8  	     125.9  	     119.1  	     101.7  	     
118.6  	     107.6  	     122.5  	     107.9  	     108.1  	     126.0  	     118.2  	     100.3  	     
117.4  	     106.7  	     121.7  	     107.6  	     107.7  	     125.0  	     117.5  	     99.6  	     
117.0  	     106.4  	     121.1  	     107.4  	     107.5  	     124.3  	     116.9  	     99.5  	     