
G34-PTC1  	G34-PTC9  	G34-PTC16  	G34-PTC32  	G34-PTC34  	G34-PTC36  	G34-PTC37  	G34-PTC44  	
Deg.F  	     Deg.F  	     Deg.F  	     Deg.F  	     Deg.F  	     Deg.F  	     Deg.F  	     Deg.F  	     
74.3  	     74.4  	     75.7  	     73.4  	     74.6  	     74.5  	     73.8  	     72.7  	     
74.3  	     74.4  	     75.7  	     73.4  	     74.6  	     74.5  	     73.8  	     72.7  	     
74.3  	     74.3  	     75.7  	     73.4  	     74.7  	     74.5  	     73.9  	     72.7  	     
75.0  	     74.3  	     75.9  	     73.6  	     74.8  	     74.7  	     74.0  	     73.1  	     
75.6  	     74.3  	     76.2  	     73.7  	     75.0  	     74.8  	     74.4  	     73.1  	     
76.1  	     74.5  	     76.6  	     73.9  	     75.1  	     74.8  	     74.6  	     73.5  	     
76.6  	     74.6  	     76.8  	     74.1  	     75.3  	     75.0  	     74.8  	     73.7  	     
76.9  	     74.7  	     77.1  	     74.3  	     75.5  	     75.0  	     75.1  	     74.0  	     
77.5  	     75.0  	     77.4  	     74.6  	     75.8  	     75.5  	     75.4  	     74.2  	     
77.8  	     75.2  	     77.7  	     74.7  	     75.8  	     75.5  	     75.6  	     74.4  	     
78.3  	     75.4  	     77.9  	     74.9  	     76.1  	     75.6  	     75.9  	     74.6  	     
78.7  	     75.7  	     78.2  	     75.3  	     76.4  	     75.7  	     76.1  	     74.7  	     
79.1  	     75.7  	     78.4  	     75.3  	     76.5  	     75.9  	     76.5  	     74.9  	     
79.6  	     76.1  	     78.7  	     75.5  	     76.5  	     75.9  	     76.8  	     75.2  	     
79.9  	     76.2  	     79.0  	     75.7  	     76.7  	     76.0  	     77.1  	     75.3  	     
80.3  	     76.5  	     79.3  	     76.0  	     76.9  	     76.0  	     77.4  	     75.6  	     
80.6  	     76.8  	     79.6  	     76.2  	     77.1  	     76.2  	     77.6  	     75.7  	     
80.9  	     77.0  	     79.7  	     76.5  	     77.3  	     76.7  	     77.7  	     76.0  	     
80.8  	     77.0  	     79.7  	     76.5  	     77.2  	     76.5  	     77.9  	     75.9  	     
81.3  	     77.3  	     80.0  	     76.7  	     77.5  	     76.7  	     78.0  	     76.1  	     
81.6  	     77.6  	     80.3  	     77.0  	     77.8  	     76.9  	     78.2  	     76.3  	     
81.9  	     77.7  	     80.3  	     77.4  	     78.0  	     77.1  	     78.5  	     76.5  	     
82.1  	     78.0  	     80.6  	     77.4  	     78.1  	     77.2  	     78.8  	     76.9  	     
82.4  	     78.2  	     80.7  	     77.5  	     78.3  	     77.3  	     78.9  	     77.0  	     
82.5  	     78.4  	     80.9  	     77.6  	     78.3  	     77.5  	     78.9  	     76.9  	     
82.9  	     78.5  	     81.3  	     77.9  	     78.6  	     77.7  	     79.2  	     77.4  	     
83.2  	     78.7  	     81.5  	     78.3  	     78.8  	     77.8  	     79.6  	     77.5  	     
84.0  	     78.7  	     82.0  	     78.5  	     79.1  	     78.1  	     80.0  	     78.1  	     
84.8  	     79.1  	     82.6  	     78.8  	     79.5  	     78.4  	     80.5  	     78.5  	     
85.6  	     79.7  	     83.4  	     79.4  	     80.0  	     78.8  	     80.8  	     78.9  	     
86.3  	     79.9  	     84.0  	     79.8  	     80.3  	     79.0  	     81.4  	     79.2  	     
87.0  	     80.4  	     84.7  	     80.5  	     81.0  	     79.5  	     82.0  	     79.6  	     
87.7  	     80.8  	     85.3  	     81.1  	     81.6  	     80.0  	     82.6  	     80.2  	     
88.5  	     81.3  	     85.9  	     81.6  	     82.0  	     80.3  	     83.0  	     80.5  	     
89.2  	     81.8  	     86.2  	     82.0  	     82.6  	     80.8  	     83.6  	     81.0  	     
90.0  	     82.2  	     87.0  	     82.8  	     82.9  	     81.4  	     84.1  	     81.4  	     
90.5  	     82.8  	     87.6  	     83.3  	     83.3  	     81.5  	     84.6  	     81.9  	     
90.8  	     83.0  	     87.7  	     83.5  	     83.7  	     81.6  	     84.8  	     82.2  	     
91.2  	     83.2  	     88.2  	     83.8  	     84.0  	     81.9  	     85.3  	     82.4  	     
91.9  	     83.9  	     88.8  	     84.4  	     84.4  	     82.3  	     85.9  	     83.0  	     
92.7  	     84.5  	     89.4  	     84.9  	     85.0  	     82.8  	     86.5  	     83.5  	     
93.2  	     85.1  	     90.0  	     85.7  	     85.4  	     83.3  	     87.1  	     84.1  	     
94.0  	     85.6  	     90.7  	     86.1  	     86.3  	     83.9  	     87.8  	     84.6  	     
94.8  	     86.5  	     91.4  	     87.1  	     86.7  	     84.6  	     88.5  	     85.3  	     
95.3  	     87.0  	     92.1  	     87.8  	     87.4  	     85.1  	     89.0  	     85.9  	     
96.0  	     87.6  	     92.9  	     88.4  	     88.1  	     85.5  	     89.8  	     86.4  	     
96.5  	     88.2  	     93.4  	     89.2  	     88.9  	     86.2  	     90.5  	     87.1  	     
97.4  	     88.9  	     94.1  	     89.7  	     89.5  	     86.5  	     91.0  	     87.8  	     
97.9  	     89.4  	     94.8  	     90.5  	     90.0  	     87.2  	     91.6  	     88.4  	     
98.7  	     90.1  	     95.6  	     91.1  	     90.7  	     87.8  	     92.4  	     89.2  	     
99.6  	     90.7  	     96.2  	     91.8  	     91.3  	     88.4  	     93.0  	     89.8  	     
100.2  	     91.5  	     97.0  	     92.6  	     92.0  	     89.0  	     93.7  	     90.5  	     
100.8  	     92.2  	     97.5  	     93.3  	     92.7  	     89.5  	     94.5  	     91.1  	     
101.4  	     92.9  	     98.2  	     94.1  	     93.4  	     90.1  	     95.1  	     91.8  	     
102.1  	     93.5  	     98.9  	     94.9  	     94.1  	     90.9  	     95.8  	     92.5  	     
102.8  	     94.3  	     99.7  	     95.6  	     94.7  	     91.7  	     96.6  	     93.2  	     
103.5  	     95.0  	     100.4  	     96.4  	     95.6  	     92.1  	     97.3  	     94.1  	     
103.8  	     95.0  	     100.6  	     96.6  	     95.8  	     92.4  	     97.4  	     94.2  	     
104.4  	     95.5  	     101.0  	     97.1  	     96.3  	     93.0  	     97.9  	     94.9  	     
104.9  	     96.2  	     101.7  	     97.8  	     97.2  	     93.5  	     98.7  	     95.6  	     
105.4  	     97.0  	     102.1  	     98.5  	     97.8  	     94.1  	     99.2  	     96.1  	     
105.7  	     97.7  	     102.4  	     99.1  	     98.4  	     95.0  	     99.8  	     96.7  	     
106.8  	     98.3  	     103.4  	     99.9  	     98.9  	     95.5  	     100.5  	     97.5  	     
108.5  	     99.0  	     105.1  	     100.8  	     99.9  	     96.4  	     101.7  	     98.6  	     
111.3  	     99.5  	     107.2  	     102.1  	     101.1  	     97.3  	     103.2  	     100.1  	     
114.1  	     100.4  	     109.9  	     103.4  	     102.8  	     98.4  	     104.7  	     101.5  	     
117.5  	     101.4  	     112.1  	     105.4  	     105.1  	     100.0  	     106.7  	     103.6  	     
121.6  	     102.7  	     115.0  	     107.2  	     107.3  	     101.1  	     108.9  	     105.7  	     
126.0  	     104.0  	     118.2  	     110.1  	     109.6  	     102.8  	     111.3  	     107.8  	     
130.8  	     106.0  	     121.5  	     112.1  	     112.2  	     104.8  	     113.9  	     110.0  	     
135.6  	     108.2  	     124.8  	     114.9  	     114.8  	     106.9  	     116.5  	     112.2  	     
140.7  	     110.5  	     128.8  	     118.0  	     118.1  	     108.9  	     119.4  	     114.4  	     
146.1  	     113.0  	     132.5  	     121.3  	     121.1  	     111.5  	     122.4  	     117.2  	     
151.7  	     116.1  	     136.3  	     124.6  	     124.5  	     113.8  	     125.7  	     120.1  	     
156.9  	     119.2  	     140.5  	     128.2  	     127.6  	     116.5  	     128.9  	     122.8  	     
162.4  	     122.6  	     144.6  	     131.7  	     130.6  	     119.5  	     132.2  	     125.9  	     
168.3  	     125.7  	     148.4  	     135.1  	     133.7  	     122.2  	     135.6  	     129.0  	     
173.6  	     129.5  	     153.2  	     139.0  	     137.0  	     125.1  	     139.3  	     132.2  	     
179.3  	     133.1  	     157.7  	     142.7  	     140.3  	     128.1  	     142.9  	     135.6  	     
185.5  	     136.9  	     161.6  	     146.9  	     143.8  	     131.0  	     146.8  	     139.0  	     
188.2  	     139.1  	     163.8  	     149.1  	     145.8  	     133.0  	     148.6  	     140.7  	     
190.8  	     141.0  	     166.0  	     151.3  	     147.6  	     134.4  	     150.6  	     142.4  	     
196.4  	     145.2  	     170.7  	     155.4  	     151.1  	     138.1  	     154.6  	     145.9  	     
201.7  	     149.5  	     175.2  	     159.8  	     154.9  	     141.3  	     158.3  	     150.2  	     
207.6  	     154.0  	     179.6  	     164.0  	     158.5  	     144.5  	     162.2  	     153.4  	     
213.0  	     158.4  	     184.0  	     168.1  	     162.1  	     147.7  	     166.4  	     157.0  	     
218.4  	     162.7  	     188.7  	     172.5  	     165.7  	     151.5  	     170.4  	     160.6  	     
223.6  	     167.1  	     193.2  	     176.8  	     169.7  	     154.9  	     174.4  	     164.4  	     
226.8  	     170.1  	     195.9  	     179.4  	     172.0  	     157.1  	     177.0  	     167.0  	     
228.7  	     171.7  	     197.6  	     181.1  	     173.2  	     158.5  	     178.4  	     168.2  	     
233.7  	     175.9  	     202.5  	     185.3  	     177.4  	     161.8  	     182.4  	     172.2  	     
238.9  	     180.4  	     206.7  	     189.9  	     180.8  	     165.9  	     186.5  	     175.9  	     
242.6  	     184.9  	     210.9  	     193.8  	     184.7  	     169.4  	     190.5  	     179.9  	     
245.9  	     189.4  	     214.4  	     197.5  	     187.8  	     172.1  	     194.2  	     183.5  	     
248.3  	     192.6  	     217.0  	     200.5  	     190.6  	     175.0  	     196.9  	     186.1  	     
249.1  	     193.7  	     217.9  	     201.2  	     191.5  	     175.8  	     197.7  	     187.0  	     
251.5  	     197.8  	     220.9  	     204.6  	     194.6  	     179.0  	     201.2  	     190.3  	     
253.4  	     201.9  	     223.7  	     208.2  	     198.1  	     182.2  	     204.1  	     193.4  	     
255.4  	     206.0  	     226.3  	     211.5  	     201.7  	     185.2  	     207.3  	     196.8  	     
257.3  	     209.4  	     228.8  	     214.7  	     204.8  	     188.4  	     210.4  	     199.7  	     
258.1  	     212.8  	     230.9  	     217.5  	     207.7  	     191.5  	     213.2  	     202.5  	     
258.8  	     215.9  	     233.0  	     220.0  	     210.7  	     194.6  	     216.0  	     205.4  	     
259.2  	     218.9  	     235.0  	     222.6  	     213.2  	     197.4  	     218.5  	     207.9  	     
259.6  	     221.7  	     236.8  	     224.7  	     215.7  	     199.9  	     220.9  	     210.4  	     
259.9  	     221.8  	     236.9  	     224.8  	     215.4  	     199.7  	     221.0  	     210.3  	     
260.8  	     224.6  	     238.6  	     227.0  	     217.9  	     202.3  	     223.3  	     212.8  	     
260.8  	     226.8  	     240.0  	     229.0  	     220.0  	     204.9  	     225.4  	     215.3  	     
261.6  	     229.2  	     241.5  	     230.7  	     222.2  	     207.3  	     227.3  	     217.5  	     
261.8  	     231.3  	     242.9  	     232.7  	     224.0  	     209.8  	     229.2  	     219.4  	     
262.0  	     233.4  	     244.1  	     234.2  	     225.7  	     212.1  	     231.2  	     221.5  	     
262.8  	     235.4  	     245.1  	     235.6  	     227.4  	     214.1  	     233.0  	     223.2  	     
262.5  	     237.1  	     246.2  	     237.2  	     229.0  	     216.2  	     234.6  	     225.1  	     
262.7  	     238.9  	     247.3  	     238.5  	     230.7  	     218.1  	     236.1  	     226.9  	     
263.0  	     240.6  	     248.1  	     239.7  	     232.0  	     220.1  	     237.6  	     228.7  	     
262.9  	     242.1  	     248.8  	     241.1  	     233.4  	     221.9  	     239.1  	     230.3  	     
263.1  	     243.7  	     249.6  	     242.1  	     235.1  	     223.6  	     240.5  	     231.8  	     
263.1  	     245.0  	     250.4  	     243.7  	     236.4  	     225.3  	     241.6  	     233.3  	     
263.3  	     246.4  	     251.3  	     244.6  	     237.3  	     227.0  	     243.0  	     234.7  	     
263.5  	     247.7  	     251.8  	     245.5  	     238.9  	     228.7  	     244.1  	     236.0  	     
263.6  	     248.9  	     252.4  	     246.5  	     240.3  	     230.2  	     245.1  	     237.2  	     
263.8  	     249.9  	     253.3  	     247.7  	     241.4  	     231.5  	     246.3  	     238.6  	     
263.7  	     251.1  	     253.5  	     248.6  	     242.8  	     233.0  	     247.1  	     239.8  	     
263.7  	     252.1  	     254.0  	     249.5  	     244.0  	     234.4  	     248.0  	     240.9  	     
263.8  	     253.0  	     254.4  	     250.5  	     245.1  	     236.0  	     248.9  	     242.1  	     
263.9  	     253.8  	     254.9  	     251.1  	     246.2  	     237.2  	     249.8  	     243.1  	     
263.8  	     254.6  	     255.2  	     251.9  	     247.3  	     238.3  	     250.6  	     244.2  	     
263.7  	     255.2  	     255.7  	     252.1  	     248.2  	     239.1  	     251.1  	     245.0  	     
263.8  	     255.3  	     255.6  	     252.5  	     248.3  	     239.5  	     251.4  	     245.2  	     
264.0  	     256.0  	     256.0  	     253.2  	     249.3  	     240.7  	     252.0  	     246.1  	     
264.0  	     256.7  	     256.3  	     253.9  	     250.3  	     241.7  	     252.8  	     246.9  	     
264.0  	     257.3  	     256.5  	     254.4  	     251.4  	     242.6  	     253.4  	     247.8  	     
264.2  	     257.7  	     256.8  	     254.9  	     252.0  	     243.8  	     253.9  	     248.6  	     
264.0  	     258.3  	     257.0  	     255.4  	     252.8  	     244.8  	     254.6  	     249.3  	     
264.1  	     258.8  	     257.4  	     255.8  	     253.7  	     245.7  	     255.1  	     250.0  	     
264.1  	     259.4  	     257.8  	     256.3  	     254.4  	     246.7  	     255.5  	     250.8  	     
263.9  	     259.6  	     258.0  	     256.7  	     255.1  	     247.5  	     256.0  	     251.3  	     
264.0  	     260.0  	     258.3  	     257.2  	     255.6  	     248.2  	     256.5  	     252.0  	     
264.0  	     260.4  	     258.6  	     257.7  	     256.4  	     249.2  	     257.0  	     252.6  	     
264.0  	     260.9  	     258.8  	     258.0  	     256.8  	     249.9  	     257.3  	     253.1  	     
264.2  	     261.3  	     259.0  	     258.2  	     257.4  	     250.6  	     257.8  	     253.7  	     
264.4  	     261.6  	     259.1  	     258.7  	     257.9  	     251.3  	     258.1  	     254.1  	     
264.5  	     261.6  	     259.6  	     259.1  	     258.3  	     252.0  	     258.5  	     254.6  	     
264.4  	     261.9  	     259.3  	     259.2  	     258.6  	     252.6  	     258.8  	     255.0  	     
264.2  	     262.1  	     259.3  	     259.7  	     259.1  	     253.3  	     259.2  	     255.5  	     
264.3  	     262.3  	     259.7  	     259.9  	     259.5  	     253.9  	     259.3  	     255.9  	     
264.1  	     262.5  	     259.8  	     260.1  	     259.9  	     254.4  	     259.7  	     256.2  	     
264.5  	     262.7  	     260.0  	     260.3  	     260.2  	     254.9  	     260.0  	     256.6  	     
264.1  	     263.0  	     260.0  	     260.6  	     260.5  	     255.5  	     260.2  	     256.9  	     
264.0  	     263.2  	     260.0  	     260.7  	     260.8  	     256.0  	     260.4  	     257.2  	     
264.1  	     263.3  	     260.1  	     261.0  	     261.1  	     256.3  	     260.5  	     257.6  	     
264.7  	     263.3  	     260.0  	     260.9  	     261.1  	     256.5  	     260.6  	     257.6  	     
264.2  	     263.4  	     260.3  	     261.1  	     261.3  	     256.8  	     260.8  	     257.8  	     
263.9  	     263.6  	     260.3  	     261.2  	     261.5  	     257.2  	     260.9  	     258.2  	     
264.1  	     263.8  	     260.5  	     261.3  	     261.7  	     257.6  	     261.1  	     258.4  	     
264.0  	     263.9  	     260.5  	     261.4  	     261.9  	     257.9  	     261.2  	     258.6  	     
264.2  	     264.1  	     260.6  	     261.6  	     262.1  	     258.2  	     261.6  	     258.9  	     
264.1  	     264.3  	     260.6  	     261.8  	     262.3  	     258.5  	     261.6  	     259.1  	     
264.0  	     264.2  	     260.6  	     261.9  	     262.5  	     259.0  	     261.7  	     259.3  	     
264.1  	     264.2  	     260.7  	     262.0  	     262.8  	     259.2  	     261.8  	     259.5  	     
264.0  	     264.5  	     260.8  	     262.2  	     262.8  	     259.4  	     261.9  	     259.7  	     
264.0  	     264.3  	     260.8  	     262.2  	     263.0  	     259.7  	     262.1  	     259.8  	     
264.1  	     264.4  	     261.0  	     262.3  	     263.1  	     260.0  	     262.0  	     260.1  	     
264.1  	     264.5  	     261.0  	     262.5  	     263.1  	     260.3  	     262.1  	     260.2  	     
264.0  	     264.8  	     261.0  	     262.3  	     263.4  	     260.5  	     262.3  	     260.3  	     
264.0  	     264.9  	     260.9  	     262.5  	     263.5  	     260.6  	     262.2  	     260.4  	     
263.9  	     264.8  	     261.0  	     262.6  	     263.5  	     261.0  	     262.2  	     260.6  	     
263.9  	     264.8  	     260.9  	     262.5  	     263.6  	     261.1  	     262.5  	     260.6  	     
263.8  	     264.8  	     261.0  	     262.7  	     263.7  	     261.2  	     262.5  	     260.7  	     
263.8  	     264.9  	     261.0  	     262.7  	     263.9  	     261.4  	     262.6  	     260.7  	     
263.7  	     264.8  	     261.1  	     262.8  	     263.8  	     261.6  	     262.7  	     260.9  	     
263.6  	     264.8  	     261.0  	     262.7  	     264.0  	     261.6  	     262.6  	     261.0  	     
263.7  	     264.9  	     261.0  	     262.8  	     264.0  	     261.9  	     262.6  	     261.1  	     
263.6  	     264.9  	     260.9  	     262.8  	     264.1  	     262.0  	     262.7  	     261.2  	     
263.5  	     264.9  	     261.0  	     262.8  	     264.1  	     262.1  	     262.6  	     261.2  	     
263.6  	     264.9  	     261.0  	     262.8  	     264.2  	     262.3  	     262.7  	     261.3  	     
263.6  	     264.9  	     261.0  	     263.0  	     264.3  	     262.4  	     262.7  	     261.4  	     
263.6  	     265.0  	     260.9  	     263.0  	     264.4  	     262.5  	     262.7  	     261.4  	     
263.5  	     264.9  	     260.9  	     263.0  	     264.3  	     262.6  	     262.9  	     261.5  	     
263.5  	     265.1  	     260.9  	     263.0  	     264.3  	     262.7  	     262.7  	     261.6  	     
263.5  	     265.0  	     261.0  	     263.0  	     264.3  	     262.8  	     262.8  	     261.6  	     
263.4  	     265.0  	     260.9  	     262.9  	     264.4  	     262.9  	     262.8  	     261.6  	     
263.2  	     264.9  	     261.0  	     262.7  	     264.4  	     262.9  	     262.8  	     261.6  	     
263.3  	     264.9  	     261.0  	     262.7  	     264.4  	     262.9  	     262.8  	     261.6  	     
263.3  	     264.9  	     260.8  	     262.9  	     264.5  	     263.0  	     262.9  	     261.6  	     
263.3  	     264.9  	     261.0  	     262.9  	     264.5  	     263.1  	     262.9  	     261.7  	     
263.2  	     264.8  	     260.9  	     262.9  	     264.4  	     263.1  	     262.8  	     261.6  	     
263.4  	     264.8  	     260.9  	     262.8  	     264.3  	     263.1  	     262.9  	     261.7  	     
263.4  	     264.8  	     260.9  	     262.7  	     264.4  	     263.1  	     262.7  	     261.6  	     
263.2  	     264.8  	     260.9  	     262.8  	     264.5  	     263.2  	     262.6  	     261.7  	     
263.2  	     264.9  	     261.0  	     262.8  	     264.5  	     263.3  	     262.6  	     261.7  	     
263.2  	     265.0  	     261.0  	     262.6  	     264.5  	     263.3  	     262.7  	     261.7  	     
263.3  	     264.8  	     260.7  	     262.9  	     264.6  	     263.5  	     262.8  	     261.9  	     
263.2  	     264.8  	     261.0  	     262.9  	     264.4  	     263.3  	     262.8  	     261.8  	     
263.1  	     264.9  	     260.9  	     262.8  	     264.6  	     263.5  	     263.0  	     261.9  	     
263.1  	     264.8  	     260.9  	     262.9  	     264.7  	     263.5  	     262.9  	     261.8  	     
263.0  	     264.9  	     260.8  	     262.8  	     264.7  	     263.6  	     262.9  	     261.8  	     
263.0  	     264.8  	     260.9  	     262.9  	     264.7  	     263.6  	     262.8  	     261.8  	     
262.7  	     264.9  	     260.7  	     262.7  	     264.6  	     263.6  	     262.8  	     261.7  	     
262.7  	     264.8  	     260.6  	     262.9  	     264.5  	     263.6  	     262.7  	     261.7  	     
262.5  	     264.7  	     260.5  	     262.9  	     264.6  	     263.5  	     262.5  	     261.7  	     
262.5  	     264.7  	     260.2  	     262.6  	     264.4  	     263.6  	     262.5  	     261.6  	     
262.2  	     264.6  	     260.0  	     262.4  	     264.2  	     263.3  	     262.4  	     261.5  	     
261.7  	     264.5  	     259.9  	     262.1  	     264.0  	     263.2  	     262.1  	     261.4  	     
261.3  	     264.5  	     259.6  	     262.1  	     264.0  	     263.1  	     262.1  	     261.3  	     
261.4  	     264.3  	     259.5  	     262.0  	     263.8  	     263.0  	     261.8  	     261.1  	     
261.3  	     264.2  	     259.3  	     261.8  	     263.7  	     263.1  	     261.7  	     261.1  	     
261.1  	     264.0  	     259.1  	     261.7  	     263.7  	     262.7  	     261.6  	     260.8  	     
261.0  	     264.0  	     259.2  	     261.5  	     263.5  	     262.8  	     261.4  	     260.8  	     
260.9  	     263.7  	     259.0  	     261.6  	     263.5  	     262.8  	     261.3  	     260.7  	     
260.8  	     263.6  	     258.9  	     261.1  	     263.4  	     262.9  	     261.3  	     260.6  	     
260.6  	     263.6  	     258.8  	     261.4  	     263.3  	     262.8  	     261.2  	     260.6  	     
260.8  	     263.4  	     258.8  	     261.2  	     263.3  	     262.6  	     261.1  	     260.4  	     
260.7  	     263.4  	     258.7  	     261.1  	     263.3  	     262.5  	     261.0  	     260.5  	     
260.6  	     263.2  	     258.7  	     260.8  	     263.1  	     262.2  	     261.0  	     260.4  	     
260.7  	     263.1  	     258.7  	     261.0  	     263.1  	     262.5  	     260.9  	     260.4  	     
260.7  	     263.0  	     258.7  	     260.9  	     263.0  	     262.3  	     260.9  	     260.3  	     
260.8  	     262.9  	     258.7  	     260.9  	     263.0  	     262.3  	     260.9  	     260.3  	     
260.7  	     262.8  	     258.7  	     260.8  	     263.0  	     262.3  	     260.9  	     260.2  	     
260.8  	     262.8  	     258.8  	     260.8  	     262.9  	     262.2  	     260.8  	     260.2  	     
260.9  	     262.7  	     258.7  	     260.8  	     263.0  	     262.3  	     260.9  	     260.2  	     
261.0  	     262.9  	     258.7  	     260.8  	     263.0  	     262.1  	     260.9  	     260.2  	     
260.8  	     262.9  	     258.7  	     260.8  	     262.9  	     262.2  	     261.0  	     260.2  	     
260.9  	     262.7  	     258.6  	     260.9  	     263.0  	     262.2  	     260.9  	     260.2  	     
260.8  	     262.7  	     258.8  	     260.9  	     263.0  	     262.2  	     261.0  	     260.2  	     
260.9  	     262.7  	     258.8  	     260.8  	     262.9  	     262.2  	     261.0  	     260.2  	     
260.5  	     262.7  	     259.0  	     260.9  	     263.0  	     262.2  	     260.9  	     260.2  	     
260.7  	     262.7  	     258.6  	     260.8  	     262.9  	     262.2  	     260.9  	     260.2  	     
260.7  	     262.7  	     258.9  	     260.8  	     263.1  	     262.3  	     261.0  	     260.2  	     
260.8  	     262.7  	     258.9  	     260.8  	     263.1  	     262.0  	     260.9  	     260.1  	     
260.7  	     262.7  	     258.9  	     260.8  	     262.9  	     262.1  	     260.9  	     260.1  	     
260.9  	     262.7  	     258.8  	     260.8  	     262.8  	     262.1  	     260.9  	     260.1  	     
261.0  	     262.7  	     258.8  	     260.7  	     262.8  	     262.1  	     260.8  	     260.1  	     
261.0  	     262.6  	     258.8  	     260.7  	     262.8  	     262.3  	     260.8  	     260.2  	     
260.9  	     262.6  	     258.8  	     260.8  	     262.8  	     262.1  	     260.9  	     260.2  	     
261.0  	     262.6  	     258.7  	     260.8  	     263.0  	     262.2  	     260.8  	     260.2  	     
261.1  	     262.5  	     258.8  	     260.7  	     262.8  	     262.1  	     260.8  	     260.2  	     
261.1  	     262.6  	     258.8  	     260.8  	     262.8  	     262.0  	     260.9  	     260.2  	     
261.1  	     262.6  	     258.8  	     260.9  	     262.8  	     262.1  	     260.8  	     260.2  	     
261.0  	     262.6  	     258.8  	     260.9  	     262.7  	     262.1  	     260.9  	     260.2  	     
261.2  	     262.7  	     258.9  	     260.8  	     262.9  	     262.3  	     260.9  	     260.1  	     
261.1  	     262.6  	     258.8  	     260.8  	     262.8  	     262.1  	     260.9  	     260.2  	     
261.2  	     262.6  	     259.0  	     260.9  	     262.8  	     262.0  	     260.9  	     260.2  	     
261.2  	     262.5  	     258.9  	     260.8  	     262.6  	     262.0  	     260.9  	     260.2  	     
261.2  	     262.5  	     258.9  	     260.8  	     262.8  	     262.0  	     260.8  	     260.1  	     
261.1  	     262.5  	     258.8  	     260.8  	     262.7  	     262.1  	     260.9  	     260.1  	     
261.0  	     262.6  	     259.0  	     260.7  	     262.8  	     261.9  	     260.9  	     260.1  	     
261.1  	     262.6  	     259.0  	     260.8  	     262.9  	     262.1  	     260.9  	     260.1  	     
261.1  	     262.6  	     259.0  	     260.7  	     262.8  	     262.1  	     261.0  	     260.2  	     
261.0  	     262.6  	     258.9  	     260.6  	     262.8  	     262.0  	     260.9  	     260.1  	     
261.0  	     262.5  	     258.8  	     260.8  	     262.8  	     262.0  	     260.8  	     260.1  	     
260.5  	     262.6  	     258.6  	     260.9  	     262.8  	     261.9  	     260.7  	     260.1  	     
259.0  	     262.6  	     257.9  	     260.6  	     262.4  	     261.6  	     260.0  	     259.6  	     
257.2  	     262.6  	     256.2  	     260.0  	     261.7  	     261.0  	     258.9  	     258.9  	     
255.3  	     262.4  	     254.7  	     259.1  	     261.0  	     260.4  	     258.0  	     258.1  	     
253.4  	     262.1  	     253.1  	     258.0  	     259.8  	     259.7  	     256.8  	     257.0  	     
250.7  	     261.5  	     251.3  	     257.0  	     258.6  	     258.9  	     255.4  	     256.1  	     
248.1  	     260.9  	     249.3  	     255.8  	     257.4  	     257.9  	     254.0  	     255.0  	     
245.3  	     259.9  	     247.1  	     254.3  	     256.1  	     256.9  	     252.4  	     253.6  	     
242.4  	     258.8  	     245.0  	     252.8  	     254.6  	     255.6  	     250.6  	     252.2  	     
239.5  	     257.5  	     242.5  	     251.0  	     253.2  	     254.6  	     248.7  	     250.8  	     
236.3  	     256.1  	     240.3  	     249.1  	     251.5  	     253.2  	     246.8  	     249.2  	     
233.3  	     254.7  	     237.9  	     247.1  	     250.0  	     251.7  	     244.7  	     247.5  	     
230.3  	     253.2  	     235.2  	     245.1  	     248.2  	     250.2  	     242.8  	     245.7  	     
226.9  	     251.4  	     232.9  	     243.1  	     246.4  	     248.7  	     240.6  	     243.8  	     
223.9  	     249.4  	     230.2  	     240.8  	     244.5  	     246.9  	     238.2  	     241.8  	     
220.9  	     247.6  	     227.7  	     238.7  	     242.4  	     245.1  	     236.0  	     239.8  	     
220.0  	     246.8  	     226.8  	     237.9  	     241.9  	     244.5  	     235.1  	     239.2  	     
218.0  	     245.4  	     225.2  	     236.4  	     240.5  	     243.4  	     233.6  	     237.9  	     
214.9  	     243.5  	     222.5  	     234.2  	     238.3  	     241.8  	     231.5  	     235.9  	     
212.1  	     241.3  	     220.1  	     231.7  	     236.1  	     240.0  	     229.2  	     233.9  	     
209.3  	     239.1  	     217.4  	     229.3  	     234.3  	     238.2  	     226.7  	     231.7  	     
206.6  	     236.7  	     214.8  	     227.3  	     232.3  	     236.0  	     224.4  	     229.6  	     
203.9  	     234.6  	     212.4  	     224.9  	     230.3  	     234.3  	     222.2  	     227.6  	     
201.3  	     232.2  	     210.0  	     222.6  	     228.1  	     232.3  	     219.9  	     225.4  	     
198.8  	     230.0  	     207.5  	     220.2  	     226.2  	     230.4  	     217.6  	     223.4  	     
196.7  	     227.5  	     205.2  	     217.9  	     223.9  	     228.6  	     215.3  	     221.4  	     
194.3  	     225.4  	     202.9  	     215.6  	     222.0  	     226.6  	     213.2  	     219.3  	     
191.6  	     223.1  	     200.7  	     213.4  	     220.1  	     224.9  	     210.8  	     217.2  	     
189.4  	     220.8  	     198.4  	     211.3  	     218.2  	     223.0  	     208.9  	     215.1  	     
187.3  	     218.5  	     196.3  	     209.1  	     216.1  	     220.9  	     206.7  	     213.0  	     
185.3  	     216.2  	     194.1  	     206.9  	     214.1  	     218.9  	     204.4  	     210.9  	     
183.0  	     214.1  	     192.1  	     204.8  	     212.1  	     217.2  	     202.6  	     209.1  	     
181.2  	     211.9  	     190.1  	     202.9  	     210.0  	     215.2  	     200.3  	     207.0  	     
179.2  	     209.6  	     188.0  	     200.7  	     208.2  	     213.4  	     198.5  	     204.9  	     
177.1  	     207.5  	     186.2  	     198.7  	     206.1  	     211.4  	     196.4  	     203.1  	     
175.7  	     205.3  	     184.3  	     196.6  	     204.1  	     209.5  	     194.5  	     201.1  	     
173.7  	     203.3  	     182.4  	     194.4  	     202.3  	     207.8  	     192.5  	     199.2  	     
172.2  	     201.3  	     180.5  	     192.6  	     200.3  	     205.9  	     190.7  	     197.3  	     
170.5  	     199.2  	     178.7  	     190.8  	     198.4  	     204.1  	     188.8  	     195.4  	     
168.7  	     197.0  	     176.9  	     188.7  	     196.5  	     202.3  	     187.0  	     193.8  	     
167.2  	     195.1  	     175.4  	     187.1  	     194.8  	     200.5  	     185.3  	     191.5  	     
165.5  	     193.1  	     173.6  	     185.1  	     193.2  	     198.8  	     183.4  	     189.8  	     
164.1  	     191.2  	     172.0  	     183.4  	     191.3  	     197.2  	     181.6  	     188.1  	     
162.8  	     189.3  	     170.5  	     181.6  	     189.5  	     195.4  	     180.1  	     186.3  	     
161.3  	     187.4  	     169.0  	     180.0  	     187.9  	     193.7  	     178.2  	     184.7  	     
160.0  	     185.5  	     167.5  	     178.2  	     186.3  	     192.0  	     176.6  	     183.0  	     
158.6  	     183.7  	     166.1  	     176.5  	     184.6  	     190.5  	     174.9  	     181.4  	     
157.2  	     181.9  	     164.6  	     175.0  	     182.9  	     188.8  	     173.6  	     179.6  	     
156.0  	     180.3  	     163.3  	     173.6  	     181.2  	     187.4  	     171.9  	     178.0  	     
154.8  	     178.4  	     161.8  	     171.9  	     179.8  	     185.5  	     170.4  	     176.5  	     
153.6  	     176.8  	     160.6  	     170.4  	     178.0  	     184.1  	     168.8  	     175.0  	     
152.3  	     175.3  	     159.1  	     168.8  	     176.7  	     182.6  	     167.3  	     173.5  	     
151.0  	     173.7  	     157.9  	     167.3  	     175.1  	     181.0  	     166.0  	     171.9  	     
150.2  	     172.1  	     156.7  	     165.9  	     173.8  	     179.5  	     164.6  	     170.5  	     
149.0  	     170.5  	     155.4  	     164.6  	     172.2  	     177.9  	     163.2  	     169.2  	     
147.8  	     169.0  	     154.1  	     163.3  	     170.9  	     176.4  	     161.9  	     167.8  	     
146.7  	     167.4  	     152.9  	     161.9  	     169.5  	     175.0  	     160.5  	     166.5  	     
145.7  	     166.0  	     151.7  	     160.6  	     168.1  	     173.6  	     159.3  	     165.2  	     
144.5  	     164.5  	     150.7  	     159.0  	     166.6  	     172.2  	     158.1  	     163.8  	     
143.6  	     163.3  	     149.6  	     157.8  	     165.4  	     170.6  	     156.8  	     162.4  	     
142.6  	     162.0  	     148.5  	     156.8  	     164.1  	     169.4  	     155.7  	     161.2  	     
141.8  	     160.6  	     147.5  	     155.6  	     162.8  	     168.0  	     154.5  	     160.0  	     
140.9  	     159.3  	     146.4  	     154.4  	     161.5  	     166.7  	     153.4  	     158.7  	     
140.0  	     158.1  	     145.4  	     153.2  	     160.3  	     165.5  	     152.1  	     157.7  	     
139.0  	     156.7  	     144.5  	     152.3  	     159.2  	     164.2  	     151.0  	     156.3  	     
138.2  	     155.5  	     143.4  	     151.0  	     158.0  	     163.1  	     150.1  	     155.1  	     
137.6  	     154.4  	     142.5  	     149.9  	     156.8  	     161.7  	     149.0  	     154.2  	     
136.7  	     153.1  	     141.6  	     148.9  	     155.7  	     160.8  	     147.8  	     153.0  	     
135.9  	     152.1  	     140.7  	     147.9  	     154.7  	     159.6  	     147.0  	     152.0  	     
135.2  	     150.9  	     139.7  	     146.9  	     153.5  	     158.4  	     145.9  	     150.6  	     
134.1  	     149.8  	     138.9  	     145.8  	     152.4  	     157.3  	     144.9  	     149.4  	     
133.5  	     148.8  	     138.1  	     145.0  	     151.3  	     156.2  	     143.9  	     148.4  	     
132.7  	     147.6  	     137.3  	     143.8  	     150.2  	     155.1  	     142.8  	     147.4  	     
132.1  	     146.6  	     136.4  	     142.8  	     149.0  	     154.1  	     141.9  	     146.5  	     
131.4  	     145.6  	     135.7  	     142.0  	     148.1  	     152.9  	     141.1  	     145.4  	     
130.5  	     144.5  	     134.9  	     141.0  	     147.0  	     151.9  	     140.4  	     144.5  	     
130.1  	     143.6  	     134.1  	     140.0  	     146.2  	     150.8  	     139.4  	     143.6  	     
129.5  	     142.8  	     133.4  	     139.3  	     145.2  	     149.9  	     138.7  	     142.7  	     
128.8  	     141.7  	     132.7  	     138.5  	     144.3  	     148.7  	     137.7  	     141.8  	     
128.2  	     140.7  	     132.0  	     137.7  	     143.2  	     147.8  	     136.9  	     140.7  	     
127.6  	     139.9  	     131.3  	     136.8  	     142.4  	     146.8  	     136.1  	     139.9  	     
127.1  	     139.1  	     130.6  	     136.0  	     141.5  	     145.8  	     135.4  	     139.0  	     
126.2  	     138.2  	     129.9  	     135.2  	     140.6  	     144.8  	     134.6  	     138.3  	     
125.7  	     137.3  	     129.2  	     134.4  	     139.9  	     143.9  	     133.7  	     137.4  	     
125.1  	     136.5  	     128.6  	     133.8  	     139.2  	     143.3  	     133.0  	     136.7  	     
124.6  	     135.7  	     128.0  	     132.9  	     138.3  	     142.2  	     132.4  	     135.8  	     
124.2  	     134.9  	     127.3  	     132.3  	     137.5  	     141.3  	     131.5  	     135.1  	     
123.5  	     134.1  	     126.8  	     131.6  	     136.7  	     140.5  	     130.9  	     134.3  	     
123.1  	     133.4  	     126.1  	     130.9  	     136.0  	     139.8  	     130.2  	     133.5  	     
122.4  	     132.8  	     125.4  	     130.3  	     135.2  	     138.9  	     129.6  	     132.8  	     
122.4  	     132.8  	     125.4  	     130.3  	     135.2  	     138.9  	     129.6  	     132.8  	     
121.6  	     132.0  	     124.8  	     129.7  	     134.4  	     138.1  	     128.9  	     132.1  	     
121.2  	     131.2  	     124.2  	     128.9  	     133.8  	     137.4  	     128.3  	     131.4  	     
120.4  	     130.4  	     123.5  	     128.2  	     133.0  	     136.5  	     127.5  	     130.6  	     
119.9  	     129.9  	     122.9  	     127.5  	     132.2  	     135.7  	     126.7  	     130.0  	     
119.2  	     129.2  	     122.3  	     126.8  	     131.4  	     134.9  	     126.2  	     129.3  	     
118.4  	     128.3  	     121.6  	     126.1  	     130.7  	     134.2  	     125.4  	     128.4  	     
117.7  	     127.8  	     120.8  	     125.4  	     130.0  	     133.4  	     124.8  	     127.8  	     
117.4  	     126.9  	     120.4  	     124.9  	     129.5  	     132.6  	     124.0  	     127.1  	     
116.6  	     126.2  	     119.5  	     124.1  	     128.6  	     132.0  	     123.3  	     126.5  	     
115.9  	     125.5  	     119.0  	     123.5  	     128.0  	     131.0  	     122.7  	     125.8  	     
115.3  	     124.9  	     118.3  	     123.0  	     127.3  	     130.7  	     122.1  	     125.2  	     
114.6  	     124.2  	     117.8  	     122.4  	     126.8  	     129.9  	     121.5  	     124.5  	     
114.0  	     123.4  	     117.2  	     121.7  	     126.3  	     129.3  	     120.9  	     124.0  	     
113.4  	     122.8  	     116.6  	     121.1  	     125.5  	     128.6  	     120.3  	     123.4  	     
113.0  	     122.2  	     115.9  	     120.5  	     125.0  	     128.1  	     119.8  	     122.8  	     
112.5  	     121.6  	     115.4  	     120.0  	     124.6  	     127.2  	     119.4  	     122.2  	     
112.1  	     121.1  	     115.1  	     119.4  	     124.0  	     127.0  	     118.9  	     122.0  	     
111.6  	     120.5  	     114.8  	     119.0  	     123.5  	     126.5  	     118.4  	     121.6  	     
111.0  	     119.9  	     114.5  	     118.5  	     123.1  	     126.0  	     118.0  	     121.1  	     
110.8  	     119.5  	     114.0  	     118.1  	     122.6  	     125.4  	     117.7  	     120.7  	     
110.2  	     119.0  	     113.8  	     117.8  	     122.1  	     124.9  	     117.2  	     120.1  	     
110.1  	     118.6  	     113.4  	     117.3  	     121.8  	     124.4  	     116.8  	     119.6  	     
109.8  	     118.1  	     113.0  	     116.8  	     121.4  	     124.0  	     116.5  	     119.1  	     
109.7  	     117.7  	     112.8  	     116.6  	     120.8  	     123.6  	     116.0  	     118.8  	     
109.4  	     117.2  	     112.3  	     116.4  	     120.6  	     123.1  	     115.7  	     118.3  	     
109.2  	     116.6  	     112.0  	     115.9  	     120.2  	     122.6  	     115.2  	     118.0  	     
108.9  	     116.1  	     111.8  	     115.5  	     119.7  	     122.2  	     114.9  	     117.6  	     
108.7  	     115.8  	     111.5  	     115.1  	     119.5  	     121.8  	     114.5  	     117.2  	     
108.5  	     115.6  	     111.2  	     114.8  	     119.1  	     121.4  	     114.3  	     116.9  	     
108.0  	     115.2  	     110.9  	     114.6  	     118.7  	     121.0  	     113.9  	     116.5  	     
108.0  	     114.9  	     110.6  	     114.2  	     118.4  	     120.4  	     113.6  	     116.1  	     
107.8  	     114.5  	     110.4  	     113.9  	     118.1  	     120.1  	     113.4  	     115.8  	     
107.7  	     114.2  	     110.1  	     113.5  	     117.9  	     119.9  	     113.0  	     115.5  	     
107.4  	     113.9  	     110.0  	     113.2  	     117.4  	     119.4  	     112.7  	     115.2  	     
107.4  	     113.5  	     109.9  	     113.0  	     117.0  	     119.1  	     112.4  	     114.8  	     
107.4  	     113.5  	     109.9  	     113.0  	     117.0  	     119.1  	     112.4  	     114.8  	     
106.5  	     113.2  	     109.3  	     112.5  	     116.7  	     118.6  	     111.9  	     114.4  	     
106.3  	     112.8  	     108.5  	     112.1  	     116.2  	     118.1  	     111.4  	     114.1  	     
106.0  	     112.5  	     108.2  	     111.9  	     115.8  	     117.7  	     111.0  	     113.9  	     
105.5  	     112.1  	     107.9  	     111.7  	     115.5  	     117.5  	     110.8  	     113.6  	     