
G34-PTC1  	G34-PTC3  	G34-PTC10  	G34-PTC24  	G34-PTC26  	G34-PTC28  	G34-PTC36  	G34-PTC44  	
Deg.F  	     Deg.F  	     Deg.F  	     Deg.F  	     Deg.F  	     Deg.F  	     Deg.F  	     Deg.F  	     
69.8  	     69.9  	     71.0  	     74.5  	     71.0  	     70.1  	     70.9  	     69.3  	     
69.8  	     69.9  	     71.0  	     74.5  	     71.0  	     70.1  	     70.9  	     69.3  	     
69.8  	     69.9  	     71.0  	     74.5  	     71.0  	     70.1  	     70.9  	     69.3  	     
69.8  	     69.9  	     70.7  	     74.3  	     71.2  	     70.2  	     71.2  	     69.5  	     
70.2  	     69.7  	     70.8  	     74.3  	     71.4  	     70.4  	     71.0  	     69.5  	     
70.3  	     69.8  	     71.3  	     74.4  	     72.0  	     70.7  	     71.0  	     69.8  	     
70.6  	     69.8  	     71.2  	     74.3  	     72.1  	     70.6  	     71.1  	     69.8  	     
70.9  	     69.9  	     71.6  	     74.3  	     72.3  	     70.8  	     71.5  	     69.8  	     
70.9  	     69.9  	     71.6  	     74.4  	     72.4  	     70.9  	     71.1  	     70.1  	     
71.5  	     70.0  	     72.0  	     74.5  	     72.8  	     71.1  	     71.4  	     70.3  	     
71.9  	     70.1  	     72.2  	     74.8  	     72.9  	     70.9  	     71.6  	     70.4  	     
72.0  	     70.3  	     72.4  	     74.7  	     73.1  	     71.2  	     71.3  	     70.7  	     
72.2  	     70.6  	     72.3  	     74.8  	     73.2  	     71.3  	     71.4  	     70.7  	     
73.1  	     70.9  	     72.7  	     74.9  	     73.4  	     71.4  	     71.7  	     70.9  	     
73.2  	     71.0  	     72.6  	     74.9  	     73.6  	     71.5  	     71.9  	     71.0  	     
73.3  	     71.1  	     72.9  	     75.1  	     73.7  	     71.9  	     71.9  	     71.1  	     
73.7  	     71.1  	     73.0  	     75.1  	     74.0  	     71.8  	     71.7  	     71.3  	     
73.7  	     71.5  	     73.1  	     75.2  	     74.1  	     71.8  	     72.0  	     71.5  	     
73.7  	     71.5  	     73.1  	     75.2  	     74.1  	     71.8  	     72.0  	     71.5  	     
74.3  	     71.7  	     73.4  	     75.3  	     74.3  	     71.9  	     72.2  	     71.7  	     
74.2  	     71.7  	     73.5  	     75.3  	     74.5  	     72.2  	     72.4  	     71.9  	     
74.3  	     71.8  	     73.5  	     75.5  	     74.6  	     72.4  	     72.1  	     72.0  	     
74.7  	     72.0  	     73.7  	     75.6  	     74.8  	     72.6  	     72.6  	     72.0  	     
74.6  	     72.1  	     73.6  	     75.7  	     75.0  	     72.6  	     72.4  	     72.4  	     
74.7  	     72.1  	     73.9  	     75.7  	     74.9  	     72.6  	     72.6  	     72.3  	     
75.3  	     71.9  	     74.2  	     75.7  	     75.3  	     72.8  	     72.4  	     72.5  	     
75.7  	     72.5  	     74.5  	     75.9  	     75.8  	     73.4  	     73.1  	     72.7  	     
77.1  	     72.5  	     74.7  	     76.1  	     76.9  	     73.4  	     72.9  	     73.2  	     
78.6  	     72.5  	     75.4  	     76.1  	     78.2  	     74.3  	     73.3  	     73.8  	     
79.8  	     72.9  	     76.3  	     76.4  	     79.7  	     74.8  	     74.0  	     74.5  	     
81.3  	     73.4  	     77.6  	     76.6  	     80.8  	     75.5  	     74.4  	     75.5  	     
82.7  	     73.9  	     78.5  	     77.0  	     81.8  	     76.5  	     75.1  	     76.3  	     
84.1  	     74.6  	     79.6  	     77.4  	     82.7  	     77.0  	     75.3  	     77.1  	     
85.6  	     75.6  	     80.5  	     77.8  	     83.8  	     77.8  	     76.0  	     77.6  	     
86.6  	     76.4  	     81.3  	     78.2  	     84.5  	     78.3  	     76.2  	     78.3  	     
87.9  	     77.3  	     82.5  	     78.6  	     85.4  	     79.4  	     76.7  	     79.2  	     
88.7  	     78.2  	     83.2  	     79.1  	     86.3  	     79.9  	     77.4  	     79.8  	     
89.4  	     78.4  	     83.6  	     79.3  	     86.7  	     80.3  	     77.6  	     80.2  	     
90.3  	     79.2  	     84.0  	     79.5  	     87.2  	     80.5  	     78.0  	     80.7  	     
91.1  	     79.9  	     85.0  	     80.2  	     88.1  	     81.3  	     78.4  	     81.6  	     
92.0  	     80.9  	     85.7  	     80.7  	     89.1  	     82.4  	     78.9  	     82.3  	     
93.0  	     81.6  	     86.8  	     81.2  	     90.0  	     83.1  	     79.4  	     82.9  	     
94.1  	     82.4  	     87.6  	     81.7  	     90.8  	     83.6  	     80.1  	     83.8  	     
94.8  	     83.3  	     88.5  	     82.4  	     91.7  	     84.6  	     80.8  	     84.5  	     
95.5  	     84.0  	     89.0  	     83.0  	     92.4  	     85.4  	     81.3  	     85.2  	     
96.2  	     84.8  	     89.9  	     83.6  	     93.2  	     86.0  	     81.8  	     86.1  	     
97.0  	     85.6  	     90.4  	     84.2  	     94.0  	     86.8  	     82.6  	     86.9  	     
97.6  	     86.5  	     91.3  	     84.9  	     94.8  	     87.7  	     83.3  	     87.6  	     
98.3  	     87.1  	     92.0  	     85.5  	     95.5  	     88.1  	     83.8  	     88.4  	     
99.3  	     87.9  	     92.8  	     86.0  	     96.2  	     88.9  	     84.4  	     89.4  	     
99.5  	     88.7  	     93.6  	     86.5  	     97.0  	     89.6  	     85.3  	     90.0  	     
100.4  	     89.4  	     94.3  	     87.2  	     97.7  	     90.4  	     86.0  	     90.8  	     
100.8  	     90.0  	     94.7  	     87.9  	     98.4  	     91.2  	     86.6  	     91.6  	     
101.6  	     91.0  	     95.8  	     88.6  	     99.1  	     92.0  	     87.5  	     92.3  	     
102.1  	     91.4  	     96.5  	     89.3  	     99.7  	     92.5  	     87.8  	     93.2  	     
102.8  	     92.3  	     97.2  	     90.0  	     100.4  	     93.3  	     88.8  	     94.0  	     
103.3  	     93.0  	     97.9  	     90.8  	     101.1  	     94.2  	     89.3  	     94.7  	     
103.4  	     93.3  	     98.0  	     90.3  	     101.4  	     94.4  	     89.6  	     94.8  	     
103.9  	     93.7  	     98.7  	     91.4  	     101.8  	     94.8  	     90.3  	     95.4  	     
104.6  	     94.3  	     99.4  	     92.2  	     102.5  	     95.8  	     90.9  	     96.1  	     
104.4  	     95.1  	     100.0  	     92.8  	     103.0  	     96.4  	     91.6  	     96.7  	     
105.0  	     95.7  	     100.4  	     93.3  	     103.4  	     96.5  	     92.0  	     97.1  	     
106.8  	     96.3  	     101.4  	     94.0  	     104.9  	     97.5  	     93.0  	     98.4  	     
108.7  	     96.9  	     102.7  	     94.6  	     107.0  	     98.7  	     94.2  	     99.6  	     
111.7  	     97.5  	     104.4  	     95.3  	     109.6  	     100.4  	     95.4  	     101.3  	     
115.5  	     98.4  	     107.5  	     96.3  	     112.7  	     102.5  	     96.8  	     103.0  	     
118.7  	     99.6  	     110.1  	     97.5  	     116.1  	     104.1  	     98.8  	     105.3  	     
123.1  	     101.4  	     112.8  	     98.6  	     119.8  	     106.6  	     100.9  	     107.9  	     
127.4  	     103.3  	     115.9  	     100.3  	     123.8  	     108.7  	     102.5  	     110.5  	     
132.2  	     105.4  	     119.2  	     101.8  	     128.1  	     111.4  	     104.4  	     113.2  	     
137.4  	     108.3  	     122.4  	     103.7  	     132.4  	     114.4  	     106.7  	     116.1  	     
142.3  	     110.9  	     125.7  	     105.8  	     137.2  	     117.5  	     109.1  	     119.2  	     
148.0  	     114.2  	     128.8  	     108.0  	     141.8  	     120.7  	     111.7  	     122.5  	     
153.3  	     117.7  	     132.7  	     110.5  	     146.7  	     123.8  	     113.7  	     125.7  	     
159.2  	     121.2  	     136.2  	     112.8  	     151.9  	     127.6  	     116.7  	     129.2  	     
164.6  	     124.9  	     139.7  	     115.4  	     157.1  	     131.2  	     119.4  	     133.1  	     
170.0  	     128.9  	     143.3  	     118.0  	     162.3  	     134.4  	     122.3  	     136.6  	     
176.3  	     132.9  	     146.9  	     120.6  	     167.4  	     138.4  	     125.4  	     140.2  	     
181.8  	     137.0  	     150.6  	     123.7  	     172.9  	     142.8  	     128.4  	     144.5  	     
187.7  	     141.1  	     153.9  	     126.5  	     178.2  	     146.8  	     131.5  	     148.5  	     
190.1  	     142.8  	     155.5  	     127.3  	     180.3  	     148.2  	     132.9  	     149.9  	     
193.4  	     145.5  	     158.1  	     129.6  	     183.8  	     150.8  	     134.8  	     152.9  	     
199.1  	     149.9  	     162.0  	     132.8  	     189.1  	     155.6  	     138.1  	     156.7  	     
204.3  	     154.5  	     165.7  	     136.2  	     194.6  	     159.4  	     141.2  	     160.8  	     
210.2  	     159.2  	     169.5  	     139.4  	     200.0  	     163.8  	     144.4  	     165.2  	     
215.4  	     163.8  	     173.6  	     142.7  	     205.4  	     168.1  	     147.6  	     169.3  	     
220.8  	     168.4  	     177.6  	     146.1  	     210.7  	     172.4  	     151.5  	     173.6  	     
226.2  	     173.1  	     181.3  	     149.9  	     216.0  	     176.8  	     155.0  	     177.8  	     
230.1  	     176.2  	     184.1  	     152.0  	     219.7  	     179.6  	     157.0  	     180.9  	     
231.7  	     177.6  	     185.2  	     153.7  	     221.4  	     181.0  	     158.0  	     182.3  	     
236.4  	     182.3  	     189.1  	     157.7  	     226.2  	     185.6  	     161.6  	     186.7  	     
241.2  	     187.0  	     193.3  	     161.2  	     230.7  	     189.8  	     165.2  	     191.0  	     
245.0  	     191.5  	     197.0  	     164.6  	     234.5  	     194.0  	     168.2  	     194.6  	     
248.0  	     196.0  	     201.0  	     168.0  	     237.3  	     197.3  	     172.3  	     198.1  	     
250.1  	     199.6  	     204.1  	     170.7  	     239.6  	     200.2  	     174.7  	     200.9  	     
250.5  	     200.3  	     204.8  	     171.3  	     239.9  	     201.0  	     175.1  	     201.3  	     
252.6  	     204.2  	     208.3  	     173.9  	     242.2  	     204.3  	     178.5  	     204.8  	     
254.3  	     207.8  	     211.6  	     176.6  	     244.2  	     207.2  	     181.5  	     207.7  	     
256.4  	     211.3  	     214.5  	     179.3  	     246.1  	     209.8  	     184.0  	     210.6  	     
257.2  	     214.3  	     217.2  	     182.1  	     247.7  	     212.8  	     187.1  	     213.2  	     
258.0  	     217.0  	     220.1  	     184.6  	     249.1  	     215.3  	     189.9  	     215.7  	     
259.1  	     219.7  	     223.0  	     187.1  	     250.4  	     217.5  	     192.1  	     218.0  	     
260.4  	     222.1  	     225.0  	     189.4  	     251.7  	     219.8  	     195.0  	     220.5  	     
260.1  	     222.7  	     225.8  	     190.0  	     252.0  	     220.4  	     195.6  	     220.8  	     
260.8  	     224.3  	     227.5  	     191.5  	     252.8  	     221.9  	     197.4  	     222.3  	     
261.2  	     226.4  	     229.2  	     193.8  	     253.8  	     224.0  	     199.6  	     224.5  	     
261.4  	     228.6  	     231.3  	     195.8  	     254.6  	     225.8  	     201.8  	     226.2  	     
261.6  	     230.4  	     233.1  	     197.8  	     255.5  	     227.9  	     204.2  	     228.2  	     
262.3  	     232.0  	     234.7  	     199.9  	     256.2  	     229.3  	     206.5  	     230.0  	     
262.5  	     233.9  	     236.4  	     201.8  	     256.8  	     231.2  	     208.7  	     231.7  	     
262.3  	     235.3  	     237.7  	     203.7  	     257.4  	     232.6  	     210.6  	     233.1  	     
262.7  	     236.8  	     239.3  	     205.9  	     257.9  	     234.3  	     212.8  	     234.5  	     
262.7  	     238.0  	     240.9  	     207.8  	     258.4  	     235.6  	     214.6  	     235.7  	     
262.8  	     239.5  	     241.7  	     209.7  	     258.8  	     236.6  	     217.5  	     237.0  	     
262.9  	     240.8  	     243.7  	     211.6  	     259.3  	     237.9  	     218.4  	     238.4  	     
263.2  	     241.9  	     245.5  	     213.3  	     259.7  	     239.4  	     220.1  	     239.5  	     
263.2  	     242.9  	     247.0  	     214.8  	     260.0  	     240.2  	     222.0  	     240.6  	     
263.3  	     244.1  	     247.8  	     216.7  	     260.3  	     241.6  	     223.4  	     241.7  	     
263.3  	     245.1  	     249.1  	     218.4  	     260.6  	     242.6  	     225.0  	     242.8  	     
263.4  	     246.2  	     250.4  	     220.1  	     261.0  	     243.3  	     226.6  	     243.8  	     
263.6  	     247.0  	     251.6  	     221.8  	     261.2  	     244.7  	     228.1  	     244.5  	     
264.3  	     248.0  	     252.4  	     223.3  	     261.4  	     245.5  	     229.6  	     245.6  	     
263.5  	     248.6  	     253.5  	     224.6  	     261.5  	     246.4  	     231.1  	     246.6  	     
263.8  	     249.6  	     254.4  	     226.2  	     261.8  	     247.4  	     232.5  	     247.4  	     
263.6  	     250.5  	     254.9  	     227.6  	     262.0  	     248.1  	     233.3  	     248.0  	     
263.7  	     251.1  	     256.0  	     228.9  	     262.2  	     248.8  	     234.9  	     248.8  	     
263.5  	     251.9  	     256.5  	     230.1  	     262.3  	     249.5  	     235.8  	     249.5  	     
263.4  	     251.9  	     256.3  	     230.1  	     262.3  	     249.7  	     236.2  	     249.5  	     
264.0  	     252.6  	     257.0  	     231.5  	     262.6  	     250.3  	     237.3  	     250.3  	     
263.8  	     253.1  	     257.7  	     232.8  	     262.7  	     250.7  	     238.6  	     250.8  	     
263.9  	     253.7  	     257.9  	     234.0  	     262.7  	     251.1  	     239.7  	     251.4  	     
263.9  	     254.3  	     258.6  	     235.0  	     262.9  	     252.0  	     240.6  	     251.9  	     
263.7  	     254.8  	     259.0  	     236.1  	     263.0  	     252.5  	     242.1  	     252.5  	     
264.0  	     255.5  	     259.6  	     237.1  	     263.2  	     253.3  	     242.7  	     253.0  	     
264.0  	     256.1  	     259.7  	     238.2  	     263.2  	     253.7  	     243.6  	     253.6  	     
264.3  	     256.6  	     260.2  	     239.4  	     263.4  	     254.0  	     244.6  	     254.0  	     
264.0  	     256.9  	     260.5  	     240.3  	     263.5  	     254.5  	     245.7  	     254.4  	     
264.1  	     257.4  	     260.7  	     241.1  	     263.5  	     255.0  	     246.6  	     255.0  	     
264.2  	     257.6  	     261.1  	     242.0  	     263.6  	     255.6  	     247.4  	     255.3  	     
264.0  	     258.2  	     261.3  	     242.9  	     263.6  	     255.9  	     248.4  	     255.6  	     
264.0  	     258.4  	     261.7  	     243.8  	     263.7  	     256.2  	     249.0  	     256.1  	     
264.0  	     258.7  	     261.4  	     244.7  	     263.8  	     256.7  	     249.9  	     256.4  	     
263.9  	     258.9  	     262.1  	     245.5  	     263.9  	     257.1  	     250.5  	     256.7  	     
264.0  	     259.3  	     262.1  	     246.3  	     264.1  	     257.3  	     251.1  	     257.0  	     
264.1  	     259.5  	     262.4  	     247.0  	     264.1  	     257.9  	     251.8  	     257.2  	     
264.2  	     259.8  	     262.6  	     247.7  	     264.1  	     258.3  	     252.4  	     257.8  	     
264.2  	     260.1  	     262.6  	     248.2  	     264.2  	     258.4  	     252.9  	     258.1  	     
264.4  	     260.4  	     263.2  	     248.9  	     264.3  	     258.4  	     253.7  	     258.2  	     
264.3  	     260.5  	     263.6  	     249.6  	     264.5  	     259.0  	     254.1  	     258.6  	     
264.2  	     260.8  	     265.3  	     250.4  	     264.4  	     258.9  	     254.3  	     258.7  	     
264.5  	     260.8  	     263.6  	     250.3  	     264.6  	     259.3  	     254.6  	     258.9  	     
264.3  	     261.0  	     263.5  	     250.8  	     264.6  	     259.7  	     255.2  	     259.0  	     
264.7  	     261.2  	     263.6  	     251.4  	     264.8  	     259.8  	     255.6  	     259.2  	     
264.8  	     261.5  	     263.9  	     252.1  	     264.9  	     260.3  	     256.2  	     259.4  	     
264.7  	     261.7  	     264.0  	     252.6  	     265.1  	     260.3  	     256.8  	     259.7  	     
265.1  	     262.0  	     264.1  	     253.1  	     265.1  	     260.3  	     257.0  	     259.8  	     
265.3  	     262.8  	     264.4  	     253.6  	     265.4  	     261.1  	     257.6  	     260.1  	     
265.2  	     262.3  	     264.4  	     254.2  	     265.2  	     261.3  	     257.9  	     260.1  	     
264.8  	     262.5  	     264.5  	     254.6  	     264.9  	     261.3  	     258.2  	     260.1  	     
264.7  	     262.7  	     264.0  	     255.0  	     264.5  	     261.4  	     258.4  	     260.2  	     
264.1  	     262.7  	     264.2  	     255.4  	     264.1  	     261.2  	     258.8  	     260.1  	     
264.1  	     262.9  	     263.1  	     255.7  	     263.9  	     261.5  	     259.1  	     260.2  	     
263.8  	     262.9  	     264.0  	     256.0  	     263.7  	     261.4  	     259.2  	     260.1  	     
263.5  	     262.7  	     263.0  	     256.4  	     263.8  	     261.6  	     259.4  	     260.2  	     
263.3  	     262.8  	     263.9  	     256.6  	     263.7  	     261.3  	     259.8  	     260.1  	     
263.7  	     262.8  	     263.7  	     257.0  	     263.6  	     261.7  	     260.0  	     260.2  	     
263.4  	     262.7  	     263.7  	     257.2  	     263.6  	     261.7  	     260.0  	     260.2  	     
263.4  	     262.8  	     263.9  	     257.5  	     263.4  	     261.6  	     260.3  	     260.3  	     
263.4  	     262.8  	     264.0  	     257.9  	     263.4  	     261.6  	     260.4  	     260.3  	     
263.3  	     262.7  	     264.0  	     258.1  	     263.3  	     261.7  	     260.6  	     260.3  	     
263.1  	     262.5  	     264.0  	     258.3  	     263.3  	     261.8  	     260.8  	     260.3  	     
263.4  	     262.6  	     264.0  	     258.6  	     263.2  	     261.8  	     261.0  	     260.3  	     
260.8  	     262.6  	     264.0  	     258.8  	     263.4  	     261.8  	     261.1  	     260.4  	     
263.3  	     262.7  	     264.0  	     259.0  	     263.5  	     262.0  	     261.3  	     260.4  	     
263.4  	     262.6  	     264.1  	     259.4  	     263.3  	     262.0  	     261.5  	     260.6  	     
263.3  	     262.7  	     264.1  	     259.5  	     263.4  	     262.1  	     261.7  	     260.4  	     
263.3  	     262.7  	     264.3  	     259.8  	     263.5  	     262.0  	     261.9  	     260.4  	     
263.3  	     262.9  	     264.3  	     259.9  	     263.5  	     262.2  	     262.0  	     260.7  	     
263.4  	     262.8  	     264.4  	     260.3  	     263.5  	     262.3  	     262.2  	     260.5  	     
263.6  	     262.8  	     264.5  	     260.3  	     263.7  	     262.3  	     262.4  	     260.7  	     
263.5  	     262.9  	     264.5  	     260.5  	     263.7  	     262.4  	     262.3  	     260.7  	     
263.7  	     263.2  	     264.6  	     260.7  	     263.8  	     262.5  	     262.5  	     260.9  	     
263.9  	     263.4  	     264.5  	     261.0  	     263.9  	     262.5  	     262.6  	     261.1  	     
264.0  	     263.0  	     264.3  	     261.1  	     264.2  	     262.7  	     262.9  	     261.0  	     
264.1  	     263.1  	     264.8  	     261.3  	     264.2  	     262.8  	     263.0  	     261.3  	     
264.3  	     263.2  	     265.0  	     261.5  	     264.4  	     262.9  	     263.1  	     261.3  	     
264.2  	     263.3  	     265.0  	     261.5  	     264.2  	     263.0  	     263.2  	     261.3  	     
264.2  	     263.5  	     264.9  	     261.8  	     264.0  	     263.0  	     263.3  	     261.4  	     
263.6  	     263.7  	     265.0  	     261.8  	     263.8  	     263.0  	     263.3  	     261.2  	     
263.5  	     263.9  	     264.6  	     262.0  	     263.5  	     262.9  	     263.2  	     261.1  	     
263.1  	     263.7  	     264.4  	     262.0  	     263.2  	     262.9  	     263.1  	     261.0  	     
263.1  	     263.5  	     264.5  	     262.0  	     263.0  	     262.7  	     263.3  	     261.1  	     
263.1  	     263.4  	     264.3  	     262.2  	     263.0  	     262.5  	     263.3  	     261.0  	     
262.9  	     263.4  	     264.2  	     262.2  	     262.9  	     262.9  	     263.2  	     260.9  	     
262.8  	     263.3  	     264.1  	     262.2  	     262.8  	     262.6  	     263.3  	     260.9  	     
263.0  	     263.1  	     264.2  	     262.3  	     262.8  	     262.7  	     263.3  	     260.7  	     
262.9  	     263.1  	     264.2  	     262.3  	     262.7  	     262.5  	     263.7  	     260.7  	     
262.8  	     263.1  	     264.2  	     262.5  	     262.6  	     262.7  	     263.5  	     260.7  	     
262.9  	     263.1  	     264.2  	     262.4  	     262.7  	     262.5  	     263.5  	     260.7  	     
262.7  	     263.0  	     264.4  	     262.5  	     262.9  	     262.6  	     263.6  	     260.8  	     
263.0  	     263.0  	     264.2  	     262.5  	     262.9  	     262.6  	     263.7  	     260.7  	     
263.0  	     262.9  	     264.2  	     262.6  	     262.7  	     262.5  	     263.6  	     260.8  	     
262.8  	     263.1  	     264.2  	     262.7  	     262.9  	     262.5  	     263.8  	     260.8  	     
262.9  	     262.8  	     264.3  	     262.7  	     262.7  	     262.5  	     263.9  	     260.5  	     
262.9  	     262.9  	     264.2  	     262.9  	     262.9  	     262.6  	     263.7  	     260.6  	     
262.9  	     262.8  	     264.3  	     262.9  	     262.9  	     262.7  	     263.8  	     260.7  	     
263.0  	     263.0  	     264.3  	     262.9  	     263.0  	     262.8  	     263.7  	     260.6  	     
263.3  	     263.0  	     264.3  	     263.0  	     263.0  	     262.7  	     263.8  	     260.8  	     
263.2  	     263.0  	     264.3  	     263.2  	     263.2  	     262.7  	     263.9  	     260.9  	     
263.4  	     263.0  	     264.3  	     263.2  	     263.2  	     262.8  	     263.9  	     261.0  	     
263.5  	     263.0  	     264.4  	     263.0  	     263.4  	     263.0  	     263.9  	     261.1  	     
263.5  	     263.1  	     264.5  	     263.2  	     263.5  	     262.8  	     264.1  	     261.1  	     
263.5  	     263.0  	     264.6  	     263.2  	     263.6  	     263.0  	     264.1  	     261.3  	     
263.6  	     263.0  	     264.7  	     263.4  	     263.8  	     263.0  	     264.1  	     261.3  	     
263.9  	     263.3  	     264.8  	     263.4  	     263.9  	     263.1  	     264.3  	     261.3  	     
263.9  	     263.1  	     264.9  	     263.5  	     264.1  	     263.1  	     264.3  	     261.4  	     
264.0  	     263.2  	     265.0  	     263.7  	     264.0  	     263.2  	     264.4  	     261.3  	     
263.9  	     263.6  	     265.0  	     263.7  	     263.7  	     263.2  	     264.5  	     261.6  	     
263.9  	     263.5  	     264.9  	     263.7  	     263.7  	     263.2  	     264.4  	     261.4  	     
263.4  	     263.5  	     264.9  	     263.7  	     263.3  	     263.4  	     264.2  	     261.2  	     
263.0  	     263.4  	     264.7  	     263.8  	     263.1  	     262.9  	     264.5  	     261.2  	     
263.3  	     263.5  	     264.6  	     263.7  	     262.9  	     262.9  	     264.2  	     261.2  	     
263.2  	     263.6  	     264.2  	     263.8  	     262.9  	     263.0  	     264.3  	     261.1  	     
262.9  	     263.5  	     264.4  	     263.9  	     262.9  	     262.7  	     264.3  	     261.1  	     
263.0  	     263.3  	     264.4  	     263.8  	     262.7  	     263.0  	     264.1  	     261.1  	     
262.8  	     263.2  	     264.1  	     263.8  	     262.8  	     263.0  	     264.3  	     260.8  	     
262.9  	     263.0  	     264.2  	     263.9  	     262.7  	     262.7  	     264.2  	     260.8  	     
262.8  	     263.1  	     264.2  	     263.8  	     262.7  	     262.7  	     264.5  	     260.9  	     
263.0  	     263.2  	     264.2  	     263.8  	     262.7  	     262.8  	     264.3  	     260.7  	     
262.8  	     263.0  	     264.2  	     263.9  	     262.6  	     262.7  	     264.2  	     260.9  	     
262.8  	     263.0  	     264.2  	     263.8  	     262.5  	     262.7  	     264.2  	     260.8  	     
263.0  	     263.2  	     264.2  	     263.7  	     262.7  	     262.8  	     264.4  	     260.7  	     
263.0  	     263.0  	     264.1  	     263.8  	     262.7  	     262.8  	     264.3  	     260.7  	     
262.8  	     262.9  	     264.1  	     263.8  	     262.7  	     262.7  	     264.3  	     260.8  	     
262.9  	     262.9  	     264.3  	     263.8  	     262.9  	     262.7  	     264.3  	     261.0  	     
262.7  	     262.8  	     264.3  	     263.8  	     262.8  	     262.7  	     264.3  	     260.9  	     
263.0  	     262.8  	     264.5  	     264.0  	     263.0  	     262.7  	     264.3  	     261.0  	     
263.0  	     262.7  	     264.4  	     263.9  	     263.1  	     262.8  	     264.3  	     261.1  	     
263.2  	     263.0  	     264.5  	     263.9  	     263.2  	     262.7  	     264.4  	     261.1  	     
263.2  	     262.9  	     264.6  	     264.0  	     263.2  	     263.0  	     264.5  	     261.1  	     
263.5  	     263.0  	     264.6  	     264.0  	     263.4  	     263.0  	     264.5  	     261.3  	     
263.6  	     263.0  	     264.7  	     263.9  	     263.5  	     263.0  	     264.6  	     261.2  	     
263.5  	     263.0  	     264.7  	     264.1  	     263.6  	     263.0  	     264.7  	     261.3  	     
263.9  	     263.2  	     264.9  	     264.1  	     263.9  	     263.3  	     264.6  	     261.4  	     
264.2  	     263.4  	     264.9  	     264.1  	     264.1  	     263.2  	     264.7  	     261.4  	     
264.2  	     263.3  	     265.0  	     264.1  	     264.1  	     263.0  	     264.7  	     261.6  	     
264.2  	     263.4  	     265.0  	     264.2  	     264.1  	     263.4  	     264.8  	     261.5  	     
264.2  	     263.5  	     265.2  	     264.4  	     263.9  	     263.4  	     264.9  	     261.6  	     
262.9  	     263.7  	     264.8  	     264.3  	     262.6  	     263.1  	     264.7  	     260.9  	     
261.8  	     263.9  	     264.2  	     264.1  	     261.4  	     262.8  	     264.1  	     260.3  	     
260.3  	     263.7  	     263.3  	     263.9  	     260.2  	     262.4  	     263.9  	     259.7  	     
258.8  	     263.5  	     262.4  	     263.5  	     258.9  	     261.7  	     263.2  	     259.0  	     
256.7  	     263.6  	     261.1  	     263.1  	     257.0  	     260.9  	     262.7  	     258.0  	     
254.6  	     262.8  	     259.7  	     262.5  	     255.1  	     260.0  	     262.1  	     256.8  	     
252.3  	     262.0  	     258.3  	     261.8  	     253.1  	     259.0  	     261.3  	     255.5  	     
249.5  	     261.5  	     256.6  	     261.0  	     250.9  	     257.7  	     260.3  	     254.1  	     
246.9  	     260.3  	     255.0  	     260.1  	     248.5  	     256.5  	     259.5  	     252.4  	     
244.0  	     259.2  	     253.1  	     259.1  	     245.9  	     255.1  	     258.3  	     250.9  	     
241.0  	     258.0  	     251.2  	     258.0  	     243.5  	     253.6  	     257.2  	     249.1  	     
237.8  	     256.5  	     249.1  	     256.8  	     240.8  	     251.9  	     256.0  	     247.3  	     
234.8  	     255.1  	     247.1  	     255.5  	     238.0  	     250.4  	     254.6  	     245.2  	     
231.7  	     253.5  	     244.7  	     254.1  	     235.2  	     248.4  	     253.2  	     243.2  	     
228.6  	     251.7  	     242.3  	     252.6  	     232.2  	     246.4  	     251.8  	     240.7  	     
225.4  	     249.9  	     239.9  	     251.1  	     229.4  	     244.5  	     250.3  	     238.6  	     
222.0  	     247.9  	     237.3  	     249.3  	     226.5  	     242.7  	     248.8  	     236.3  	     
221.8  	     247.8  	     237.1  	     249.3  	     226.3  	     242.4  	     248.5  	     235.8  	     
218.9  	     246.2  	     235.1  	     247.7  	     223.8  	     240.6  	     247.2  	     234.1  	     
215.8  	     244.1  	     232.4  	     246.1  	     221.0  	     238.3  	     245.3  	     231.9  	     
212.8  	     242.0  	     229.9  	     244.1  	     218.1  	     236.3  	     243.7  	     229.5  	     
210.0  	     239.8  	     227.7  	     242.5  	     215.4  	     234.0  	     242.0  	     227.3  	     
207.1  	     237.5  	     225.2  	     240.8  	     212.7  	     231.7  	     240.2  	     224.7  	     
204.3  	     235.5  	     222.9  	     238.9  	     210.0  	     229.6  	     238.4  	     222.6  	     
201.6  	     233.0  	     220.4  	     237.1  	     207.4  	     227.6  	     236.5  	     220.3  	     
198.9  	     230.6  	     217.9  	     235.3  	     204.7  	     225.0  	     234.8  	     217.8  	     
196.3  	     228.3  	     215.8  	     233.4  	     202.2  	     223.1  	     232.7  	     215.4  	     
193.9  	     226.2  	     213.5  	     231.7  	     199.7  	     220.9  	     230.8  	     213.5  	     
191.4  	     223.8  	     211.1  	     229.7  	     197.3  	     218.5  	     229.0  	     211.1  	     
189.0  	     221.6  	     208.6  	     227.9  	     194.9  	     216.4  	     227.2  	     209.0  	     
186.7  	     219.5  	     206.6  	     225.8  	     192.8  	     214.3  	     225.3  	     206.6  	     
184.5  	     217.3  	     203.7  	     224.0  	     190.6  	     212.1  	     223.4  	     204.5  	     
182.6  	     215.0  	     202.2  	     222.3  	     188.4  	     210.0  	     221.5  	     202.5  	     
180.4  	     212.7  	     199.4  	     220.3  	     186.2  	     207.9  	     219.6  	     200.4  	     
178.4  	     210.7  	     197.1  	     218.3  	     184.1  	     205.7  	     217.6  	     198.2  	     
176.6  	     208.5  	     194.8  	     216.4  	     182.2  	     203.6  	     215.7  	     196.3  	     
174.7  	     206.2  	     193.6  	     214.6  	     180.1  	     201.6  	     213.8  	     194.3  	     
172.8  	     204.2  	     193.3  	     212.7  	     178.2  	     199.7  	     211.9  	     192.2  	     
171.2  	     202.0  	     190.1  	     210.9  	     176.1  	     197.5  	     210.2  	     190.3  	     
169.3  	     200.0  	     187.3  	     209.0  	     174.3  	     195.5  	     208.3  	     188.2  	     
167.5  	     197.7  	     185.9  	     207.1  	     172.6  	     193.5  	     206.5  	     186.5  	     
165.8  	     195.8  	     184.0  	     205.4  	     170.8  	     191.7  	     204.5  	     184.5  	     
164.1  	     193.8  	     182.4  	     203.7  	     169.2  	     189.8  	     202.9  	     182.4  	     
162.6  	     191.9  	     180.3  	     201.7  	     167.7  	     187.9  	     200.7  	     180.9  	     
161.2  	     189.7  	     178.6  	     200.1  	     165.9  	     186.0  	     199.1  	     179.2  	     
159.6  	     187.7  	     177.0  	     198.4  	     164.4  	     184.2  	     197.4  	     177.3  	     
158.1  	     186.0  	     175.3  	     196.8  	     162.8  	     182.5  	     195.5  	     175.8  	     
156.7  	     184.1  	     173.8  	     195.1  	     161.4  	     180.7  	     193.8  	     174.0  	     
155.3  	     182.3  	     172.0  	     193.4  	     159.7  	     178.8  	     192.3  	     172.4  	     
153.9  	     180.6  	     170.4  	     191.9  	     158.5  	     177.2  	     190.3  	     170.7  	     
152.4  	     178.7  	     168.9  	     190.2  	     157.0  	     175.6  	     188.8  	     169.3  	     
151.1  	     177.0  	     167.4  	     188.6  	     155.6  	     173.9  	     187.2  	     167.7  	     
149.9  	     175.2  	     165.9  	     187.0  	     154.3  	     172.5  	     185.6  	     166.3  	     
148.7  	     173.7  	     164.4  	     185.4  	     153.0  	     170.8  	     184.0  	     164.5  	     
147.5  	     172.1  	     162.9  	     184.0  	     151.6  	     169.2  	     182.4  	     163.1  	     
146.5  	     170.6  	     161.4  	     182.6  	     150.5  	     167.6  	     181.0  	     161.9  	     
145.4  	     169.1  	     160.1  	     180.9  	     149.4  	     166.3  	     179.4  	     160.4  	     
144.3  	     167.5  	     158.9  	     179.6  	     148.2  	     164.8  	     177.7  	     159.0  	     
143.4  	     165.8  	     157.7  	     178.1  	     147.0  	     163.4  	     176.2  	     157.8  	     
142.4  	     164.3  	     156.3  	     176.6  	     146.1  	     162.0  	     174.8  	     156.3  	     
141.3  	     162.9  	     155.1  	     175.2  	     144.9  	     160.8  	     173.2  	     155.2  	     
140.4  	     161.5  	     153.9  	     173.8  	     143.8  	     159.6  	     171.8  	     154.0  	     
139.5  	     160.0  	     152.7  	     172.5  	     142.9  	     158.3  	     170.6  	     152.7  	     
138.5  	     158.8  	     151.3  	     171.4  	     142.0  	     156.9  	     169.2  	     151.7  	     
137.6  	     157.2  	     150.3  	     170.0  	     141.0  	     155.8  	     167.7  	     150.6  	     
136.9  	     155.9  	     149.4  	     168.7  	     140.1  	     154.5  	     166.4  	     149.3  	     
136.0  	     154.8  	     148.2  	     167.5  	     139.3  	     153.1  	     164.8  	     148.3  	     
135.3  	     153.7  	     147.0  	     166.2  	     138.3  	     152.0  	     163.6  	     147.1  	     
134.2  	     152.5  	     146.0  	     164.9  	     137.4  	     150.9  	     162.4  	     146.1  	     
133.5  	     151.3  	     145.1  	     163.8  	     136.6  	     149.7  	     161.0  	     145.1  	     
133.1  	     150.3  	     144.1  	     162.7  	     135.8  	     148.7  	     160.0  	     144.0  	     
132.1  	     148.9  	     142.9  	     161.6  	     135.0  	     147.5  	     158.7  	     142.8  	     
131.3  	     147.8  	     142.0  	     160.6  	     134.1  	     146.5  	     157.7  	     142.0  	     
130.5  	     146.6  	     141.1  	     159.1  	     133.4  	     145.5  	     156.5  	     141.2  	     
130.0  	     145.6  	     140.3  	     158.2  	     132.4  	     144.4  	     155.4  	     140.2  	     
129.2  	     144.6  	     139.3  	     157.1  	     131.7  	     143.2  	     154.2  	     139.4  	     
128.6  	     143.8  	     138.6  	     155.9  	     131.1  	     142.3  	     153.2  	     138.4  	     
127.8  	     142.6  	     137.7  	     154.9  	     130.4  	     141.5  	     152.1  	     137.5  	     
127.2  	     141.8  	     136.8  	     154.0  	     129.7  	     140.5  	     150.9  	     136.6  	     
126.5  	     140.8  	     135.9  	     152.9  	     129.0  	     139.6  	     149.9  	     135.9  	     
125.9  	     139.8  	     135.1  	     151.9  	     128.2  	     138.7  	     148.9  	     135.1  	     
125.3  	     138.8  	     134.3  	     150.8  	     127.5  	     138.0  	     147.7  	     134.1  	     
124.6  	     138.0  	     133.5  	     150.0  	     126.9  	     137.0  	     146.7  	     133.4  	     
124.0  	     136.9  	     132.8  	     149.0  	     126.3  	     136.1  	     145.8  	     132.6  	     
123.3  	     136.1  	     131.9  	     148.1  	     125.6  	     135.3  	     144.7  	     131.8  	     
122.8  	     135.2  	     131.2  	     147.3  	     124.9  	     134.6  	     143.9  	     131.2  	     
122.2  	     134.4  	     130.5  	     146.4  	     124.5  	     133.7  	     143.1  	     130.4  	     
121.5  	     133.7  	     129.8  	     145.4  	     123.8  	     133.1  	     142.0  	     129.8  	     
121.6  	     133.4  	     129.6  	     144.5  	     123.6  	     133.0  	     142.0  	     129.5  	     
120.9  	     132.8  	     129.1  	     144.6  	     123.2  	     132.1  	     141.2  	     129.0  	     
120.2  	     132.0  	     128.4  	     143.6  	     122.3  	     131.3  	     140.3  	     128.1  	     
119.6  	     131.3  	     127.5  	     142.7  	     121.7  	     130.5  	     139.3  	     127.4  	     
119.0  	     130.5  	     126.6  	     142.0  	     121.0  	     129.6  	     138.4  	     126.5  	     
118.0  	     129.6  	     126.0  	     141.0  	     120.2  	     128.8  	     137.4  	     125.9  	     
117.5  	     129.0  	     125.1  	     140.4  	     119.7  	     128.2  	     136.5  	     125.2  	     
116.8  	     128.3  	     124.5  	     139.5  	     118.8  	     127.4  	     135.7  	     124.5  	     
116.1  	     127.5  	     123.5  	     138.8  	     118.1  	     126.7  	     134.8  	     123.6  	     
115.4  	     126.5  	     122.9  	     138.0  	     117.6  	     125.9  	     134.1  	     123.0  	     
114.8  	     125.9  	     122.2  	     137.4  	     116.9  	     125.2  	     133.4  	     122.5  	     
114.0  	     125.1  	     121.7  	     136.6  	     116.3  	     124.5  	     132.8  	     121.7  	     
113.6  	     124.4  	     120.9  	     135.8  	     115.6  	     123.7  	     132.0  	     121.1  	     
112.9  	     123.7  	     120.5  	     135.1  	     115.2  	     123.3  	     131.2  	     120.5  	     
112.6  	     123.2  	     119.9  	     134.4  	     114.6  	     122.6  	     130.5  	     120.1  	     
111.8  	     122.4  	     119.4  	     133.7  	     114.0  	     121.9  	     129.8  	     119.2  	     
111.4  	     121.8  	     118.8  	     133.2  	     113.5  	     121.3  	     129.3  	     118.7  	     
111.0  	     121.1  	     118.4  	     132.7  	     113.1  	     121.1  	     128.5  	     118.2  	     
110.4  	     120.6  	     118.0  	     132.0  	     112.8  	     120.5  	     128.2  	     117.9  	     
110.0  	     119.9  	     117.5  	     131.6  	     112.5  	     120.1  	     127.5  	     117.4  	     
109.8  	     119.4  	     117.2  	     130.9  	     112.0  	     119.5  	     126.9  	     117.0  	     
109.5  	     118.9  	     117.0  	     130.4  	     111.8  	     119.1  	     126.3  	     116.6  	     
109.2  	     118.3  	     116.8  	     129.8  	     111.5  	     118.5  	     126.0  	     116.1  	     
108.9  	     118.0  	     116.4  	     129.4  	     111.2  	     118.2  	     125.5  	     115.8  	     
108.5  	     117.6  	     115.9  	     128.9  	     110.9  	     117.8  	     124.9  	     115.4  	     
108.5  	     117.1  	     115.6  	     128.5  	     110.6  	     117.4  	     124.7  	     115.0  	     
108.3  	     116.6  	     115.4  	     128.0  	     110.4  	     117.0  	     124.0  	     114.8  	     
108.1  	     116.4  	     115.0  	     127.5  	     110.0  	     116.8  	     123.6  	     114.4  	     
107.9  	     115.8  	     114.9  	     127.1  	     109.8  	     116.3  	     123.2  	     114.0  	     
107.7  	     115.5  	     114.3  	     126.6  	     109.7  	     116.0  	     122.6  	     113.6  	     
107.5  	     115.0  	     114.0  	     126.2  	     109.4  	     115.6  	     122.0  	     113.4  	     
107.3  	     114.7  	     113.9  	     125.8  	     109.2  	     115.4  	     121.6  	     113.1  	     
107.1  	     114.5  	     113.4  	     125.3  	     109.0  	     114.9  	     121.3  	     112.7  	     
106.8  	     114.2  	     113.0  	     124.9  	     108.7  	     114.6  	     120.9  	     112.4  	     
106.8  	     113.9  	     112.9  	     124.5  	     108.6  	     114.3  	     120.4  	     112.2  	     
106.6  	     113.6  	     112.6  	     124.1  	     108.4  	     114.0  	     120.1  	     111.9  	     
106.4  	     113.1  	     112.3  	     123.7  	     108.1  	     113.8  	     119.6  	     111.5  	     
106.1  	     112.7  	     112.0  	     123.4  	     108.0  	     113.4  	     119.3  	     111.2  	     
105.9  	     112.5  	     111.9  	     123.0  	     107.9  	     113.1  	     119.1  	     111.2  	     
106.0  	     112.5  	     111.9  	     123.1  	     107.8  	     113.2  	     118.9  	     111.0  	     
105.2  	     112.3  	     111.4  	     122.5  	     107.2  	     112.6  	     118.4  	     110.5  	     
104.4  	     111.8  	     110.9  	     122.1  	     106.5  	     112.2  	     118.0  	     110.1  	     
104.1  	     111.5  	     110.3  	     121.6  	     106.1  	     111.8  	     117.5  	     109.8  	     
103.9  	     111.2  	     110.3  	     121.5  	     106.0  	     111.6  	     117.4  	     109.4  	     