
G34-PTC7  	G34-PTC11  	G34-PTC29  	G34-PTC31  	G34-PTC34  	G34-PTC35  	G34-PTC36  	G34-PTC40  	
Deg.F  	     Deg.F  	     Deg.F  	     Deg.F  	     Deg.F  	     Deg.F  	     Deg.F  	     Deg.F  	     
67.9  	     70.1  	     68.7  	     67.8  	     69.3  	     68.9  	     68.8  	     69.3  	     
67.9  	     70.1  	     68.7  	     67.8  	     69.3  	     68.9  	     68.8  	     69.3  	     
67.9  	     70.1  	     68.7  	     67.8  	     69.3  	     68.9  	     68.8  	     69.3  	     
67.9  	     70.0  	     69.2  	     67.7  	     69.7  	     69.4  	     69.0  	     69.2  	     
68.2  	     70.2  	     69.8  	     67.9  	     70.1  	     69.9  	     69.2  	     69.4  	     
68.4  	     70.2  	     70.3  	     67.9  	     70.5  	     70.2  	     69.3  	     69.6  	     
68.8  	     70.4  	     70.6  	     68.0  	     70.7  	     70.6  	     69.5  	     69.8  	     
69.2  	     70.5  	     71.1  	     68.3  	     71.1  	     71.0  	     69.8  	     70.0  	     
69.6  	     70.7  	     71.5  	     68.5  	     71.4  	     71.4  	     70.0  	     70.2  	     
69.9  	     70.8  	     71.9  	     68.8  	     71.8  	     71.7  	     70.4  	     70.5  	     
70.2  	     70.9  	     72.3  	     69.1  	     72.1  	     72.1  	     70.6  	     70.6  	     
70.6  	     71.1  	     72.6  	     69.4  	     72.5  	     72.3  	     70.9  	     71.0  	     
71.1  	     71.1  	     73.0  	     69.7  	     72.8  	     72.7  	     71.1  	     71.2  	     
71.3  	     71.4  	     73.5  	     70.0  	     73.2  	     73.1  	     71.4  	     71.5  	     
71.6  	     71.6  	     73.7  	     70.3  	     73.5  	     73.4  	     71.6  	     71.8  	     
72.0  	     71.8  	     74.2  	     70.6  	     73.9  	     73.8  	     71.9  	     71.9  	     
72.3  	     71.9  	     74.6  	     70.9  	     74.1  	     74.0  	     72.2  	     72.2  	     
72.6  	     72.0  	     75.0  	     71.1  	     74.4  	     74.4  	     72.4  	     72.5  	     
72.6  	     72.0  	     75.0  	     71.1  	     74.4  	     74.4  	     72.4  	     72.5  	     
72.6  	     72.0  	     75.0  	     71.2  	     74.4  	     74.5  	     72.4  	     72.5  	     
72.9  	     72.2  	     75.3  	     71.5  	     74.8  	     74.7  	     72.6  	     72.8  	     
73.2  	     72.3  	     75.7  	     71.7  	     75.1  	     75.0  	     72.9  	     73.0  	     
73.5  	     72.4  	     76.0  	     72.0  	     75.4  	     75.3  	     73.2  	     73.3  	     
73.8  	     72.6  	     76.4  	     72.2  	     75.7  	     75.5  	     73.4  	     73.6  	     
74.2  	     72.8  	     76.7  	     72.6  	     75.9  	     75.9  	     73.5  	     73.8  	     
74.1  	     72.8  	     76.7  	     72.6  	     76.0  	     75.9  	     73.6  	     73.8  	     
74.3  	     72.9  	     77.2  	     73.0  	     76.3  	     76.2  	     73.8  	     74.1  	     
74.7  	     73.2  	     77.6  	     73.2  	     76.7  	     76.7  	     74.2  	     74.3  	     
75.1  	     73.4  	     78.1  	     73.5  	     77.1  	     77.1  	     74.5  	     74.8  	     
75.6  	     73.6  	     79.1  	     73.7  	     77.8  	     77.9  	     74.8  	     75.1  	     
76.3  	     73.9  	     80.3  	     74.0  	     78.8  	     79.0  	     75.5  	     75.5  	     
77.3  	     74.2  	     81.4  	     74.4  	     79.6  	     80.0  	     76.1  	     76.1  	     
78.0  	     74.6  	     82.3  	     75.0  	     80.5  	     81.0  	     76.8  	     76.6  	     
78.9  	     75.1  	     83.4  	     75.6  	     81.3  	     81.7  	     77.4  	     77.2  	     
79.8  	     75.6  	     84.1  	     76.3  	     82.1  	     82.6  	     78.2  	     78.0  	     
80.5  	     76.1  	     85.0  	     77.2  	     82.9  	     83.3  	     78.9  	     78.6  	     
81.4  	     76.7  	     85.6  	     78.0  	     83.7  	     84.0  	     79.5  	     79.2  	     
82.2  	     77.3  	     86.5  	     78.7  	     84.5  	     84.7  	     80.0  	     79.8  	     
82.6  	     77.6  	     86.9  	     79.2  	     84.9  	     85.1  	     80.7  	     80.5  	     
82.9  	     77.8  	     87.1  	     79.5  	     85.2  	     85.4  	     80.9  	     80.6  	     
83.6  	     78.3  	     87.9  	     80.3  	     85.9  	     86.1  	     81.5  	     81.4  	     
84.3  	     78.6  	     88.7  	     81.1  	     86.7  	     86.9  	     82.3  	     81.9  	     
85.0  	     79.3  	     89.5  	     81.8  	     87.4  	     87.5  	     82.9  	     82.6  	     
85.6  	     79.8  	     90.1  	     82.3  	     88.1  	     88.1  	     83.5  	     83.1  	     
86.3  	     80.3  	     91.0  	     83.0  	     88.7  	     88.8  	     84.1  	     84.0  	     
87.0  	     80.8  	     91.3  	     83.6  	     89.3  	     89.2  	     84.8  	     84.5  	     
87.6  	     81.1  	     91.8  	     84.1  	     89.8  	     89.7  	     85.3  	     85.1  	     
88.2  	     81.7  	     92.2  	     84.7  	     90.3  	     90.3  	     86.1  	     85.7  	     
88.8  	     82.4  	     92.7  	     85.3  	     90.9  	     90.9  	     86.2  	     86.3  	     
89.2  	     82.7  	     93.2  	     85.7  	     91.5  	     91.3  	     87.1  	     87.0  	     
89.8  	     83.3  	     93.7  	     86.3  	     91.9  	     91.8  	     87.7  	     87.5  	     
90.4  	     83.8  	     94.2  	     86.9  	     92.4  	     92.2  	     88.2  	     88.2  	     
90.9  	     84.4  	     94.6  	     87.4  	     92.7  	     92.7  	     88.7  	     88.7  	     
91.2  	     84.6  	     95.2  	     87.8  	     93.4  	     93.2  	     89.1  	     89.2  	     
91.7  	     85.0  	     95.5  	     88.4  	     93.7  	     93.8  	     89.7  	     89.6  	     
92.3  	     85.7  	     95.9  	     88.9  	     94.3  	     94.2  	     90.1  	     90.2  	     
92.6  	     86.1  	     96.2  	     89.4  	     94.7  	     94.7  	     90.9  	     90.6  	     
93.0  	     86.7  	     96.8  	     90.0  	     95.3  	     95.1  	     91.3  	     91.2  	     
93.1  	     86.7  	     96.8  	     90.0  	     95.4  	     95.2  	     91.4  	     91.5  	     
93.6  	     87.2  	     97.1  	     90.4  	     95.6  	     95.6  	     92.1  	     91.8  	     
94.0  	     87.5  	     97.5  	     91.0  	     96.1  	     96.0  	     92.3  	     92.3  	     
94.4  	     88.1  	     98.2  	     91.4  	     96.5  	     96.5  	     92.5  	     93.0  	     
95.3  	     88.5  	     99.7  	     91.7  	     97.4  	     97.6  	     93.5  	     93.3  	     
96.3  	     89.4  	     102.1  	     92.1  	     99.1  	     99.5  	     94.6  	     94.3  	     
97.8  	     90.2  	     104.7  	     92.7  	     101.0  	     101.7  	     96.2  	     95.4  	     
99.7  	     91.6  	     107.7  	     93.6  	     103.3  	     104.3  	     97.8  	     96.6  	     
102.0  	     92.8  	     111.0  	     94.9  	     106.1  	     107.3  	     99.9  	     98.2  	     
104.7  	     94.3  	     114.6  	     96.5  	     109.0  	     110.4  	     102.0  	     99.8  	     
107.5  	     96.3  	     118.5  	     98.4  	     112.3  	     113.9  	     104.6  	     101.7  	     
110.6  	     97.9  	     122.3  	     100.9  	     115.5  	     117.1  	     107.3  	     104.1  	     
114.0  	     99.4  	     126.6  	     103.4  	     119.2  	     121.1  	     110.1  	     106.2  	     
117.6  	     101.4  	     131.3  	     106.2  	     123.3  	     125.2  	     113.4  	     108.8  	     
121.6  	     103.4  	     135.7  	     109.1  	     127.2  	     129.1  	     116.6  	     111.6  	     
125.6  	     105.7  	     140.5  	     112.3  	     131.4  	     133.3  	     120.1  	     114.5  	     
129.6  	     108.2  	     145.3  	     115.7  	     135.7  	     137.8  	     123.6  	     117.3  	     
134.0  	     110.7  	     150.2  	     119.1  	     140.0  	     142.0  	     127.4  	     120.3  	     
138.1  	     112.9  	     155.5  	     123.0  	     144.3  	     146.4  	     131.2  	     123.7  	     
142.7  	     115.3  	     160.5  	     126.6  	     148.8  	     150.9  	     135.3  	     127.2  	     
147.1  	     117.8  	     165.7  	     130.5  	     153.5  	     155.3  	     139.3  	     130.6  	     
151.8  	     120.3  	     170.5  	     134.5  	     157.5  	     159.3  	     143.4  	     134.2  	     
156.2  	     122.8  	     175.2  	     138.2  	     161.7  	     163.4  	     147.3  	     137.6  	     
156.5  	     123.2  	     175.5  	     138.5  	     162.0  	     163.7  	     147.9  	     137.8  	     
161.3  	     125.5  	     180.6  	     142.4  	     166.4  	     168.1  	     151.8  	     141.4  	     
165.9  	     128.4  	     185.1  	     146.5  	     171.2  	     173.0  	     156.2  	     145.2  	     
170.7  	     131.0  	     190.6  	     150.6  	     175.9  	     177.4  	     160.5  	     149.1  	     
175.6  	     133.9  	     195.1  	     154.8  	     180.6  	     182.1  	     164.6  	     153.0  	     
180.4  	     136.9  	     200.1  	     159.0  	     185.0  	     186.2  	     168.8  	     156.7  	     
184.6  	     139.7  	     205.0  	     163.2  	     189.6  	     190.6  	     172.8  	     160.3  	     
189.2  	     142.5  	     209.4  	     167.2  	     194.2  	     195.0  	     177.5  	     164.4  	     
193.7  	     145.7  	     213.7  	     171.5  	     198.5  	     199.1  	     181.6  	     168.2  	     
193.7  	     145.7  	     213.7  	     171.5  	     198.5  	     199.1  	     181.6  	     168.2  	     
198.4  	     148.6  	     218.6  	     175.6  	     202.9  	     203.6  	     185.6  	     172.4  	     
202.9  	     152.0  	     223.1  	     179.9  	     207.9  	     208.4  	     189.8  	     176.6  	     
207.8  	     155.7  	     227.6  	     184.0  	     212.1  	     212.6  	     193.9  	     180.8  	     
212.5  	     158.7  	     231.6  	     188.4  	     216.1  	     216.3  	     198.0  	     184.7  	     
214.8  	     160.4  	     233.6  	     190.8  	     218.5  	     218.3  	     200.0  	     186.7  	     
216.6  	     161.9  	     234.7  	     192.6  	     220.0  	     220.1  	     201.7  	     188.2  	     
220.4  	     165.2  	     238.0  	     196.8  	     223.4  	     223.4  	     205.1  	     191.8  	     
223.8  	     168.7  	     240.8  	     200.8  	     226.6  	     226.7  	     208.2  	     195.5  	     
226.7  	     171.9  	     243.0  	     204.6  	     229.4  	     229.4  	     210.9  	     198.9  	     
229.5  	     174.9  	     245.3  	     207.9  	     231.9  	     231.9  	     213.6  	     202.8  	     
232.1  	     178.0  	     246.9  	     210.9  	     234.2  	     234.1  	     216.2  	     206.0  	     
234.4  	     180.5  	     248.5  	     213.7  	     236.4  	     236.2  	     218.5  	     209.0  	     
236.4  	     183.2  	     250.1  	     216.4  	     238.3  	     238.2  	     220.7  	     212.3  	     
238.4  	     185.7  	     251.5  	     219.0  	     239.9  	     239.9  	     222.8  	     214.9  	     
240.2  	     188.1  	     252.4  	     221.2  	     241.5  	     241.5  	     224.8  	     217.7  	     
241.5  	     190.1  	     253.4  	     222.9  	     242.6  	     242.5  	     226.3  	     219.7  	     
241.8  	     190.5  	     253.5  	     223.4  	     242.9  	     242.8  	     226.8  	     220.2  	     
243.2  	     192.8  	     254.6  	     225.5  	     244.3  	     244.4  	     228.6  	     222.5  	     
244.5  	     195.0  	     255.5  	     227.3  	     245.5  	     245.6  	     230.6  	     224.9  	     
245.8  	     197.2  	     256.3  	     229.2  	     246.7  	     246.9  	     232.2  	     226.9  	     
246.7  	     199.1  	     256.9  	     230.8  	     247.9  	     248.1  	     233.8  	     228.9  	     
247.8  	     201.3  	     257.5  	     232.5  	     248.9  	     249.2  	     235.6  	     230.9  	     
248.9  	     203.4  	     258.2  	     234.3  	     249.9  	     250.1  	     237.2  	     232.6  	     
249.9  	     205.4  	     258.6  	     235.8  	     250.8  	     251.0  	     238.8  	     234.3  	     
250.7  	     207.4  	     259.0  	     237.3  	     251.6  	     251.9  	     240.3  	     235.8  	     
251.4  	     209.3  	     259.4  	     238.7  	     252.4  	     252.8  	     241.8  	     237.3  	     
252.1  	     211.0  	     259.8  	     240.1  	     253.2  	     253.5  	     243.3  	     238.7  	     
252.9  	     212.9  	     260.3  	     241.5  	     253.8  	     254.2  	     244.7  	     240.1  	     
253.5  	     214.6  	     260.5  	     242.8  	     254.6  	     255.0  	     246.0  	     241.6  	     
254.1  	     216.4  	     261.1  	     244.1  	     255.2  	     255.5  	     247.2  	     242.7  	     
254.7  	     218.1  	     261.3  	     245.3  	     255.8  	     256.2  	     248.4  	     243.8  	     
255.1  	     219.5  	     261.7  	     246.5  	     256.3  	     256.7  	     249.7  	     245.0  	     
255.7  	     221.1  	     262.1  	     247.6  	     256.9  	     257.3  	     250.8  	     245.9  	     
256.2  	     222.4  	     262.2  	     248.7  	     257.4  	     257.8  	     251.8  	     247.0  	     
256.6  	     223.9  	     262.5  	     249.7  	     257.8  	     258.3  	     252.6  	     247.9  	     
257.1  	     225.4  	     262.8  	     250.7  	     258.2  	     258.8  	     253.6  	     248.8  	     
257.5  	     226.9  	     263.0  	     251.5  	     258.7  	     259.1  	     254.2  	     249.7  	     
257.9  	     228.2  	     263.3  	     252.4  	     259.1  	     259.5  	     255.1  	     250.5  	     
258.3  	     229.5  	     263.5  	     253.1  	     259.4  	     259.9  	     255.7  	     251.2  	     
258.5  	     230.1  	     263.6  	     253.5  	     259.6  	     260.2  	     256.0  	     251.6  	     
258.6  	     230.6  	     263.7  	     253.9  	     259.9  	     260.3  	     256.2  	     251.9  	     
258.9  	     231.9  	     263.8  	     254.5  	     260.1  	     260.7  	     256.8  	     252.6  	     
259.1  	     233.2  	     264.0  	     255.1  	     260.5  	     260.9  	     257.4  	     253.3  	     
259.4  	     234.3  	     264.0  	     255.6  	     260.8  	     261.3  	     257.9  	     253.9  	     
259.8  	     235.6  	     264.2  	     256.2  	     261.0  	     261.5  	     258.4  	     254.5  	     
259.9  	     236.9  	     264.4  	     256.6  	     261.3  	     261.8  	     258.7  	     254.9  	     
260.1  	     237.9  	     264.6  	     257.0  	     261.5  	     262.1  	     259.0  	     255.5  	     
260.5  	     239.2  	     264.7  	     257.6  	     261.9  	     262.2  	     259.4  	     255.9  	     
260.6  	     240.2  	     264.8  	     257.9  	     262.1  	     262.4  	     259.7  	     256.3  	     
260.8  	     241.3  	     264.9  	     258.3  	     262.3  	     262.6  	     260.1  	     256.6  	     
261.1  	     242.4  	     265.1  	     258.6  	     262.4  	     262.9  	     260.3  	     257.1  	     
261.3  	     243.3  	     265.0  	     258.8  	     262.7  	     263.1  	     260.5  	     257.5  	     
261.4  	     244.3  	     265.2  	     259.1  	     262.8  	     263.3  	     260.9  	     257.8  	     
261.5  	     245.2  	     265.3  	     259.4  	     263.0  	     263.4  	     261.1  	     258.1  	     
261.6  	     246.1  	     265.2  	     259.7  	     263.1  	     263.5  	     261.3  	     258.5  	     
261.7  	     246.8  	     265.2  	     259.9  	     263.1  	     263.6  	     261.5  	     258.7  	     
261.9  	     247.5  	     265.3  	     260.2  	     263.3  	     263.6  	     261.6  	     258.8  	     
261.9  	     248.3  	     265.4  	     260.3  	     263.2  	     263.6  	     261.7  	     259.0  	     
261.9  	     249.0  	     265.3  	     260.5  	     263.3  	     263.6  	     262.0  	     259.1  	     
262.0  	     249.7  	     265.2  	     260.7  	     263.3  	     263.7  	     262.1  	     259.4  	     
262.0  	     250.2  	     265.4  	     260.7  	     263.4  	     263.7  	     262.2  	     259.6  	     
262.0  	     250.8  	     265.4  	     260.9  	     263.3  	     263.8  	     262.2  	     259.7  	     
262.1  	     251.0  	     265.4  	     260.9  	     263.4  	     263.8  	     262.3  	     259.8  	     
262.1  	     251.3  	     265.4  	     260.9  	     263.5  	     263.9  	     262.4  	     259.9  	     
262.2  	     251.9  	     265.4  	     261.0  	     263.6  	     263.9  	     262.4  	     260.0  	     
262.3  	     252.4  	     265.5  	     261.2  	     263.7  	     264.0  	     262.6  	     260.1  	     
262.4  	     252.8  	     265.4  	     261.4  	     263.7  	     264.1  	     262.7  	     260.2  	     
262.4  	     253.3  	     265.4  	     261.5  	     263.8  	     264.3  	     262.9  	     260.3  	     
262.6  	     253.8  	     265.6  	     261.5  	     264.0  	     264.4  	     263.0  	     260.6  	     
262.7  	     254.2  	     265.8  	     261.7  	     264.0  	     264.5  	     263.1  	     260.6  	     
262.8  	     254.6  	     265.7  	     261.9  	     264.2  	     264.6  	     263.2  	     261.0  	     
262.7  	     255.2  	     265.5  	     262.1  	     264.1  	     264.5  	     263.4  	     260.8  	     
262.8  	     255.5  	     265.5  	     262.3  	     264.2  	     264.5  	     263.5  	     261.0  	     
262.7  	     255.8  	     265.5  	     262.2  	     264.1  	     264.5  	     263.3  	     261.1  	     
262.7  	     256.0  	     265.5  	     262.3  	     264.1  	     264.5  	     263.3  	     261.1  	     
262.6  	     256.5  	     265.5  	     262.4  	     264.0  	     264.3  	     263.4  	     261.1  	     
262.7  	     256.5  	     265.4  	     262.3  	     264.0  	     264.4  	     263.4  	     261.3  	     
262.7  	     256.8  	     265.5  	     262.4  	     264.0  	     264.3  	     263.5  	     261.3  	     
262.7  	     257.1  	     265.4  	     262.4  	     263.9  	     264.4  	     263.4  	     261.3  	     
262.7  	     257.4  	     265.4  	     262.4  	     264.0  	     264.4  	     263.5  	     261.3  	     
262.7  	     257.7  	     265.4  	     262.4  	     264.0  	     264.3  	     263.5  	     261.3  	     
262.8  	     258.0  	     265.4  	     262.4  	     264.1  	     264.5  	     263.6  	     261.4  	     
262.8  	     258.2  	     265.6  	     262.6  	     264.2  	     264.6  	     263.7  	     261.4  	     
263.0  	     258.4  	     265.6  	     262.6  	     264.2  	     264.6  	     263.8  	     261.5  	     
262.9  	     258.7  	     265.8  	     262.6  	     264.4  	     264.7  	     263.8  	     261.6  	     
262.9  	     258.8  	     265.6  	     262.8  	     264.3  	     264.6  	     263.7  	     261.7  	     
262.9  	     259.1  	     265.5  	     262.9  	     264.2  	     264.6  	     263.8  	     261.6  	     
262.9  	     259.2  	     265.5  	     263.0  	     264.2  	     264.5  	     263.8  	     261.6  	     
262.8  	     259.4  	     265.3  	     262.8  	     264.0  	     264.4  	     263.7  	     261.6  	     
262.8  	     259.5  	     265.2  	     262.9  	     264.0  	     264.3  	     263.6  	     261.6  	     
262.8  	     259.7  	     265.3  	     262.7  	     263.9  	     264.1  	     263.6  	     261.6  	     
262.8  	     259.7  	     265.2  	     262.7  	     263.8  	     264.2  	     263.6  	     261.6  	     
262.7  	     259.9  	     265.1  	     262.7  	     263.9  	     264.2  	     263.5  	     261.6  	     
262.7  	     260.0  	     265.3  	     262.7  	     263.9  	     264.1  	     263.6  	     261.6  	     
262.7  	     260.2  	     265.3  	     262.7  	     263.9  	     264.2  	     263.6  	     261.7  	     
262.7  	     260.4  	     265.2  	     262.7  	     264.0  	     264.2  	     263.6  	     261.7  	     
262.9  	     260.5  	     265.4  	     262.7  	     264.1  	     264.4  	     263.6  	     261.7  	     
262.8  	     260.6  	     265.5  	     262.7  	     264.2  	     264.4  	     263.7  	     261.8  	     
262.9  	     260.8  	     265.7  	     262.7  	     264.2  	     264.5  	     263.9  	     261.9  	     
263.0  	     261.0  	     265.7  	     262.9  	     264.3  	     264.7  	     263.9  	     262.0  	     
263.2  	     261.1  	     266.0  	     263.0  	     264.4  	     264.7  	     264.0  	     262.0  	     
263.3  	     261.4  	     265.8  	     263.1  	     264.5  	     264.8  	     264.1  	     262.1  	     
263.3  	     261.4  	     266.0  	     263.1  	     264.6  	     264.9  	     264.0  	     262.1  	     
263.4  	     261.6  	     266.1  	     263.3  	     264.7  	     264.9  	     264.1  	     262.2  	     
263.5  	     261.6  	     266.0  	     263.3  	     264.7  	     265.0  	     264.1  	     262.3  	     
263.4  	     261.8  	     265.7  	     263.4  	     264.6  	     264.9  	     264.3  	     262.3  	     
263.4  	     261.8  	     265.7  	     263.5  	     264.5  	     264.8  	     264.1  	     262.3  	     
263.3  	     261.9  	     265.6  	     263.4  	     264.4  	     264.8  	     264.2  	     262.2  	     
263.3  	     262.1  	     265.5  	     263.4  	     264.4  	     264.7  	     264.1  	     262.3  	     
263.2  	     262.0  	     265.5  	     263.3  	     264.2  	     264.6  	     264.0  	     262.2  	     
263.2  	     262.2  	     265.6  	     263.2  	     264.3  	     264.6  	     263.9  	     262.2  	     
263.0  	     262.0  	     265.5  	     263.2  	     264.2  	     264.6  	     264.0  	     262.1  	     
263.0  	     262.1  	     265.5  	     263.2  	     264.3  	     264.6  	     263.9  	     262.1  	     
263.1  	     262.2  	     265.7  	     263.3  	     264.3  	     264.6  	     263.9  	     262.2  	     
263.2  	     262.3  	     265.6  	     263.3  	     264.4  	     264.7  	     264.1  	     262.1  	     
263.2  	     262.3  	     265.7  	     263.3  	     264.5  	     264.8  	     264.1  	     262.3  	     
263.3  	     262.6  	     265.8  	     263.3  	     264.6  	     264.9  	     264.3  	     262.3  	     
263.4  	     262.6  	     266.0  	     263.4  	     264.7  	     265.0  	     264.3  	     262.4  	     
263.4  	     262.7  	     266.1  	     263.5  	     264.7  	     265.0  	     264.2  	     262.4  	     
263.5  	     262.7  	     265.9  	     263.4  	     264.7  	     265.0  	     264.3  	     262.5  	     
263.5  	     262.8  	     266.0  	     263.5  	     264.7  	     265.0  	     264.4  	     262.6  	     
263.5  	     262.9  	     266.1  	     263.5  	     264.9  	     265.1  	     264.4  	     262.6  	     
263.6  	     263.0  	     266.2  	     263.6  	     264.9  	     265.1  	     264.3  	     262.7  	     
263.7  	     263.0  	     266.3  	     263.6  	     265.0  	     265.2  	     264.4  	     262.7  	     
263.7  	     263.1  	     266.3  	     263.8  	     265.0  	     265.2  	     264.5  	     262.7  	     
263.7  	     263.3  	     266.3  	     263.8  	     265.0  	     265.2  	     264.6  	     262.8  	     
263.8  	     263.3  	     266.4  	     263.8  	     265.0  	     265.3  	     264.6  	     262.8  	     
263.8  	     263.4  	     266.4  	     263.8  	     265.1  	     265.3  	     264.6  	     262.9  	     
263.9  	     263.5  	     266.4  	     263.9  	     265.2  	     265.4  	     264.6  	     262.9  	     
264.0  	     263.6  	     266.2  	     263.9  	     264.9  	     265.3  	     264.7  	     262.9  	     
263.9  	     263.5  	     266.2  	     263.9  	     264.9  	     265.1  	     264.6  	     263.0  	     
263.7  	     263.5  	     265.9  	     264.0  	     264.8  	     265.0  	     264.5  	     262.8  	     
263.6  	     263.5  	     265.9  	     264.0  	     264.7  	     264.9  	     264.4  	     262.7  	     
263.6  	     263.5  	     265.8  	     263.8  	     264.5  	     264.8  	     264.3  	     262.8  	     
263.6  	     263.4  	     265.8  	     263.7  	     264.5  	     264.8  	     264.3  	     262.6  	     
263.4  	     263.5  	     265.7  	     263.6  	     264.5  	     264.7  	     264.3  	     262.7  	     
263.4  	     263.6  	     265.8  	     263.6  	     264.5  	     264.7  	     264.3  	     262.6  	     
263.4  	     263.5  	     265.8  	     263.6  	     264.4  	     264.6  	     264.2  	     262.6  	     
263.4  	     263.6  	     265.8  	     263.5  	     264.4  	     264.7  	     264.2  	     262.7  	     
263.5  	     263.7  	     265.9  	     263.5  	     264.5  	     264.8  	     264.3  	     262.6  	     
263.5  	     263.7  	     265.9  	     263.5  	     264.5  	     264.8  	     264.3  	     262.6  	     
263.4  	     263.7  	     266.0  	     263.6  	     264.7  	     264.9  	     264.4  	     262.6  	     
263.6  	     263.7  	     266.1  	     263.6  	     264.7  	     265.0  	     264.5  	     262.6  	     
263.7  	     263.7  	     266.1  	     263.7  	     264.8  	     265.0  	     264.4  	     262.6  	     
263.7  	     263.8  	     266.1  	     263.8  	     264.7  	     265.1  	     264.5  	     262.8  	     
263.7  	     263.9  	     266.3  	     263.8  	     264.9  	     265.2  	     264.5  	     262.8  	     
263.7  	     264.0  	     266.0  	     263.8  	     264.8  	     265.1  	     264.6  	     262.8  	     
263.7  	     264.0  	     265.9  	     263.9  	     264.6  	     265.0  	     264.5  	     262.8  	     
263.5  	     263.9  	     265.8  	     263.9  	     264.6  	     264.8  	     264.4  	     262.6  	     
263.4  	     263.8  	     265.5  	     263.8  	     264.5  	     264.7  	     264.3  	     262.6  	     
263.3  	     263.8  	     265.5  	     263.8  	     264.3  	     264.5  	     264.3  	     262.5  	     
263.2  	     263.9  	     265.4  	     263.8  	     264.3  	     264.5  	     264.1  	     262.5  	     
263.2  	     263.8  	     265.3  	     263.5  	     264.2  	     264.5  	     264.2  	     262.4  	     
263.2  	     263.8  	     265.4  	     263.5  	     264.1  	     264.5  	     264.0  	     262.3  	     
263.1  	     263.9  	     265.4  	     263.4  	     264.1  	     264.4  	     264.1  	     262.3  	     
263.0  	     263.8  	     265.3  	     263.4  	     264.2  	     264.4  	     264.1  	     262.3  	     
263.3  	     263.8  	     265.4  	     263.3  	     264.1  	     264.3  	     264.0  	     262.3  	     
263.1  	     263.8  	     265.4  	     263.2  	     264.1  	     264.4  	     264.0  	     262.3  	     
263.2  	     263.8  	     265.4  	     263.2  	     264.2  	     264.4  	     264.0  	     262.3  	     
263.1  	     263.7  	     265.5  	     263.2  	     264.2  	     264.5  	     264.1  	     262.3  	     
263.1  	     263.7  	     265.4  	     263.3  	     264.1  	     264.4  	     264.1  	     262.3  	     
262.9  	     263.7  	     264.7  	     263.4  	     263.7  	     263.9  	     263.9  	     262.1  	     
262.6  	     263.7  	     263.8  	     263.4  	     263.0  	     263.4  	     263.6  	     261.8  	     
261.9  	     263.4  	     262.9  	     263.3  	     262.4  	     262.5  	     263.1  	     261.3  	     
261.3  	     263.2  	     262.3  	     263.1  	     261.3  	     261.7  	     262.5  	     260.8  	     
260.3  	     262.8  	     260.1  	     262.6  	     259.9  	     260.2  	     261.7  	     260.0  	     
259.2  	     262.4  	     258.4  	     262.0  	     258.4  	     258.8  	     260.7  	     259.0  	     
257.9  	     261.8  	     256.5  	     261.2  	     257.0  	     257.2  	     259.7  	     257.9  	     
256.2  	     261.3  	     254.6  	     260.2  	     255.2  	     255.4  	     258.4  	     256.8  	     
254.5  	     260.5  	     252.4  	     259.1  	     253.2  	     253.2  	     257.1  	     255.4  	     
252.7  	     259.6  	     249.8  	     257.9  	     251.0  	     251.3  	     255.4  	     253.9  	     
250.7  	     258.6  	     247.2  	     256.4  	     248.8  	     249.1  	     253.9  	     252.2  	     
248.5  	     257.5  	     244.4  	     255.0  	     246.4  	     246.5  	     252.1  	     250.7  	     
246.3  	     256.4  	     241.8  	     253.2  	     243.8  	     243.9  	     250.2  	     248.8  	     
243.9  	     255.2  	     239.0  	     251.4  	     241.2  	     241.3  	     248.2  	     246.8  	     
241.4  	     254.0  	     236.2  	     249.4  	     238.7  	     238.8  	     246.3  	     244.7  	     
238.8  	     252.7  	     233.2  	     247.4  	     235.8  	     236.1  	     244.2  	     242.6  	     
236.1  	     251.2  	     230.3  	     245.4  	     233.0  	     233.3  	     242.0  	     240.3  	     
235.6  	     250.9  	     229.6  	     244.9  	     232.4  	     232.8  	     241.5  	     239.8  	     
233.4  	     249.9  	     227.2  	     243.2  	     230.2  	     230.5  	     239.8  	     238.1  	     
230.8  	     248.3  	     224.1  	     241.0  	     227.5  	     227.8  	     237.5  	     235.8  	     
227.9  	     246.7  	     221.2  	     238.6  	     224.5  	     224.8  	     235.2  	     233.3  	     
225.2  	     245.0  	     217.9  	     236.4  	     221.8  	     222.1  	     232.7  	     231.1  	     
222.3  	     243.2  	     215.1  	     233.9  	     218.9  	     219.2  	     230.3  	     228.6  	     
219.5  	     241.5  	     212.1  	     231.4  	     216.2  	     216.4  	     227.9  	     226.3  	     
216.8  	     239.7  	     209.4  	     229.1  	     213.5  	     213.7  	     225.6  	     224.1  	     
214.1  	     237.9  	     206.7  	     226.8  	     210.6  	     210.9  	     223.2  	     221.5  	     
211.4  	     236.0  	     204.0  	     224.4  	     207.9  	     208.3  	     220.9  	     219.1  	     
208.8  	     234.1  	     201.2  	     221.9  	     205.3  	     205.6  	     218.5  	     216.6  	     
206.1  	     232.3  	     198.3  	     219.5  	     202.7  	     203.0  	     216.2  	     214.2  	     
203.5  	     230.3  	     195.9  	     216.9  	     200.0  	     200.3  	     213.8  	     211.6  	     
200.9  	     228.5  	     193.6  	     214.6  	     197.5  	     197.8  	     211.4  	     209.3  	     
198.4  	     226.7  	     191.0  	     212.3  	     195.1  	     195.3  	     209.1  	     207.1  	     
195.9  	     224.6  	     188.3  	     209.8  	     192.6  	     192.9  	     206.8  	     204.7  	     
193.4  	     222.8  	     186.1  	     207.4  	     190.4  	     190.5  	     204.5  	     202.3  	     
191.0  	     221.0  	     183.8  	     205.2  	     188.1  	     188.4  	     202.3  	     200.0  	     
188.6  	     219.1  	     181.4  	     202.8  	     185.9  	     186.2  	     200.0  	     197.8  	     
186.3  	     217.3  	     179.7  	     200.6  	     183.7  	     183.9  	     197.8  	     195.6  	     
183.9  	     215.3  	     177.1  	     198.3  	     181.6  	     181.7  	     195.6  	     193.4  	     
181.9  	     213.3  	     175.2  	     196.2  	     179.5  	     179.6  	     193.4  	     191.3  	     
179.7  	     211.4  	     173.0  	     193.9  	     177.2  	     177.5  	     191.2  	     189.0  	     
177.7  	     209.6  	     171.0  	     191.9  	     175.3  	     175.6  	     189.1  	     187.0  	     
175.6  	     207.8  	     169.2  	     189.7  	     173.2  	     173.6  	     187.1  	     185.1  	     
173.7  	     205.9  	     167.5  	     187.8  	     171.5  	     171.7  	     185.1  	     183.0  	     
171.9  	     203.9  	     165.5  	     185.6  	     169.6  	     169.8  	     183.0  	     181.0  	     
169.9  	     202.1  	     163.7  	     183.7  	     167.9  	     168.1  	     181.2  	     178.9  	     
168.3  	     200.3  	     162.0  	     181.7  	     166.1  	     166.3  	     179.2  	     177.2  	     
166.2  	     198.5  	     160.4  	     179.9  	     164.6  	     164.7  	     177.3  	     175.2  	     
164.5  	     196.7  	     158.8  	     177.9  	     162.9  	     163.1  	     175.4  	     173.2  	     
163.0  	     194.6  	     157.1  	     176.3  	     161.2  	     161.3  	     173.6  	     171.5  	     
161.3  	     192.9  	     155.8  	     174.5  	     159.7  	     159.8  	     171.8  	     170.0  	     
159.7  	     191.1  	     154.4  	     172.7  	     158.1  	     158.3  	     170.1  	     168.2  	     
158.2  	     189.5  	     153.0  	     170.9  	     156.7  	     156.7  	     168.3  	     166.5  	     
156.6  	     187.8  	     151.5  	     169.2  	     155.3  	     155.5  	     166.7  	     164.9  	     
155.0  	     186.1  	     150.2  	     167.6  	     153.9  	     153.9  	     165.2  	     163.2  	     
153.8  	     184.3  	     149.2  	     165.9  	     152.6  	     152.6  	     163.5  	     161.7  	     
152.4  	     182.7  	     147.8  	     164.4  	     151.3  	     151.3  	     162.0  	     160.2  	     
151.0  	     181.1  	     146.6  	     162.8  	     149.9  	     150.0  	     160.7  	     159.0  	     
149.8  	     179.5  	     145.5  	     161.4  	     148.6  	     148.8  	     159.0  	     157.4  	     
148.4  	     178.1  	     144.3  	     159.9  	     147.5  	     147.5  	     157.7  	     156.0  	     
147.3  	     176.5  	     143.4  	     158.5  	     146.3  	     146.4  	     156.2  	     154.7  	     
146.0  	     174.9  	     142.2  	     157.0  	     145.3  	     145.3  	     154.9  	     153.5  	     
144.9  	     173.5  	     141.2  	     155.6  	     144.1  	     144.1  	     153.6  	     152.1  	     
143.7  	     172.1  	     140.3  	     154.3  	     143.0  	     143.0  	     152.4  	     150.8  	     
142.7  	     170.6  	     139.3  	     153.0  	     141.9  	     141.9  	     151.2  	     149.6  	     
141.5  	     169.0  	     138.3  	     151.7  	     141.0  	     140.8  	     149.7  	     148.3  	     
140.6  	     167.6  	     137.3  	     150.4  	     140.0  	     139.9  	     148.5  	     147.2  	     
139.4  	     166.3  	     136.5  	     149.2  	     139.1  	     138.9  	     147.3  	     146.0  	     
138.4  	     164.9  	     135.6  	     148.0  	     138.1  	     138.0  	     146.2  	     144.9  	     
137.4  	     163.6  	     134.7  	     146.9  	     137.2  	     137.1  	     145.1  	     143.9  	     
136.6  	     162.3  	     134.0  	     145.8  	     136.4  	     136.3  	     144.1  	     142.9  	     
135.6  	     161.1  	     133.2  	     144.8  	     135.5  	     135.5  	     142.9  	     142.0  	     
134.7  	     159.9  	     132.5  	     143.7  	     134.8  	     134.6  	     142.0  	     140.9  	     
133.9  	     158.7  	     131.7  	     142.7  	     134.0  	     133.7  	     141.0  	     139.9  	     
133.2  	     157.6  	     131.0  	     141.7  	     133.2  	     133.0  	     140.1  	     138.9  	     
132.4  	     156.3  	     130.4  	     140.8  	     132.4  	     132.2  	     139.2  	     138.0  	     
131.8  	     155.1  	     129.7  	     139.9  	     131.6  	     131.5  	     138.3  	     137.1  	     
130.9  	     153.8  	     129.0  	     138.8  	     131.0  	     130.8  	     137.3  	     136.2  	     
130.2  	     152.8  	     128.4  	     137.9  	     130.2  	     130.1  	     136.5  	     135.4  	     
129.4  	     151.7  	     127.8  	     137.0  	     129.7  	     129.5  	     135.7  	     134.6  	     
128.8  	     150.6  	     127.0  	     136.1  	     129.1  	     128.8  	     134.9  	     133.7  	     
128.1  	     149.6  	     126.4  	     135.3  	     128.4  	     128.2  	     134.1  	     133.0  	     
127.5  	     148.5  	     125.9  	     134.5  	     127.9  	     127.6  	     133.3  	     132.1  	     
126.9  	     147.5  	     125.3  	     133.8  	     127.3  	     127.0  	     132.6  	     131.4  	     
126.3  	     146.7  	     124.9  	     133.0  	     126.6  	     126.5  	     131.9  	     130.7  	     
125.8  	     145.8  	     124.4  	     132.3  	     126.1  	     125.8  	     131.1  	     130.1  	     
125.2  	     144.6  	     123.9  	     131.6  	     125.5  	     125.3  	     130.4  	     129.4  	     
124.6  	     143.8  	     123.4  	     130.7  	     124.9  	     124.7  	     129.7  	     128.8  	     
124.1  	     143.0  	     122.6  	     130.0  	     124.4  	     124.1  	     129.0  	     128.1  	     
123.5  	     142.0  	     122.6  	     129.3  	     123.9  	     123.6  	     128.5  	     127.5  	     
123.0  	     141.1  	     122.2  	     128.7  	     123.5  	     123.2  	     127.9  	     127.0  	     
122.6  	     140.3  	     121.7  	     128.1  	     123.0  	     122.7  	     127.3  	     126.3  	     
122.1  	     139.5  	     121.3  	     127.5  	     122.4  	     122.2  	     126.7  	     125.7  	     
121.5  	     138.7  	     120.8  	     126.9  	     121.9  	     121.7  	     126.0  	     125.1  	     
121.1  	     138.0  	     120.3  	     126.3  	     121.5  	     121.2  	     125.5  	     124.6  	     
120.7  	     137.2  	     119.9  	     125.7  	     121.0  	     120.9  	     125.0  	     124.1  	     
120.2  	     136.4  	     119.6  	     125.2  	     120.7  	     120.5  	     124.5  	     123.6  	     
119.7  	     135.7  	     119.3  	     124.6  	     120.2  	     120.1  	     124.0  	     123.1  	     
119.4  	     134.9  	     118.9  	     124.2  	     120.0  	     119.7  	     123.5  	     122.7  	     
119.0  	     134.2  	     118.5  	     123.7  	     119.6  	     119.3  	     123.1  	     122.2  	     
118.6  	     133.6  	     118.1  	     123.1  	     119.1  	     118.9  	     122.5  	     121.7  	     
118.2  	     132.7  	     117.8  	     122.7  	     118.8  	     118.5  	     122.0  	     121.3  	     
117.8  	     132.2  	     117.4  	     122.3  	     118.4  	     118.1  	     121.5  	     120.9  	     
117.4  	     131.5  	     117.1  	     121.8  	     118.1  	     117.8  	     121.2  	     120.3  	     
117.1  	     130.8  	     116.7  	     121.2  	     117.8  	     117.5  	     120.7  	     119.9  	     
116.7  	     130.3  	     116.4  	     120.8  	     117.5  	     117.1  	     120.3  	     119.5  	     
116.4  	     129.6  	     116.1  	     120.3  	     117.1  	     116.8  	     119.8  	     119.1  	     
116.0  	     129.1  	     115.7  	     119.8  	     116.8  	     116.4  	     119.5  	     118.7  	     
115.8  	     128.4  	     115.5  	     119.4  	     116.4  	     116.1  	     119.1  	     118.3  	     
115.4  	     127.9  	     115.2  	     119.0  	     116.1  	     115.8  	     118.6  	     117.8  	     
115.0  	     127.2  	     114.9  	     118.6  	     115.7  	     115.4  	     118.1  	     117.5  	     
114.7  	     126.7  	     114.6  	     118.2  	     115.4  	     115.1  	     117.9  	     117.1  	     
114.4  	     126.3  	     114.2  	     117.8  	     115.1  	     114.8  	     117.5  	     116.8  	     
114.1  	     125.6  	     113.9  	     117.5  	     114.8  	     114.6  	     117.1  	     116.5  	     
113.8  	     125.1  	     113.7  	     117.1  	     114.5  	     114.2  	     116.8  	     116.1  	     
113.6  	     124.6  	     113.5  	     116.7  	     114.2  	     113.8  	     116.4  	     115.8  	     
113.2  	     124.1  	     112.9  	     116.3  	     113.9  	     113.5  	     116.1  	     115.4  	     
112.9  	     123.7  	     113.0  	     115.9  	     113.6  	     113.3  	     115.7  	     115.1  	     
112.4  	     123.2  	     112.7  	     115.7  	     113.4  	     113.0  	     115.4  	     114.7  	     
112.4  	     122.9  	     112.6  	     115.5  	     113.3  	     113.0  	     115.4  	     114.6  	     
112.2  	     122.7  	     112.1  	     115.3  	     112.9  	     112.6  	     115.1  	     114.3  	     
111.5  	     122.1  	     111.2  	     114.9  	     112.1  	     111.7  	     114.4  	     113.7  	     
110.9  	     121.5  	     110.3  	     114.6  	     111.2  	     110.8  	     113.7  	     112.9  	     
110.1  	     120.9  	     109.6  	     114.0  	     110.3  	     109.9  	     113.1  	     112.3  	     
109.5  	     120.3  	     108.9  	     113.4  	     109.7  	     109.3  	     112.5  	     111.7  	     
108.8  	     119.9  	     108.2  	     112.7  	     109.1  	     108.6  	     111.9  	     111.2  	     
108.2  	     119.4  	     107.7  	     112.2  	     108.5  	     108.0  	     111.5  	     110.7  	     