
G34-PTC2  	G34-PTC7  	G34-PTC11  	G34-PTC20  	G34-PTC22  	G34-PTC23  	G34-PTC38  	G34-PTC39  	
Deg.F  	     Deg.F  	     Deg.F  	     Deg.F  	     Deg.F  	     Deg.F  	     Deg.F  	     Deg.F  	     
68.4  	     68.5  	     69.4  	     68.2  	     69.8  	     69.1  	     68.6  	     68.8  	     
68.4  	     68.5  	     69.4  	     68.2  	     69.8  	     69.1  	     68.6  	     68.8  	     
68.4  	     68.5  	     69.4  	     68.2  	     69.8  	     69.1  	     68.6  	     68.8  	     
68.4  	     68.4  	     69.5  	     68.2  	     69.9  	     69.1  	     68.5  	     68.8  	     
68.6  	     68.5  	     69.6  	     68.1  	     69.8  	     69.0  	     68.6  	     68.8  	     
68.6  	     68.4  	     69.9  	     68.3  	     69.8  	     69.1  	     68.4  	     68.7  	     
68.9  	     68.5  	     70.0  	     68.4  	     69.8  	     68.9  	     68.8  	     68.9  	     
68.9  	     68.5  	     70.3  	     68.6  	     69.7  	     69.0  	     68.6  	     68.9  	     
69.1  	     68.7  	     70.5  	     68.7  	     69.8  	     69.1  	     68.7  	     69.0  	     
69.1  	     68.7  	     70.8  	     68.8  	     69.8  	     69.0  	     68.7  	     68.9  	     
69.3  	     68.7  	     70.8  	     68.9  	     69.8  	     69.0  	     68.8  	     69.0  	     
69.4  	     68.8  	     71.1  	     69.0  	     69.8  	     69.2  	     68.8  	     69.1  	     
69.8  	     68.9  	     71.3  	     69.2  	     70.0  	     69.2  	     68.9  	     69.3  	     
69.9  	     69.0  	     71.5  	     69.2  	     69.9  	     69.3  	     69.0  	     69.3  	     
70.1  	     69.0  	     71.7  	     69.0  	     70.1  	     69.4  	     68.9  	     69.2  	     
70.3  	     69.2  	     71.8  	     69.6  	     70.2  	     69.4  	     69.0  	     69.4  	     
70.5  	     69.2  	     72.0  	     69.8  	     70.2  	     69.5  	     69.1  	     69.3  	     
70.5  	     69.4  	     72.2  	     69.9  	     70.2  	     69.6  	     69.2  	     69.6  	     
70.5  	     69.4  	     72.2  	     69.9  	     70.2  	     69.6  	     69.2  	     69.6  	     
70.7  	     69.3  	     72.2  	     70.0  	     70.3  	     69.6  	     69.2  	     69.5  	     
70.8  	     69.4  	     72.3  	     70.0  	     70.4  	     69.8  	     69.3  	     69.5  	     
71.0  	     69.5  	     72.5  	     70.2  	     70.4  	     69.7  	     69.4  	     69.8  	     
70.8  	     69.7  	     72.7  	     70.3  	     70.6  	     69.8  	     69.5  	     69.9  	     
71.6  	     69.7  	     72.8  	     70.5  	     70.7  	     69.9  	     69.6  	     69.9  	     
71.5  	     69.9  	     73.1  	     70.6  	     70.7  	     69.9  	     69.7  	     70.0  	     
72.0  	     69.9  	     73.0  	     70.6  	     70.7  	     69.9  	     69.7  	     70.1  	     
72.3  	     70.0  	     73.4  	     70.7  	     70.8  	     70.2  	     69.8  	     70.1  	     
72.4  	     70.2  	     73.9  	     70.7  	     70.9  	     69.8  	     69.9  	     70.3  	     
72.5  	     70.2  	     74.6  	     71.3  	     71.0  	     70.3  	     70.1  	     70.3  	     
73.0  	     70.4  	     75.5  	     71.7  	     70.7  	     70.2  	     70.2  	     70.5  	     
74.1  	     70.4  	     76.7  	     72.3  	     70.8  	     70.2  	     70.2  	     70.5  	     
75.1  	     70.6  	     77.9  	     73.1  	     70.7  	     70.2  	     70.3  	     70.6  	     
76.2  	     71.0  	     79.3  	     74.0  	     70.9  	     70.3  	     70.5  	     70.7  	     
77.3  	     71.5  	     80.4  	     74.7  	     71.2  	     70.6  	     70.9  	     71.1  	     
78.3  	     72.0  	     81.7  	     75.5  	     71.6  	     70.9  	     71.2  	     71.5  	     
79.2  	     72.7  	     82.2  	     76.3  	     72.1  	     71.4  	     71.7  	     72.0  	     
79.9  	     73.5  	     83.3  	     77.0  	     72.5  	     71.9  	     72.3  	     72.7  	     
80.8  	     74.2  	     84.3  	     77.9  	     73.0  	     72.4  	     72.7  	     73.1  	     
81.6  	     74.7  	     84.7  	     78.3  	     73.4  	     72.7  	     73.1  	     73.5  	     
81.8  	     75.1  	     85.1  	     78.5  	     73.6  	     72.9  	     73.2  	     73.6  	     
82.6  	     75.7  	     85.8  	     79.4  	     74.2  	     73.4  	     73.9  	     74.4  	     
83.3  	     76.7  	     86.8  	     80.1  	     74.7  	     73.9  	     74.5  	     75.0  	     
84.1  	     77.4  	     87.7  	     80.7  	     75.2  	     74.5  	     75.0  	     75.5  	     
84.8  	     78.0  	     88.3  	     81.3  	     76.0  	     75.1  	     75.5  	     76.2  	     
85.7  	     78.6  	     88.9  	     81.8  	     76.5  	     75.8  	     76.2  	     76.8  	     
86.6  	     79.3  	     89.5  	     82.7  	     77.0  	     76.2  	     76.7  	     77.4  	     
87.1  	     80.0  	     90.1  	     83.7  	     77.5  	     76.8  	     77.3  	     77.9  	     
87.7  	     80.6  	     90.6  	     84.3  	     78.0  	     77.5  	     77.8  	     78.5  	     
88.2  	     81.2  	     91.3  	     84.3  	     78.4  	     78.0  	     78.4  	     79.0  	     
88.9  	     81.7  	     91.7  	     84.9  	     79.1  	     78.4  	     78.9  	     79.5  	     
89.3  	     82.3  	     92.2  	     85.4  	     79.5  	     78.9  	     79.4  	     80.0  	     
89.9  	     82.9  	     92.6  	     86.1  	     80.1  	     78.4  	     79.9  	     80.5  	     
90.3  	     83.4  	     93.0  	     86.4  	     80.6  	     79.9  	     80.4  	     81.0  	     
90.7  	     84.0  	     93.6  	     87.1  	     81.1  	     80.4  	     80.9  	     81.4  	     
91.2  	     84.4  	     93.9  	     87.4  	     81.7  	     81.0  	     81.5  	     82.1  	     
91.5  	     84.9  	     94.4  	     87.9  	     82.0  	     81.5  	     82.0  	     82.5  	     
91.8  	     85.6  	     94.6  	     88.4  	     82.6  	     82.0  	     82.4  	     83.2  	     
92.5  	     86.1  	     95.0  	     89.3  	     83.3  	     82.5  	     83.0  	     83.5  	     
92.4  	     86.1  	     95.0  	     89.1  	     83.4  	     82.7  	     83.1  	     83.6  	     
92.5  	     86.5  	     95.4  	     89.3  	     83.7  	     83.0  	     83.4  	     84.1  	     
93.0  	     86.9  	     95.7  	     89.8  	     84.2  	     83.6  	     83.8  	     84.5  	     
93.6  	     87.3  	     96.4  	     90.3  	     84.7  	     84.0  	     84.4  	     84.9  	     
94.5  	     87.7  	     97.7  	     91.2  	     85.0  	     84.4  	     84.8  	     85.3  	     
95.8  	     88.1  	     99.5  	     92.0  	     85.4  	     84.8  	     85.2  	     85.5  	     
97.6  	     88.5  	     101.7  	     93.6  	     85.6  	     85.1  	     85.7  	     86.3  	     
99.5  	     89.3  	     104.1  	     95.4  	     86.3  	     85.6  	     86.3  	     86.5  	     
101.9  	     90.3  	     106.7  	     97.5  	     86.7  	     86.0  	     86.9  	     87.1  	     
104.6  	     91.5  	     109.6  	     99.5  	     87.5  	     86.7  	     87.7  	     87.9  	     
107.5  	     93.1  	     112.8  	     102.1  	     88.3  	     87.6  	     88.8  	     89.0  	     
110.8  	     94.9  	     116.1  	     105.0  	     88.5  	     88.6  	     89.9  	     90.2  	     
114.1  	     96.9  	     119.8  	     108.0  	     90.4  	     89.8  	     91.2  	     91.6  	     
118.0  	     99.0  	     124.6  	     111.0  	     91.8  	     91.2  	     92.8  	     93.1  	     
121.6  	     101.4  	     127.6  	     114.3  	     93.3  	     92.8  	     94.3  	     94.9  	     
125.8  	     104.1  	     132.6  	     117.7  	     94.9  	     94.6  	     96.2  	     96.9  	     
129.8  	     106.6  	     136.2  	     121.1  	     96.7  	     96.3  	     97.8  	     98.8  	     
134.0  	     109.6  	     140.4  	     125.0  	     98.5  	     98.3  	     100.0  	     100.9  	     
138.4  	     112.6  	     145.2  	     128.6  	     100.5  	     100.4  	     101.9  	     103.0  	     
143.0  	     115.8  	     149.4  	     132.5  	     102.8  	     102.7  	     104.2  	     105.3  	     
147.5  	     119.0  	     154.2  	     136.5  	     105.1  	     105.0  	     106.7  	     107.8  	     
152.1  	     122.4  	     158.3  	     140.3  	     107.5  	     107.4  	     109.2  	     110.3  	     
157.0  	     125.7  	     162.7  	     144.5  	     110.2  	     109.9  	     111.8  	     113.1  	     
161.4  	     128.9  	     167.5  	     148.5  	     112.6  	     112.5  	     114.6  	     115.9  	     
165.4  	     131.8  	     170.9  	     151.4  	     114.7  	     114.8  	     116.9  	     118.3  	     
166.6  	     132.6  	     172.5  	     152.3  	     115.3  	     115.5  	     117.5  	     118.8  	     
166.7  	     133.0  	     172.8  	     152.9  	     115.6  	     115.7  	     117.7  	     119.1  	     
170.8  	     136.2  	     176.9  	     156.2  	     118.3  	     118.3  	     120.5  	     121.9  	     
175.0  	     140.1  	     180.4  	     159.8  	     121.6  	     121.6  	     123.7  	     125.1  	     
179.3  	     143.5  	     184.7  	     163.3  	     124.6  	     124.6  	     126.8  	     128.2  	     
183.5  	     147.0  	     188.7  	     166.9  	     127.7  	     127.4  	     129.8  	     131.2  	     
187.9  	     150.4  	     192.7  	     170.9  	     130.6  	     130.5  	     132.7  	     134.4  	     
189.9  	     152.1  	     194.9  	     172.5  	     132.2  	     132.1  	     134.4  	     136.1  	     
192.0  	     153.7  	     196.5  	     174.3  	     133.5  	     133.4  	     135.8  	     137.6  	     
195.9  	     157.0  	     200.4  	     178.3  	     136.5  	     136.4  	     139.0  	     140.7  	     
200.5  	     160.4  	     204.7  	     182.0  	     139.4  	     139.3  	     141.9  	     143.6  	     
204.5  	     163.7  	     208.7  	     185.9  	     142.4  	     142.4  	     144.9  	     146.9  	     
209.2  	     167.2  	     212.5  	     189.7  	     145.7  	     145.5  	     148.2  	     150.0  	     
213.6  	     170.6  	     217.0  	     193.7  	     148.8  	     148.6  	     151.5  	     153.3  	     
217.4  	     174.0  	     221.4  	     197.7  	     152.0  	     151.9  	     154.5  	     156.6  	     
221.3  	     177.7  	     225.2  	     201.8  	     155.3  	     155.0  	     157.9  	     159.8  	     
225.0  	     181.3  	     229.1  	     205.2  	     158.5  	     158.6  	     161.5  	     163.1  	     
228.9  	     185.1  	     232.1  	     208.9  	     162.5  	     162.0  	     164.7  	     166.8  	     
231.7  	     188.7  	     235.6  	     211.3  	     165.8  	     165.5  	     168.1  	     170.3  	     
234.7  	     192.1  	     238.1  	     213.9  	     169.2  	     169.1  	     171.5  	     173.6  	     
237.1  	     195.5  	     240.3  	     216.4  	     172.7  	     172.4  	     175.0  	     177.0  	     
239.3  	     198.4  	     242.5  	     218.6  	     175.8  	     175.7  	     178.5  	     180.3  	     
241.4  	     201.3  	     244.4  	     221.1  	     178.9  	     178.7  	     181.5  	     183.6  	     
243.5  	     204.2  	     246.3  	     223.5  	     181.8  	     181.8  	     184.7  	     186.6  	     
245.2  	     206.7  	     247.8  	     225.5  	     184.7  	     184.8  	     187.9  	     189.5  	     
246.8  	     209.0  	     249.1  	     227.9  	     187.6  	     187.5  	     190.7  	     192.4  	     
248.2  	     211.4  	     250.4  	     229.9  	     190.5  	     190.3  	     193.4  	     195.4  	     
249.6  	     213.6  	     251.6  	     232.1  	     193.2  	     193.1  	     196.3  	     197.8  	     
249.6  	     213.6  	     251.6  	     232.1  	     193.2  	     193.1  	     196.3  	     197.8  	     
250.7  	     215.8  	     252.7  	     233.8  	     195.7  	     196.3  	     199.0  	     200.4  	     
251.4  	     217.6  	     253.6  	     236.3  	     198.1  	     198.3  	     201.5  	     202.9  	     
252.8  	     219.4  	     254.4  	     238.2  	     200.7  	     200.8  	     203.9  	     205.5  	     
253.7  	     221.2  	     255.4  	     240.2  	     202.9  	     203.2  	     206.5  	     207.8  	     
254.4  	     223.1  	     256.0  	     242.0  	     205.2  	     205.5  	     208.7  	     210.0  	     
255.5  	     224.7  	     256.8  	     244.0  	     207.5  	     207.7  	     211.1  	     212.2  	     
256.0  	     226.1  	     257.4  	     245.5  	     209.5  	     210.0  	     213.3  	     214.3  	     
256.2  	     227.8  	     257.9  	     246.9  	     211.7  	     212.1  	     215.5  	     216.6  	     
256.8  	     229.3  	     258.4  	     248.0  	     213.6  	     214.3  	     217.7  	     218.7  	     
257.5  	     230.6  	     259.0  	     248.9  	     216.0  	     216.2  	     219.8  	     220.7  	     
257.7  	     231.8  	     259.2  	     249.6  	     218.0  	     218.3  	     221.7  	     222.5  	     
258.4  	     233.2  	     259.6  	     250.3  	     219.8  	     220.3  	     223.7  	     224.5  	     
258.7  	     234.4  	     260.0  	     251.1  	     221.8  	     222.2  	     225.9  	     226.5  	     
259.2  	     235.8  	     260.3  	     251.6  	     223.6  	     224.0  	     227.7  	     228.4  	     
259.9  	     236.9  	     260.6  	     251.9  	     225.5  	     226.0  	     229.7  	     230.3  	     
260.2  	     238.2  	     261.1  	     252.2  	     227.2  	     227.6  	     231.5  	     232.2  	     
260.1  	     239.1  	     261.2  	     252.7  	     229.2  	     229.6  	     233.6  	     234.2  	     
261.0  	     240.2  	     261.5  	     253.0  	     231.0  	     231.4  	     235.7  	     236.0  	     
261.3  	     241.3  	     261.7  	     253.4  	     232.8  	     233.6  	     237.6  	     238.1  	     
261.2  	     242.3  	     262.0  	     253.7  	     234.6  	     235.3  	     239.5  	     239.9  	     
261.2  	     242.4  	     261.9  	     253.7  	     234.7  	     235.3  	     239.7  	     240.0  	     
261.4  	     243.2  	     262.0  	     254.0  	     236.3  	     237.0  	     241.5  	     241.8  	     
261.8  	     244.1  	     262.2  	     254.4  	     238.0  	     238.8  	     243.2  	     243.5  	     
261.6  	     244.9  	     262.3  	     254.7  	     239.7  	     240.4  	     245.0  	     245.3  	     
262.0  	     245.8  	     262.6  	     254.9  	     241.2  	     242.0  	     246.8  	     247.1  	     
262.1  	     246.6  	     262.8  	     255.2  	     242.9  	     243.6  	     248.4  	     248.5  	     
262.2  	     247.4  	     262.8  	     255.5  	     244.3  	     244.9  	     249.5  	     249.7  	     
262.6  	     248.1  	     263.0  	     255.7  	     245.5  	     246.3  	     250.8  	     251.0  	     
262.9  	     249.0  	     263.0  	     256.1  	     246.8  	     247.5  	     251.9  	     252.0  	     
262.4  	     249.7  	     263.2  	     256.1  	     247.9  	     248.7  	     252.8  	     252.9  	     
262.6  	     250.3  	     263.2  	     256.5  	     248.9  	     249.6  	     253.6  	     253.7  	     
262.7  	     250.9  	     263.5  	     256.7  	     249.8  	     250.6  	     254.3  	     254.3  	     
262.8  	     251.6  	     263.5  	     256.9  	     250.7  	     251.4  	     254.8  	     255.0  	     
263.0  	     252.0  	     263.5  	     257.2  	     251.5  	     252.1  	     255.4  	     255.4  	     
263.5  	     252.6  	     263.6  	     257.4  	     252.1  	     252.9  	     255.8  	     255.9  	     
263.3  	     253.1  	     263.5  	     257.5  	     252.7  	     253.5  	     256.2  	     256.3  	     
263.3  	     253.6  	     263.6  	     257.6  	     253.1  	     254.0  	     256.6  	     256.6  	     
263.3  	     253.7  	     263.5  	     257.5  	     253.3  	     254.1  	     256.6  	     256.6  	     
263.4  	     254.2  	     263.6  	     257.7  	     253.8  	     254.6  	     256.9  	     257.0  	     
263.5  	     254.6  	     263.7  	     257.8  	     253.6  	     255.0  	     257.2  	     257.1  	     
263.4  	     255.0  	     263.7  	     257.9  	     254.6  	     255.4  	     257.4  	     257.4  	     
263.3  	     255.3  	     263.7  	     258.0  	     255.0  	     255.7  	     257.6  	     257.6  	     
263.4  	     255.6  	     263.7  	     258.2  	     255.3  	     256.0  	     257.7  	     257.7  	     
263.4  	     256.0  	     263.7  	     258.6  	     255.5  	     256.3  	     257.9  	     258.0  	     
263.5  	     256.2  	     263.7  	     258.7  	     255.9  	     256.6  	     258.1  	     258.0  	     
263.4  	     256.7  	     263.7  	     258.7  	     256.1  	     256.8  	     258.3  	     258.1  	     
263.4  	     256.8  	     263.8  	     259.0  	     256.5  	     257.2  	     258.4  	     258.3  	     
263.5  	     257.1  	     263.9  	     259.0  	     256.8  	     257.4  	     258.4  	     258.5  	     
263.7  	     257.4  	     264.0  	     259.3  	     257.0  	     257.7  	     258.7  	     258.7  	     
263.0  	     257.9  	     264.2  	     259.4  	     257.0  	     257.8  	     258.8  	     258.9  	     
263.7  	     258.2  	     264.2  	     259.5  	     257.3  	     258.0  	     259.0  	     259.0  	     
263.8  	     258.6  	     264.4  	     259.7  	     257.5  	     258.1  	     259.2  	     259.1  	     
263.9  	     258.8  	     264.5  	     259.8  	     257.7  	     258.4  	     259.3  	     259.3  	     
263.8  	     259.0  	     264.5  	     259.9  	     257.8  	     258.5  	     259.4  	     259.4  	     
263.8  	     259.2  	     264.5  	     260.5  	     258.2  	     258.7  	     259.5  	     259.6  	     
264.1  	     259.4  	     264.6  	     260.2  	     258.3  	     258.9  	     259.7  	     259.6  	     
264.2  	     259.6  	     264.6  	     260.2  	     258.5  	     259.1  	     259.8  	     259.7  	     
264.1  	     259.7  	     264.6  	     260.4  	     258.6  	     259.3  	     259.9  	     259.8  	     
264.2  	     260.1  	     264.6  	     260.6  	     258.7  	     259.5  	     260.0  	     260.0  	     
264.3  	     260.2  	     264.6  	     260.7  	     258.9  	     259.5  	     260.2  	     260.0  	     
264.3  	     260.4  	     264.6  	     260.8  	     259.0  	     259.6  	     260.3  	     260.2  	     
264.3  	     260.7  	     264.5  	     260.8  	     259.2  	     259.9  	     260.4  	     260.4  	     
264.3  	     260.8  	     264.5  	     260.7  	     259.4  	     260.1  	     260.5  	     260.6  	     
264.2  	     260.9  	     264.4  	     260.7  	     259.5  	     260.1  	     260.7  	     260.6  	     
264.2  	     261.1  	     264.4  	     260.8  	     259.5  	     260.2  	     260.7  	     260.8  	     
264.1  	     261.2  	     264.4  	     260.8  	     259.7  	     260.3  	     260.7  	     260.8  	     
264.0  	     261.3  	     264.4  	     260.9  	     259.8  	     260.4  	     260.8  	     261.0  	     
264.2  	     261.5  	     264.4  	     261.1  	     259.9  	     260.4  	     261.0  	     260.9  	     
264.0  	     261.4  	     264.4  	     260.8  	     259.9  	     260.6  	     260.9  	     260.8  	     
264.3  	     261.5  	     264.5  	     261.0  	     259.9  	     261.8  	     260.9  	     261.0  	     
264.4  	     261.5  	     264.4  	     261.0  	     260.1  	     260.7  	     261.0  	     261.0  	     
264.5  	     261.6  	     264.5  	     261.1  	     260.1  	     260.7  	     261.1  	     261.0  	     
264.3  	     261.8  	     264.5  	     261.2  	     260.2  	     260.7  	     261.2  	     261.2  	     
264.3  	     261.8  	     264.6  	     261.3  	     260.2  	     261.0  	     261.2  	     261.2  	     
264.2  	     262.0  	     264.6  	     261.2  	     260.4  	     261.1  	     261.4  	     261.3  	     
264.4  	     262.0  	     264.6  	     261.4  	     260.3  	     261.0  	     261.4  	     261.3  	     
264.3  	     262.2  	     264.6  	     261.3  	     260.4  	     261.0  	     261.4  	     261.3  	     
264.3  	     262.2  	     264.7  	     261.4  	     260.4  	     261.1  	     261.6  	     261.4  	     
264.3  	     262.2  	     264.7  	     261.5  	     260.6  	     261.1  	     261.6  	     261.5  	     
264.3  	     262.4  	     265.0  	     261.5  	     260.6  	     260.7  	     261.7  	     261.6  	     
264.4  	     262.4  	     264.7  	     261.5  	     260.7  	     261.5  	     261.7  	     261.7  	     
264.4  	     262.5  	     264.6  	     261.8  	     260.9  	     261.6  	     261.8  	     261.7  	     
264.5  	     262.7  	     264.6  	     261.8  	     261.0  	     261.7  	     261.9  	     261.9  	     
264.4  	     262.7  	     264.7  	     261.8  	     261.0  	     261.8  	     261.9  	     261.9  	     
264.5  	     262.7  	     264.7  	     261.8  	     261.1  	     261.8  	     261.9  	     262.0  	     
264.6  	     262.8  	     264.7  	     261.9  	     261.1  	     261.9  	     262.0  	     262.1  	     
264.5  	     263.0  	     264.7  	     262.0  	     261.3  	     262.0  	     262.1  	     262.2  	     
264.7  	     262.9  	     265.0  	     262.0  	     261.3  	     262.1  	     262.2  	     262.1  	     
264.8  	     263.1  	     264.9  	     262.0  	     261.4  	     262.1  	     262.3  	     262.2  	     
264.9  	     263.0  	     265.0  	     262.1  	     261.4  	     262.2  	     262.3  	     262.2  	     
264.7  	     263.2  	     264.9  	     262.2  	     261.5  	     262.2  	     262.3  	     262.3  	     
265.0  	     263.2  	     264.9  	     262.2  	     261.4  	     262.3  	     262.2  	     262.2  	     
264.8  	     263.2  	     265.0  	     262.2  	     261.6  	     262.3  	     262.2  	     262.2  	     
264.7  	     263.3  	     265.1  	     262.2  	     261.6  	     262.3  	     262.3  	     262.3  	     
265.0  	     263.4  	     265.1  	     262.3  	     261.6  	     262.3  	     262.4  	     262.3  	     
265.0  	     263.4  	     265.1  	     262.3  	     261.7  	     262.4  	     262.4  	     262.3  	     
264.9  	     263.5  	     265.1  	     262.1  	     261.6  	     262.4  	     262.5  	     262.3  	     
264.9  	     263.5  	     265.2  	     262.3  	     261.7  	     262.4  	     262.6  	     262.4  	     
264.8  	     263.6  	     265.2  	     262.2  	     261.7  	     263.6  	     262.6  	     262.5  	     
264.8  	     263.7  	     265.2  	     262.3  	     261.7  	     262.5  	     262.7  	     262.6  	     
264.8  	     263.5  	     265.2  	     262.4  	     261.8  	     262.6  	     262.8  	     262.7  	     
264.8  	     263.7  	     265.2  	     262.5  	     261.9  	     262.7  	     262.8  	     262.7  	     
264.8  	     263.6  	     265.2  	     262.5  	     261.9  	     262.6  	     262.8  	     262.9  	     
264.8  	     263.7  	     265.1  	     262.5  	     262.1  	     262.8  	     262.9  	     262.9  	     
264.7  	     263.8  	     265.1  	     262.4  	     262.1  	     262.8  	     263.0  	     262.9  	     
264.8  	     263.7  	     265.1  	     262.5  	     262.1  	     262.8  	     263.0  	     262.9  	     
264.8  	     263.8  	     265.1  	     262.6  	     262.1  	     262.9  	     263.0  	     263.0  	     
264.9  	     263.9  	     265.2  	     262.5  	     262.3  	     262.9  	     263.1  	     263.0  	     
264.9  	     263.9  	     265.3  	     262.6  	     262.3  	     263.0  	     263.1  	     263.0  	     
264.9  	     264.0  	     265.2  	     262.7  	     262.3  	     263.0  	     263.1  	     263.1  	     
264.8  	     264.1  	     265.2  	     262.5  	     262.3  	     263.1  	     263.1  	     263.1  	     
264.7  	     264.1  	     265.2  	     262.7  	     262.3  	     263.1  	     263.2  	     263.2  	     
264.7  	     264.0  	     265.1  	     262.7  	     262.3  	     263.1  	     263.2  	     263.1  	     
264.7  	     264.0  	     265.1  	     262.6  	     262.3  	     263.1  	     263.2  	     263.2  	     
264.6  	     264.1  	     265.0  	     262.4  	     262.4  	     263.2  	     263.3  	     263.2  	     
264.6  	     264.0  	     265.1  	     262.6  	     262.5  	     262.9  	     263.2  	     263.2  	     
264.6  	     264.0  	     265.2  	     262.7  	     262.0  	     263.0  	     263.3  	     263.2  	     
264.8  	     264.2  	     265.3  	     262.7  	     262.3  	     263.1  	     263.3  	     263.2  	     
264.7  	     264.2  	     265.2  	     262.7  	     262.5  	     263.1  	     263.3  	     263.2  	     
264.8  	     264.2  	     265.2  	     262.8  	     262.5  	     263.1  	     263.4  	     263.4  	     
264.8  	     264.3  	     265.1  	     262.6  	     262.5  	     263.3  	     263.4  	     263.3  	     
264.7  	     264.2  	     265.1  	     262.6  	     262.6  	     263.2  	     263.5  	     263.4  	     
264.7  	     264.2  	     265.0  	     262.6  	     262.5  	     263.0  	     263.5  	     263.4  	     
264.8  	     264.2  	     265.0  	     262.6  	     262.4  	     263.3  	     263.3  	     263.3  	     
264.5  	     264.1  	     264.9  	     262.6  	     262.5  	     263.2  	     263.4  	     263.4  	     
264.7  	     264.1  	     265.0  	     262.7  	     262.5  	     263.2  	     263.5  	     263.4  	     
264.7  	     264.2  	     265.0  	     262.5  	     262.5  	     263.1  	     263.4  	     263.4  	     
264.5  	     264.1  	     265.1  	     262.7  	     262.5  	     263.2  	     263.4  	     263.3  	     
264.6  	     264.2  	     265.2  	     262.8  	     262.6  	     263.3  	     263.2  	     263.3  	     
264.7  	     264.1  	     265.2  	     262.8  	     262.5  	     263.3  	     263.3  	     263.3  	     
264.7  	     264.2  	     265.2  	     262.9  	     262.6  	     263.3  	     263.3  	     263.4  	     
264.8  	     264.2  	     265.2  	     262.9  	     262.6  	     263.3  	     263.4  	     263.4  	     
264.8  	     264.3  	     265.1  	     262.8  	     262.7  	     263.4  	     263.3  	     263.4  	     
264.8  	     264.2  	     265.1  	     262.7  	     262.6  	     263.4  	     263.4  	     263.4  	     
264.8  	     264.2  	     265.1  	     262.9  	     262.6  	     263.4  	     263.5  	     263.4  	     
264.5  	     264.2  	     264.7  	     262.7  	     262.7  	     263.4  	     263.6  	     263.5  	     
264.0  	     264.4  	     264.1  	     262.3  	     262.9  	     263.5  	     263.7  	     263.6  	     
263.4  	     264.4  	     263.2  	     261.7  	     263.0  	     263.6  	     263.6  	     263.5  	     
262.6  	     264.3  	     262.5  	     261.0  	     262.9  	     263.6  	     263.7  	     263.6  	     
261.8  	     264.0  	     261.3  	     260.5  	     263.0  	     263.7  	     263.5  	     263.6  	     
260.4  	     263.6  	     259.5  	     259.5  	     263.0  	     263.6  	     263.5  	     263.5  	     
258.7  	     263.3  	     258.2  	     258.4  	     262.9  	     263.5  	     263.3  	     263.3  	     
257.7  	     262.7  	     256.5  	     257.0  	     262.6  	     263.2  	     262.9  	     262.8  	     
256.0  	     262.0  	     254.5  	     255.5  	     262.4  	     263.0  	     262.4  	     262.6  	     
254.1  	     261.3  	     252.9  	     254.0  	     261.9  	     262.5  	     262.0  	     262.3  	     
252.3  	     260.4  	     250.4  	     252.3  	     261.4  	     261.9  	     261.4  	     261.6  	     
250.2  	     259.4  	     248.2  	     250.5  	     260.7  	     261.3  	     260.8  	     260.9  	     
247.9  	     258.2  	     245.7  	     248.6  	     260.1  	     260.6  	     260.3  	     260.2  	     
245.7  	     256.9  	     242.9  	     246.5  	     259.3  	     259.8  	     259.3  	     259.4  	     
243.4  	     255.5  	     240.5  	     244.5  	     258.3  	     258.9  	     258.2  	     258.4  	     
240.9  	     253.8  	     237.9  	     242.6  	     257.5  	     257.9  	     257.5  	     257.4  	     
238.1  	     252.3  	     235.3  	     240.1  	     256.4  	     256.8  	     256.4  	     256.4  	     
235.7  	     250.6  	     232.1  	     237.6  	     255.1  	     255.7  	     255.2  	     255.3  	     
232.9  	     249.0  	     229.6  	     235.4  	     253.8  	     254.5  	     254.0  	     254.0  	     
230.5  	     247.1  	     227.0  	     233.1  	     252.4  	     253.1  	     252.7  	     252.7  	     
227.5  	     245.3  	     223.7  	     230.8  	     251.0  	     251.6  	     251.4  	     251.4  	     
224.9  	     243.4  	     220.9  	     228.3  	     249.6  	     250.1  	     250.1  	     250.1  	     
222.3  	     241.4  	     218.4  	     226.0  	     248.0  	     248.6  	     248.7  	     248.7  	     
221.3  	     240.7  	     217.4  	     225.2  	     247.4  	     248.1  	     248.2  	     248.2  	     
219.6  	     239.3  	     215.5  	     223.6  	     246.4  	     247.0  	     247.2  	     247.1  	     
216.7  	     237.3  	     212.9  	     221.2  	     244.3  	     245.3  	     245.7  	     245.6  	     
214.2  	     235.3  	     210.1  	     218.9  	     243.1  	     243.7  	     244.1  	     243.9  	     
211.6  	     233.3  	     207.7  	     216.5  	     241.4  	     242.4  	     242.3  	     242.3  	     
208.9  	     231.3  	     204.6  	     214.3  	     239.7  	     240.3  	     240.9  	     240.7  	     
206.3  	     229.1  	     202.0  	     211.8  	     237.9  	     238.4  	     239.2  	     239.0  	     
203.8  	     227.0  	     199.2  	     209.8  	     236.0  	     236.6  	     237.5  	     237.3  	     
201.2  	     225.0  	     197.1  	     207.3  	     234.2  	     234.7  	     235.8  	     235.6  	     
198.9  	     223.0  	     194.6  	     204.7  	     232.2  	     232.8  	     234.0  	     233.9  	     
196.4  	     220.7  	     192.5  	     202.9  	     230.4  	     230.9  	     232.3  	     232.2  	     
194.2  	     218.6  	     190.3  	     200.6  	     228.5  	     229.0  	     230.4  	     230.3  	     
191.8  	     216.5  	     187.8  	     198.4  	     226.5  	     227.0  	     228.7  	     228.5  	     
189.6  	     214.3  	     185.5  	     196.2  	     224.6  	     225.1  	     226.9  	     226.7  	     
187.4  	     212.0  	     183.2  	     194.1  	     222.7  	     223.2  	     225.0  	     224.8  	     
185.1  	     210.0  	     181.2  	     192.1  	     220.9  	     221.4  	     223.2  	     222.8  	     
182.9  	     208.0  	     179.0  	     190.0  	     218.9  	     219.3  	     221.2  	     221.0  	     
180.9  	     205.8  	     177.0  	     188.1  	     217.0  	     217.5  	     219.4  	     219.2  	     
178.8  	     203.8  	     174.9  	     186.1  	     215.1  	     215.4  	     217.5  	     217.2  	     
176.9  	     201.8  	     173.0  	     184.2  	     213.0  	     213.5  	     215.7  	     215.4  	     
174.9  	     199.7  	     171.2  	     182.5  	     211.0  	     211.5  	     213.6  	     213.4  	     
172.9  	     197.7  	     169.6  	     180.3  	     208.7  	     209.6  	     211.8  	     211.6  	     
171.2  	     195.8  	     167.8  	     178.5  	     207.4  	     207.7  	     209.9  	     209.7  	     
169.3  	     193.8  	     165.9  	     176.6  	     205.5  	     205.8  	     208.1  	     207.9  	     
167.6  	     191.9  	     164.2  	     174.7  	     203.6  	     203.9  	     206.4  	     206.2  	     
165.9  	     190.0  	     162.6  	     173.0  	     201.8  	     201.9  	     204.3  	     204.2  	     
164.3  	     188.2  	     161.0  	     171.4  	     199.7  	     200.1  	     202.6  	     202.4  	     
162.5  	     186.4  	     159.5  	     169.8  	     198.0  	     198.3  	     200.7  	     200.6  	     
160.8  	     184.4  	     158.1  	     168.3  	     196.2  	     195.5  	     199.1  	     198.9  	     
159.2  	     182.6  	     156.4  	     166.4  	     194.4  	     194.6  	     197.2  	     197.0  	     
157.8  	     180.8  	     155.1  	     164.8  	     192.6  	     192.8  	     195.6  	     195.4  	     
156.2  	     179.1  	     153.6  	     163.4  	     190.9  	     191.1  	     193.8  	     193.6  	     
154.8  	     177.3  	     152.5  	     161.9  	     189.1  	     189.2  	     192.0  	     191.8  	     
153.5  	     175.5  	     151.0  	     160.4  	     187.4  	     187.5  	     190.3  	     190.2  	     
151.9  	     173.9  	     149.6  	     158.9  	     185.6  	     185.9  	     188.7  	     188.5  	     
150.6  	     172.3  	     148.4  	     157.5  	     183.9  	     184.1  	     187.0  	     186.8  	     
149.4  	     170.7  	     147.1  	     156.1  	     182.3  	     182.4  	     185.2  	     185.1  	     
148.2  	     169.1  	     146.2  	     154.8  	     180.7  	     180.8  	     183.6  	     183.4  	     
147.1  	     167.5  	     144.7  	     153.5  	     179.0  	     179.1  	     181.9  	     181.8  	     
145.8  	     166.0  	     143.8  	     152.1  	     177.4  	     177.5  	     180.3  	     180.2  	     
144.6  	     164.3  	     142.5  	     150.7  	     175.9  	     176.0  	     178.7  	     178.6  	     
143.3  	     163.0  	     141.5  	     149.5  	     174.4  	     174.4  	     177.1  	     177.0  	     
142.4  	     161.5  	     140.6  	     148.5  	     172.7  	     172.8  	     175.6  	     175.5  	     
141.1  	     160.1  	     139.6  	     147.3  	     171.2  	     171.2  	     174.0  	     173.9  	     
140.1  	     158.8  	     138.7  	     146.2  	     169.8  	     169.8  	     172.6  	     172.4  	     
139.1  	     157.4  	     137.6  	     145.0  	     168.3  	     168.4  	     171.0  	     171.0  	     
138.1  	     156.0  	     136.9  	     144.1  	     167.0  	     167.1  	     169.6  	     169.5  	     
137.0  	     154.7  	     135.9  	     143.0  	     165.7  	     165.7  	     168.3  	     168.1  	     
136.0  	     153.5  	     134.9  	     142.0  	     164.4  	     164.2  	     166.7  	     166.7  	     
135.3  	     152.2  	     134.2  	     141.1  	     163.0  	     163.0  	     165.3  	     165.2  	     
134.5  	     151.0  	     133.4  	     140.1  	     161.8  	     161.6  	     164.0  	     163.9  	     
133.5  	     149.8  	     132.6  	     139.1  	     160.3  	     160.3  	     162.5  	     162.6  	     
132.8  	     148.7  	     131.8  	     138.3  	     159.1  	     159.0  	     161.3  	     161.3  	     
132.0  	     147.5  	     131.3  	     137.3  	     157.8  	     157.7  	     160.1  	     160.1  	     
131.2  	     146.5  	     130.5  	     136.4  	     156.5  	     156.5  	     158.8  	     158.9  	     
130.3  	     145.4  	     129.8  	     135.6  	     155.4  	     155.3  	     157.6  	     157.7  	     
129.6  	     144.3  	     129.1  	     134.7  	     154.2  	     155.5  	     156.4  	     156.6  	     
129.0  	     143.2  	     128.5  	     134.0  	     153.1  	     153.0  	     155.1  	     155.1  	     
128.2  	     142.3  	     127.9  	     133.2  	     152.0  	     151.9  	     154.0  	     154.0  	     
127.5  	     141.3  	     127.1  	     132.3  	     150.9  	     150.7  	     152.9  	     153.0  	     
127.1  	     140.3  	     126.6  	     131.7  	     149.8  	     149.6  	     151.8  	     151.7  	     
126.3  	     139.3  	     126.2  	     131.0  	     148.7  	     148.7  	     150.6  	     150.6  	     
125.9  	     138.5  	     125.4  	     130.3  	     147.7  	     147.5  	     149.6  	     149.8  	     
125.3  	     137.6  	     124.9  	     129.6  	     146.8  	     146.6  	     148.5  	     148.6  	     
124.6  	     136.6  	     124.4  	     128.9  	     145.7  	     145.5  	     147.4  	     147.5  	     
124.1  	     135.8  	     123.9  	     128.2  	     144.8  	     144.6  	     146.5  	     146.6  	     
123.6  	     135.0  	     123.4  	     127.6  	     143.7  	     143.7  	     145.4  	     145.5  	     
123.1  	     134.2  	     122.9  	     127.0  	     142.8  	     142.4  	     144.3  	     144.5  	     
122.4  	     133.4  	     122.6  	     126.4  	     141.8  	     141.7  	     143.5  	     143.6  	     
121.8  	     132.8  	     122.0  	     125.8  	     141.0  	     140.8  	     142.5  	     142.7  	     
121.5  	     131.9  	     121.5  	     125.2  	     140.1  	     139.9  	     141.7  	     141.6  	     
121.0  	     131.2  	     121.3  	     124.6  	     139.3  	     139.2  	     140.7  	     140.9  	     
120.6  	     130.4  	     120.8  	     124.3  	     138.6  	     138.4  	     139.8  	     140.0  	     
120.3  	     129.7  	     120.1  	     123.6  	     137.8  	     137.5  	     139.1  	     139.3  	     
119.9  	     129.1  	     119.9  	     123.8  	     137.0  	     136.7  	     138.2  	     138.2  	     
119.3  	     128.5  	     119.6  	     122.7  	     136.2  	     135.8  	     137.4  	     137.5  	     
118.9  	     127.9  	     119.1  	     122.2  	     135.5  	     135.2  	     136.6  	     136.8  	     
118.5  	     127.3  	     118.8  	     121.6  	     134.7  	     134.3  	     135.8  	     136.0  	     
118.2  	     126.7  	     118.4  	     121.2  	     134.0  	     133.6  	     135.0  	     135.2  	     
117.8  	     126.1  	     118.0  	     120.7  	     133.2  	     132.9  	     134.2  	     134.4  	     
117.4  	     125.5  	     117.8  	     120.3  	     132.6  	     132.3  	     133.5  	     133.7  	     
117.1  	     125.0  	     117.4  	     119.9  	     131.9  	     131.6  	     132.8  	     133.0  	     
116.7  	     124.4  	     117.1  	     119.4  	     131.4  	     130.9  	     132.1  	     132.4  	     
116.4  	     123.9  	     116.9  	     119.1  	     130.7  	     130.4  	     131.4  	     131.7  	     
116.1  	     123.3  	     116.6  	     118.7  	     129.9  	     129.7  	     130.8  	     131.0  	     
115.8  	     122.8  	     116.2  	     118.3  	     129.4  	     129.2  	     130.1  	     130.3  	     
115.5  	     122.4  	     116.0  	     118.0  	     128.7  	     128.5  	     129.5  	     129.7  	     
115.2  	     121.9  	     115.7  	     117.6  	     128.2  	     127.8  	     128.9  	     129.1  	     
114.9  	     121.2  	     115.4  	     117.2  	     127.6  	     127.3  	     128.4  	     128.7  	     
114.5  	     120.9  	     115.1  	     116.9  	     127.1  	     126.8  	     127.8  	     127.9  	     
114.2  	     120.4  	     114.8  	     116.6  	     126.6  	     126.2  	     127.3  	     127.5  	     
114.0  	     120.0  	     114.6  	     116.3  	     126.1  	     125.7  	     126.7  	     126.9  	     
113.8  	     119.6  	     114.3  	     116.0  	     125.6  	     125.2  	     126.1  	     126.4  	     
113.5  	     119.2  	     114.1  	     115.6  	     125.1  	     124.7  	     125.5  	     125.9  	     
113.1  	     118.8  	     114.0  	     115.3  	     124.6  	     124.2  	     125.0  	     125.3  	     
112.9  	     118.3  	     113.7  	     115.0  	     124.0  	     123.7  	     124.5  	     124.8  	     
112.6  	     118.0  	     113.5  	     114.7  	     123.6  	     123.3  	     124.0  	     124.3  	     
112.4  	     117.7  	     113.2  	     114.3  	     123.2  	     122.9  	     123.6  	     123.7  	     
112.2  	     117.3  	     112.8  	     114.1  	     122.7  	     122.4  	     123.0  	     123.2  	     
112.0  	     116.8  	     112.7  	     113.8  	     122.2  	     122.0  	     122.6  	     122.8  	     
111.8  	     116.5  	     112.4  	     113.5  	     121.9  	     121.4  	     122.2  	     122.3  	     
111.5  	     116.2  	     112.2  	     113.2  	     121.4  	     121.0  	     121.7  	     122.0  	     
111.4  	     115.9  	     112.0  	     113.0  	     121.1  	     120.6  	     121.2  	     121.5  	     
111.1  	     115.5  	     111.7  	     112.6  	     120.6  	     120.2  	     120.8  	     121.0  	     
110.9  	     115.1  	     111.6  	     112.4  	     120.1  	     119.7  	     120.3  	     120.6  	     
110.7  	     114.8  	     111.4  	     112.1  	     119.8  	     119.4  	     119.9  	     120.4  	     
110.4  	     114.5  	     111.1  	     111.9  	     119.4  	     119.0  	     119.6  	     119.8  	     
110.1  	     114.2  	     111.0  	     111.6  	     119.1  	     118.6  	     119.1  	     119.6  	     
110.1  	     114.0  	     111.0  	     111.5  	     118.9  	     118.5  	     119.0  	     119.3  	     
109.9  	     113.9  	     110.4  	     111.3  	     118.6  	     118.2  	     118.8  	     119.1  	     
109.3  	     113.6  	     109.5  	     110.5  	     118.5  	     117.9  	     118.4  	     118.7  	     
108.6  	     113.3  	     108.9  	     110.0  	     118.2  	     117.8  	     118.1  	     118.4  	     
107.9  	     112.8  	     108.3  	     109.3  	     117.9  	     117.5  	     117.7  	     118.0  	     
107.3  	     112.3  	     107.7  	     108.7  	     117.6  	     117.1  	     117.2  	     117.6  	     
106.7  	     111.9  	     107.1  	     108.2  	     117.2  	     116.7  	     116.9  	     117.1  	     
106.3  	     111.4  	     106.6  	     107.9  	     116.8  	     116.3  	     116.4  	     116.8  	     
106.3  	     111.4  	     106.6  	     107.8  	     116.8  	     116.2  	     116.4  	     116.8  	     