
G48-PTC2  	G48-PTC10  	G48-PTC11  	G48-PTC26  	G48-PTC27  	G48-PTC28  	G48-PTC29  	G48-PTC33  	
Deg.F  	     Deg.F  	     Deg.F  	     Deg.F  	     Deg.F  	     Deg.F  	     Deg.F  	     Deg.F  	     
72.9  	     73.7  	     73.4  	     74.1  	     73.6  	     73.2  	     73.2  	     73.4  	     
72.9  	     73.7  	     73.4  	     74.1  	     73.6  	     73.2  	     73.2  	     73.4  	     
72.9  	     73.7  	     73.4  	     74.1  	     73.6  	     73.2  	     73.2  	     73.4  	     
73.2  	     74.3  	     73.7  	     74.6  	     74.0  	     73.8  	     74.0  	     73.7  	     
73.6  	     74.9  	     74.1  	     75.3  	     74.6  	     74.1  	     74.5  	     74.1  	     
74.0  	     75.3  	     74.4  	     75.8  	     75.0  	     74.4  	     74.9  	     74.7  	     
74.3  	     75.6  	     74.8  	     76.5  	     75.6  	     74.8  	     75.3  	     75.1  	     
74.7  	     76.0  	     75.1  	     76.9  	     76.2  	     75.2  	     75.7  	     75.5  	     
75.1  	     76.2  	     75.5  	     77.5  	     76.7  	     75.5  	     76.1  	     75.8  	     
75.3  	     76.5  	     75.6  	     78.1  	     77.3  	     75.8  	     76.4  	     76.2  	     
75.8  	     76.8  	     76.0  	     78.6  	     77.8  	     76.0  	     76.7  	     76.6  	     
76.2  	     77.1  	     76.4  	     79.1  	     78.2  	     76.2  	     77.1  	     77.0  	     
76.6  	     77.5  	     76.7  	     79.5  	     78.7  	     76.8  	     77.4  	     77.6  	     
76.9  	     77.9  	     77.0  	     79.9  	     79.2  	     77.1  	     77.6  	     77.6  	     
77.4  	     78.2  	     77.3  	     80.4  	     79.6  	     77.4  	     78.0  	     77.8  	     
77.7  	     78.6  	     77.6  	     80.7  	     79.9  	     77.8  	     78.3  	     78.4  	     
78.1  	     78.8  	     77.9  	     81.1  	     80.3  	     78.2  	     78.6  	     78.4  	     
78.4  	     79.2  	     78.2  	     81.6  	     80.7  	     78.4  	     78.9  	     78.8  	     
78.4  	     79.2  	     78.2  	     81.6  	     80.7  	     78.4  	     78.9  	     78.8  	     
78.8  	     79.6  	     78.5  	     82.0  	     81.2  	     78.8  	     79.2  	     79.4  	     
79.1  	     79.9  	     78.8  	     82.3  	     81.6  	     79.1  	     79.5  	     79.9  	     
79.4  	     80.2  	     79.1  	     82.7  	     82.1  	     79.4  	     79.9  	     79.9  	     
79.8  	     80.5  	     79.4  	     83.0  	     82.3  	     79.8  	     80.2  	     80.4  	     
80.1  	     80.8  	     79.7  	     83.4  	     82.6  	     80.1  	     80.5  	     80.6  	     
80.6  	     81.1  	     80.0  	     83.8  	     83.0  	     80.3  	     80.8  	     80.7  	     
80.8  	     81.4  	     80.3  	     84.1  	     83.4  	     80.7  	     81.1  	     81.3  	     
81.2  	     81.7  	     80.6  	     84.5  	     83.8  	     80.8  	     81.2  	     81.4  	     
81.5  	     82.0  	     80.8  	     84.8  	     84.1  	     81.0  	     81.7  	     81.8  	     
81.8  	     82.3  	     81.1  	     85.1  	     84.4  	     81.5  	     81.9  	     81.8  	     
81.7  	     82.3  	     81.1  	     85.1  	     84.5  	     81.5  	     81.9  	     81.9  	     
82.2  	     82.5  	     81.4  	     85.4  	     84.6  	     81.8  	     82.2  	     82.3  	     
82.5  	     82.8  	     81.6  	     85.7  	     85.0  	     82.0  	     82.4  	     82.4  	     
82.8  	     83.1  	     82.0  	     85.9  	     85.2  	     82.3  	     82.6  	     82.6  	     
83.1  	     83.5  	     82.2  	     86.4  	     85.6  	     82.6  	     83.1  	     83.0  	     
83.5  	     84.5  	     82.6  	     87.2  	     86.3  	     83.5  	     84.0  	     83.7  	     
84.2  	     85.5  	     83.2  	     88.6  	     87.3  	     84.2  	     85.1  	     81.9  	     
85.0  	     86.9  	     84.1  	     90.2  	     88.6  	     85.3  	     86.6  	     83.3  	     
86.1  	     88.4  	     85.2  	     92.1  	     90.1  	     86.6  	     88.2  	     85.0  	     
87.3  	     90.0  	     86.3  	     94.1  	     91.7  	     87.8  	     89.6  	     86.0  	     
88.5  	     92.1  	     87.7  	     96.4  	     93.7  	     89.4  	     91.7  	     88.6  	     
90.0  	     94.1  	     89.3  	     98.8  	     95.6  	     91.2  	     93.9  	     91.1  	     
91.8  	     96.5  	     91.0  	     101.4  	     97.9  	     93.3  	     96.4  	     95.7  	     
94.0  	     99.1  	     92.9  	     104.2  	     100.3  	     95.5  	     99.0  	     98.7  	     
96.1  	     101.7  	     95.4  	     107.1  	     102.7  	     97.6  	     101.5  	     101.7  	     
98.4  	     104.4  	     97.6  	     110.2  	     105.5  	     100.1  	     104.6  	     104.5  	     
101.1  	     107.5  	     100.1  	     113.0  	     108.1  	     102.9  	     107.5  	     108.1  	     
103.6  	     110.3  	     103.0  	     115.7  	     110.7  	     106.0  	     110.7  	     112.1  	     
106.3  	     113.9  	     105.9  	     118.7  	     113.5  	     109.0  	     114.2  	     115.3  	     
109.3  	     117.3  	     108.9  	     122.0  	     116.5  	     112.2  	     117.7  	     119.5  	     
112.4  	     120.5  	     112.3  	     126.0  	     119.8  	     115.8  	     121.4  	     123.5  	     
115.7  	     123.7  	     115.6  	     129.3  	     122.9  	     119.5  	     125.3  	     127.4  	     
119.2  	     127.2  	     119.2  	     132.8  	     125.9  	     123.3  	     129.2  	     131.4  	     
122.7  	     131.1  	     122.9  	     136.2  	     129.1  	     127.0  	     133.1  	     135.4  	     
126.1  	     134.8  	     126.7  	     140.1  	     132.6  	     130.4  	     137.0  	     139.8  	     
129.5  	     138.9  	     130.4  	     144.2  	     136.7  	     134.2  	     140.9  	     143.7  	     
133.1  	     142.7  	     134.3  	     147.9  	     139.9  	     137.8  	     145.0  	     148.3  	     
136.7  	     146.7  	     138.0  	     151.5  	     143.6  	     141.5  	     149.0  	     152.2  	     
140.1  	     150.6  	     142.0  	     155.2  	     147.0  	     145.4  	     153.3  	     156.2  	     
143.7  	     154.6  	     145.8  	     158.8  	     150.6  	     148.9  	     156.9  	     160.4  	     
147.5  	     158.0  	     149.7  	     162.1  	     154.1  	     152.7  	     160.6  	     164.3  	     
149.4  	     159.9  	     151.6  	     163.9  	     156.0  	     154.4  	     162.5  	     166.6  	     
150.8  	     161.4  	     153.4  	     165.5  	     157.5  	     156.2  	     164.0  	     168.3  	     
154.1  	     164.9  	     156.8  	     168.6  	     160.6  	     159.4  	     167.4  	     171.6  	     
157.6  	     168.6  	     160.3  	     171.8  	     164.0  	     162.7  	     170.9  	     175.2  	     
160.6  	     171.6  	     163.8  	     174.9  	     167.2  	     165.8  	     174.2  	     178.6  	     
163.7  	     174.7  	     167.2  	     178.0  	     170.3  	     168.7  	     177.1  	     181.9  	     
166.8  	     178.1  	     170.4  	     181.1  	     173.4  	     172.0  	     180.4  	     185.2  	     
170.0  	     181.2  	     173.6  	     184.1  	     176.6  	     175.0  	     183.4  	     188.3  	     
173.0  	     184.3  	     176.9  	     187.2  	     179.7  	     177.8  	     186.2  	     191.2  	     
175.9  	     187.5  	     179.8  	     190.1  	     182.5  	     180.8  	     188.9  	     194.6  	     
179.0  	     190.7  	     182.9  	     192.9  	     185.5  	     184.1  	     192.0  	     197.4  	     
182.1  	     193.8  	     185.9  	     196.0  	     188.5  	     186.8  	     194.8  	     200.3  	     
184.9  	     196.6  	     188.8  	     198.9  	     191.4  	     189.6  	     197.6  	     203.3  	     
187.7  	     199.2  	     191.7  	     201.6  	     194.2  	     192.4  	     200.2  	     205.8  	     
190.3  	     201.4  	     193.8  	     203.7  	     196.2  	     194.7  	     202.5  	     207.7  	     
190.6  	     202.1  	     194.4  	     204.3  	     196.9  	     195.2  	     203.2  	     208.4  	     
192.6  	     204.0  	     196.3  	     206.4  	     199.1  	     197.3  	     205.0  	     210.4  	     
193.3  	     204.7  	     197.0  	     207.1  	     199.8  	     198.0  	     205.8  	     210.9  	     
196.0  	     207.3  	     199.9  	     209.8  	     202.5  	     200.6  	     208.2  	     213.8  	     
198.7  	     210.4  	     202.6  	     212.4  	     205.0  	     203.1  	     210.7  	     216.4  	     
201.4  	     213.3  	     205.2  	     215.1  	     207.9  	     206.0  	     213.4  	     219.0  	     
203.9  	     215.8  	     207.8  	     217.6  	     210.7  	     208.4  	     215.7  	     221.5  	     
206.5  	     218.0  	     210.5  	     220.1  	     213.3  	     210.8  	     218.1  	     224.2  	     
209.0  	     220.4  	     212.9  	     222.5  	     215.7  	     213.3  	     220.3  	     226.2  	     
211.4  	     222.3  	     215.3  	     224.6  	     218.1  	     215.3  	     222.1  	     228.8  	     
213.7  	     224.1  	     217.7  	     226.4  	     220.2  	     217.4  	     223.7  	     230.5  	     
215.8  	     225.8  	     219.8  	     228.2  	     222.3  	     219.5  	     225.4  	     232.3  	     
217.9  	     227.6  	     221.8  	     230.0  	     224.3  	     221.4  	     226.8  	     234.1  	     
219.8  	     229.3  	     223.6  	     231.6  	     226.3  	     223.3  	     228.6  	     235.5  	     
221.7  	     230.8  	     225.4  	     233.3  	     227.9  	     225.2  	     230.2  	     236.9  	     
224.7  	     231.4  	     226.9  	     236.1  	     230.9  	     226.3  	     231.0  	     238.1  	     
228.7  	     232.6  	     228.2  	     239.3  	     234.4  	     227.6  	     232.0  	     238.8  	     
229.5  	     233.3  	     228.6  	     239.8  	     235.0  	     228.2  	     232.5  	     239.1  	     
230.4  	     234.8  	     229.8  	     240.7  	     236.0  	     229.6  	     233.9  	     240.3  	     
231.6  	     236.3  	     231.1  	     241.6  	     237.1  	     230.6  	     234.9  	     241.4  	     
231.8  	     236.5  	     231.5  	     242.0  	     237.5  	     231.0  	     235.3  	     241.7  	     
233.1  	     237.5  	     233.1  	     243.0  	     238.8  	     232.6  	     236.4  	     243.2  	     
234.3  	     238.7  	     234.5  	     244.2  	     240.2  	     233.9  	     237.5  	     244.3  	     
235.7  	     239.8  	     235.8  	     245.3  	     241.3  	     235.3  	     238.6  	     245.2  	     
236.8  	     240.9  	     237.2  	     246.3  	     242.7  	     236.4  	     239.8  	     246.3  	     
237.9  	     242.0  	     238.4  	     247.4  	     243.8  	     237.8  	     241.0  	     247.4  	     
239.1  	     243.2  	     239.7  	     248.5  	     245.1  	     238.9  	     242.2  	     248.4  	     
240.2  	     244.1  	     240.8  	     249.4  	     246.1  	     240.1  	     242.9  	     249.3  	     
241.2  	     245.0  	     241.9  	     250.2  	     247.2  	     241.2  	     243.9  	     250.1  	     
242.2  	     245.9  	     243.0  	     251.0  	     248.1  	     242.3  	     244.7  	     250.8  	     
243.3  	     246.9  	     243.9  	     251.9  	     249.1  	     243.4  	     245.8  	     251.8  	     
244.3  	     247.8  	     245.0  	     252.6  	     250.1  	     244.4  	     246.5  	     252.6  	     
245.2  	     248.4  	     245.9  	     253.4  	     250.8  	     245.2  	     247.0  	     253.3  	     
245.9  	     249.2  	     246.7  	     253.9  	     251.5  	     246.2  	     248.0  	     253.7  	     
246.7  	     249.8  	     247.5  	     254.7  	     252.4  	     247.0  	     248.7  	     254.3  	     
247.4  	     250.6  	     248.4  	     255.4  	     253.1  	     247.9  	     249.6  	     254.9  	     
248.2  	     251.3  	     249.2  	     255.8  	     253.8  	     248.5  	     250.0  	     255.5  	     
249.0  	     251.8  	     249.9  	     256.4  	     254.3  	     249.3  	     250.6  	     256.0  	     
249.5  	     252.5  	     250.5  	     256.9  	     254.8  	     250.0  	     251.1  	     256.3  	     
250.2  	     253.0  	     251.2  	     257.4  	     255.5  	     250.6  	     251.9  	     257.0  	     
250.7  	     253.6  	     251.9  	     257.9  	     256.2  	     251.3  	     252.4  	     257.4  	     
251.4  	     254.3  	     252.5  	     258.3  	     256.6  	     252.0  	     253.0  	     257.9  	     
251.8  	     254.5  	     252.9  	     258.6  	     256.8  	     252.3  	     253.3  	     257.9  	     
252.0  	     254.7  	     253.1  	     258.7  	     257.0  	     252.4  	     253.4  	     258.2  	     
252.5  	     255.1  	     253.7  	     259.0  	     257.4  	     253.0  	     253.9  	     258.5  	     
252.9  	     255.3  	     254.1  	     259.2  	     257.7  	     253.6  	     254.1  	     258.6  	     
253.2  	     255.5  	     254.4  	     259.3  	     258.0  	     253.9  	     254.3  	     258.9  	     
253.7  	     255.6  	     254.7  	     259.5  	     258.2  	     254.3  	     254.6  	     259.0  	     
253.9  	     255.9  	     255.0  	     259.5  	     258.5  	     254.7  	     254.9  	     259.2  	     
254.3  	     256.3  	     255.4  	     259.9  	     258.7  	     255.1  	     255.3  	     259.3  	     
254.6  	     256.6  	     255.8  	     260.1  	     259.1  	     255.5  	     255.7  	     259.4  	     
254.9  	     257.1  	     256.2  	     260.4  	     259.3  	     255.9  	     256.0  	     259.6  	     
255.4  	     257.4  	     256.6  	     260.7  	     259.6  	     256.3  	     256.5  	     259.9  	     
255.6  	     257.6  	     256.9  	     260.8  	     259.8  	     256.7  	     256.7  	     260.2  	     
256.0  	     257.8  	     257.2  	     260.9  	     259.9  	     256.9  	     257.0  	     260.3  	     
256.3  	     258.1  	     257.4  	     261.0  	     260.2  	     257.3  	     257.2  	     260.4  	     
256.5  	     258.3  	     257.7  	     261.3  	     260.4  	     257.5  	     257.4  	     260.8  	     
256.6  	     258.7  	     258.0  	     261.6  	     260.7  	     257.8  	     257.8  	     260.9  	     
256.9  	     258.9  	     258.3  	     261.7  	     260.8  	     258.1  	     258.1  	     261.1  	     
257.1  	     259.1  	     258.5  	     261.7  	     261.1  	     258.3  	     258.3  	     261.3  	     
257.3  	     259.2  	     258.8  	     261.9  	     261.1  	     258.6  	     258.5  	     261.3  	     
257.5  	     259.5  	     259.1  	     262.0  	     261.3  	     258.8  	     258.7  	     261.3  	     
257.8  	     259.7  	     259.3  	     262.2  	     261.5  	     259.1  	     259.0  	     261.5  	     
258.0  	     260.0  	     259.6  	     262.4  	     261.6  	     259.4  	     259.3  	     261.9  	     
258.2  	     260.2  	     259.7  	     262.4  	     261.8  	     259.6  	     259.4  	     261.9  	     
258.6  	     260.4  	     260.0  	     262.6  	     261.8  	     259.8  	     259.5  	     262.2  	     
258.7  	     260.5  	     260.2  	     262.6  	     262.1  	     260.0  	     259.8  	     262.1  	     
259.0  	     260.7  	     260.4  	     262.8  	     262.2  	     260.3  	     259.9  	     262.1  	     
259.3  	     260.9  	     260.5  	     262.9  	     262.3  	     260.5  	     260.1  	     262.3  	     
259.4  	     261.0  	     260.8  	     263.0  	     262.4  	     260.7  	     260.3  	     262.4  	     
259.7  	     261.2  	     261.0  	     263.1  	     262.5  	     260.9  	     260.5  	     262.7  	     
259.7  	     261.4  	     261.2  	     263.2  	     262.6  	     261.1  	     260.5  	     262.7  	     
259.9  	     261.4  	     261.4  	     263.2  	     262.7  	     261.1  	     260.8  	     262.6  	     
260.0  	     261.8  	     261.5  	     263.4  	     262.9  	     261.3  	     261.0  	     262.7  	     
260.3  	     261.8  	     261.7  	     263.4  	     263.0  	     261.6  	     261.1  	     262.8  	     
260.4  	     262.0  	     261.9  	     263.6  	     263.0  	     261.8  	     261.3  	     263.1  	     
260.5  	     262.0  	     262.0  	     263.6  	     263.2  	     261.9  	     261.4  	     263.2  	     
260.8  	     262.1  	     262.2  	     263.7  	     263.2  	     262.1  	     261.5  	     263.2  	     
260.8  	     262.4  	     262.3  	     263.7  	     263.3  	     262.2  	     261.7  	     263.4  	     
261.0  	     262.4  	     262.4  	     263.8  	     263.3  	     262.3  	     261.8  	     263.5  	     
261.1  	     262.5  	     262.5  	     263.9  	     263.4  	     262.5  	     261.9  	     263.4  	     
261.3  	     262.6  	     262.7  	     264.0  	     263.6  	     262.6  	     262.1  	     263.7  	     
261.5  	     262.8  	     262.9  	     264.1  	     263.7  	     262.7  	     262.2  	     263.7  	     
261.5  	     262.8  	     262.9  	     264.2  	     263.8  	     263.0  	     262.2  	     263.8  	     
261.7  	     263.0  	     263.1  	     264.3  	     263.9  	     263.1  	     262.4  	     263.7  	     
261.8  	     263.1  	     263.2  	     264.3  	     263.9  	     263.2  	     262.7  	     263.8  	     
261.9  	     263.1  	     263.4  	     264.4  	     264.0  	     263.4  	     262.7  	     263.9  	     
262.0  	     263.3  	     263.4  	     264.5  	     264.0  	     263.5  	     262.9  	     263.9  	     
262.2  	     263.3  	     263.6  	     264.6  	     264.1  	     263.6  	     263.0  	     263.9  	     
262.2  	     263.3  	     263.6  	     264.5  	     264.1  	     263.7  	     263.0  	     264.1  	     
262.3  	     263.4  	     263.7  	     264.5  	     264.1  	     263.7  	     263.0  	     264.0  	     
262.4  	     263.5  	     263.8  	     264.6  	     264.2  	     263.8  	     263.1  	     264.1  	     
262.5  	     263.6  	     264.0  	     264.6  	     264.3  	     263.9  	     263.2  	     264.1  	     
262.6  	     263.6  	     264.1  	     264.6  	     264.3  	     264.0  	     263.5  	     264.2  	     
262.8  	     263.7  	     264.1  	     264.8  	     264.5  	     264.2  	     263.7  	     264.4  	     
262.9  	     263.8  	     264.3  	     264.8  	     264.6  	     264.2  	     263.7  	     264.4  	     
263.0  	     263.8  	     264.3  	     264.9  	     264.6  	     264.4  	     263.7  	     264.5  	     
263.1  	     263.8  	     264.4  	     264.9  	     264.6  	     264.5  	     263.8  	     264.4  	     
263.3  	     264.0  	     264.5  	     265.0  	     264.7  	     264.6  	     264.0  	     264.4  	     
263.2  	     264.0  	     264.6  	     265.0  	     264.8  	     264.8  	     264.0  	     264.6  	     
263.5  	     264.2  	     264.6  	     265.0  	     264.7  	     264.8  	     264.1  	     264.7  	     
263.6  	     264.2  	     264.7  	     265.1  	     264.8  	     264.9  	     264.2  	     264.6  	     
263.6  	     264.3  	     264.8  	     265.1  	     264.9  	     265.0  	     264.2  	     264.6  	     
263.6  	     264.3  	     264.9  	     265.1  	     264.9  	     265.0  	     264.2  	     264.6  	     
263.7  	     264.2  	     264.8  	     265.0  	     264.7  	     264.9  	     264.1  	     264.7  	     
263.8  	     264.2  	     264.8  	     264.8  	     264.7  	     264.9  	     264.1  	     264.5  	     
263.8  	     264.3  	     264.9  	     265.0  	     264.7  	     265.0  	     264.3  	     264.7  	     
263.9  	     264.3  	     265.0  	     265.1  	     264.8  	     265.1  	     264.4  	     264.7  	     
264.0  	     264.4  	     265.1  	     265.1  	     264.9  	     265.3  	     264.5  	     264.9  	     
264.0  	     264.5  	     265.2  	     265.1  	     265.0  	     265.2  	     264.5  	     264.9  	     
264.2  	     264.4  	     265.1  	     265.2  	     264.9  	     265.4  	     264.5  	     265.0  	     
264.2  	     264.5  	     265.2  	     265.2  	     265.0  	     265.4  	     264.6  	     264.9  	     
264.2  	     264.5  	     265.2  	     265.3  	     265.0  	     265.5  	     264.7  	     265.0  	     
264.3  	     264.7  	     265.3  	     265.2  	     264.9  	     265.5  	     264.7  	     264.9  	     
264.3  	     264.6  	     265.3  	     265.3  	     265.1  	     265.5  	     264.8  	     265.0  	     
264.3  	     264.7  	     265.4  	     265.3  	     265.1  	     265.7  	     265.0  	     265.1  	     
264.5  	     264.7  	     265.5  	     265.4  	     265.2  	     265.8  	     265.0  	     265.2  	     
264.5  	     264.8  	     265.5  	     265.4  	     265.2  	     265.8  	     264.9  	     265.1  	     
264.5  	     264.7  	     265.5  	     265.4  	     265.2  	     265.8  	     265.1  	     265.2  	     
264.6  	     264.7  	     265.5  	     265.5  	     265.2  	     265.8  	     265.1  	     265.1  	     
264.6  	     264.9  	     265.7  	     265.5  	     265.3  	     265.9  	     265.2  	     265.2  	     
264.7  	     264.9  	     265.7  	     265.5  	     265.2  	     266.0  	     265.2  	     265.3  	     
264.7  	     264.9  	     265.8  	     265.5  	     265.3  	     266.0  	     265.3  	     265.2  	     
264.8  	     265.0  	     265.8  	     265.7  	     265.3  	     266.1  	     265.3  	     265.4  	     
264.8  	     265.0  	     265.8  	     265.5  	     265.2  	     266.1  	     265.4  	     265.3  	     
264.8  	     264.9  	     265.8  	     265.4  	     265.2  	     266.2  	     265.3  	     265.1  	     
264.9  	     264.9  	     265.8  	     265.5  	     265.2  	     266.1  	     265.2  	     265.3  	     
264.9  	     264.9  	     265.8  	     265.5  	     265.2  	     266.1  	     265.4  	     265.1  	     
264.8  	     264.9  	     265.9  	     265.5  	     265.3  	     266.2  	     265.5  	     265.3  	     
265.0  	     265.0  	     265.8  	     265.6  	     265.4  	     266.3  	     265.5  	     265.4  	     
265.0  	     265.1  	     266.0  	     265.6  	     265.4  	     266.3  	     265.5  	     265.4  	     
265.1  	     265.0  	     266.0  	     265.7  	     265.4  	     266.3  	     265.4  	     265.5  	     
265.2  	     265.0  	     266.0  	     265.6  	     265.4  	     266.3  	     265.4  	     265.4  	     
265.2  	     265.0  	     266.0  	     265.8  	     265.5  	     266.5  	     265.4  	     265.5  	     
265.3  	     265.1  	     266.0  	     265.7  	     265.5  	     266.3  	     265.6  	     265.6  	     
265.3  	     265.0  	     266.0  	     265.7  	     265.4  	     266.4  	     265.6  	     265.6  	     
265.4  	     265.0  	     266.1  	     265.7  	     265.5  	     266.3  	     265.5  	     265.4  	     
265.3  	     264.9  	     266.1  	     265.6  	     265.4  	     266.3  	     265.4  	     265.2  	     
265.2  	     264.7  	     265.9  	     265.3  	     265.3  	     266.3  	     265.2  	     265.1  	     
265.2  	     264.3  	     265.9  	     265.0  	     265.2  	     266.1  	     264.9  	     264.9  	     
265.0  	     264.0  	     265.6  	     264.5  	     264.7  	     265.8  	     264.5  	     264.6  	     
264.8  	     263.3  	     265.4  	     263.9  	     264.3  	     265.3  	     263.9  	     264.2  	     
264.5  	     262.7  	     265.1  	     263.2  	     263.7  	     265.1  	     263.2  	     263.5  	     
264.1  	     262.1  	     264.6  	     262.6  	     263.2  	     264.7  	     262.6  	     262.9  	     
263.6  	     261.4  	     264.2  	     261.7  	     262.5  	     264.2  	     262.0  	     262.1  	     
262.9  	     260.6  	     263.7  	     260.9  	     261.8  	     263.7  	     261.2  	     261.3  	     
262.3  	     259.9  	     263.1  	     260.2  	     260.9  	     263.1  	     260.6  	     260.8  	     
261.6  	     259.1  	     262.6  	     259.1  	     260.1  	     262.4  	     259.6  	     259.9  	     
260.9  	     258.2  	     261.8  	     258.0  	     259.2  	     261.7  	     258.9  	     259.1  	     
260.1  	     257.4  	     261.1  	     257.0  	     258.1  	     261.0  	     257.9  	     258.2  	     
259.3  	     256.5  	     260.4  	     255.8  	     257.2  	     260.3  	     257.2  	     257.2  	     
258.6  	     255.7  	     259.6  	     254.8  	     256.2  	     259.5  	     256.5  	     256.2  	     
257.6  	     254.7  	     258.6  	     253.7  	     255.0  	     258.6  	     255.4  	     255.4  	     
256.8  	     253.7  	     257.8  	     252.4  	     253.9  	     257.8  	     254.5  	     254.3  	     
255.9  	     252.6  	     257.0  	     251.3  	     252.8  	     257.1  	     253.6  	     253.4  	     
254.9  	     251.7  	     256.2  	     250.2  	     251.7  	     256.2  	     252.8  	     252.3  	     
254.0  	     250.6  	     255.1  	     248.9  	     250.5  	     255.2  	     251.7  	     251.2  	     
252.9  	     249.6  	     254.2  	     247.7  	     249.3  	     254.4  	     250.7  	     250.1  	     
251.7  	     248.6  	     253.3  	     246.4  	     248.1  	     253.5  	     249.7  	     249.2  	     
250.7  	     247.5  	     252.3  	     245.2  	     246.8  	     252.4  	     248.8  	     248.1  	     
249.5  	     246.5  	     251.3  	     243.8  	     245.6  	     251.4  	     247.8  	     247.0  	     
249.0  	     246.0  	     250.8  	     243.2  	     245.0  	     250.9  	     247.2  	     246.4  	     
248.5  	     245.6  	     250.4  	     242.5  	     244.4  	     250.5  	     246.8  	     246.0  	     
247.3  	     244.4  	     249.4  	     241.2  	     243.1  	     249.5  	     245.8  	     244.8  	     
246.3  	     243.4  	     248.2  	     239.9  	     241.7  	     248.5  	     244.6  	     243.6  	     
245.2  	     242.2  	     247.3  	     238.6  	     240.4  	     247.5  	     243.4  	     242.4  	     
244.2  	     241.2  	     246.1  	     237.3  	     239.1  	     246.5  	     242.4  	     241.4  	     
243.1  	     239.9  	     245.1  	     235.9  	     237.9  	     245.4  	     241.5  	     240.3  	     
242.0  	     238.9  	     243.8  	     234.7  	     236.7  	     244.2  	     240.3  	     239.2  	     
240.9  	     237.8  	     242.9  	     233.5  	     235.3  	     243.2  	     239.2  	     238.1  	     
239.5  	     236.7  	     241.8  	     232.1  	     234.2  	     242.1  	     238.1  	     236.8  	     
238.4  	     235.5  	     240.7  	     230.9  	     232.8  	     241.0  	     237.0  	     235.6  	     
237.2  	     234.5  	     239.7  	     229.6  	     231.5  	     239.9  	     235.8  	     234.3  	     
236.0  	     233.2  	     238.6  	     228.2  	     230.2  	     238.8  	     234.8  	     233.3  	     
234.8  	     232.2  	     237.5  	     226.8  	     228.9  	     237.7  	     233.7  	     232.1  	     
233.8  	     230.8  	     236.3  	     225.7  	     227.7  	     236.7  	     232.6  	     230.9  	     
232.5  	     229.8  	     235.2  	     224.3  	     226.3  	     235.5  	     231.4  	     229.7  	     
231.3  	     228.6  	     234.1  	     223.0  	     225.0  	     234.4  	     230.3  	     228.6  	     
230.1  	     227.5  	     232.8  	     221.7  	     223.7  	     233.3  	     229.3  	     227.4  	     
228.9  	     226.4  	     231.8  	     220.4  	     222.5  	     232.2  	     228.2  	     226.3  	     
227.6  	     225.3  	     230.7  	     219.1  	     221.1  	     231.1  	     227.0  	     225.0  	     
226.5  	     224.2  	     229.5  	     217.7  	     219.8  	     229.9  	     225.9  	     224.0  	     
225.2  	     223.1  	     228.4  	     216.3  	     218.4  	     228.7  	     224.8  	     222.9  	     
223.9  	     221.8  	     227.2  	     215.1  	     217.2  	     227.8  	     223.8  	     221.6  	     
222.9  	     220.5  	     226.1  	     213.9  	     216.0  	     226.7  	     222.7  	     220.4  	     
221.6  	     219.5  	     224.9  	     212.6  	     214.7  	     225.6  	     221.5  	     219.2  	     
220.5  	     218.5  	     223.9  	     211.3  	     213.5  	     224.2  	     220.2  	     218.2  	     
219.4  	     217.3  	     222.8  	     210.1  	     212.3  	     223.2  	     219.0  	     217.0  	     
218.2  	     216.0  	     221.7  	     208.7  	     210.9  	     222.0  	     218.0  	     215.8  	     
216.9  	     214.9  	     220.5  	     207.4  	     209.6  	     220.9  	     216.9  	     214.5  	     
215.7  	     213.9  	     219.4  	     206.3  	     208.2  	     219.8  	     215.7  	     213.5  	     
214.5  	     212.6  	     218.3  	     205.1  	     207.2  	     218.7  	     214.7  	     212.3  	     
213.3  	     211.6  	     217.1  	     203.8  	     206.0  	     217.7  	     213.6  	     211.3  	     
212.1  	     210.5  	     216.0  	     202.6  	     204.7  	     216.5  	     212.4  	     210.2  	     
211.0  	     209.2  	     214.9  	     201.5  	     203.5  	     215.4  	     211.4  	     208.8  	     
209.9  	     208.3  	     213.9  	     200.3  	     202.3  	     214.2  	     210.3  	     207.8  	     
208.7  	     207.1  	     212.8  	     199.2  	     201.3  	     213.2  	     209.2  	     206.5  	     
207.6  	     205.9  	     211.7  	     198.0  	     200.1  	     212.1  	     208.1  	     205.4  	     
206.4  	     204.9  	     210.8  	     196.7  	     198.9  	     211.2  	     207.2  	     204.4  	     
205.2  	     203.7  	     209.4  	     195.6  	     197.6  	     210.0  	     206.1  	     203.5  	     
204.2  	     202.7  	     208.3  	     194.5  	     196.4  	     208.9  	     205.1  	     202.4  	     
203.0  	     201.8  	     207.4  	     193.1  	     195.3  	     207.9  	     204.0  	     201.4  	     
201.8  	     200.6  	     206.3  	     192.2  	     194.2  	     206.7  	     202.9  	     200.2  	     
200.7  	     199.6  	     205.2  	     191.0  	     193.1  	     205.7  	     201.8  	     199.1  	     
199.5  	     198.5  	     204.2  	     190.0  	     192.0  	     204.7  	     200.7  	     198.1  	     
198.5  	     197.6  	     203.0  	     188.9  	     190.9  	     203.6  	     199.8  	     196.9  	     
197.4  	     196.3  	     201.9  	     187.9  	     189.8  	     202.7  	     199.0  	     195.8  	     
196.2  	     195.4  	     200.9  	     186.7  	     188.8  	     201.5  	     197.7  	     194.8  	     
195.1  	     194.3  	     199.9  	     185.7  	     187.7  	     200.5  	     196.6  	     193.8  	     
194.0  	     193.3  	     198.9  	     184.5  	     186.5  	     199.4  	     195.7  	     192.8  	     
193.1  	     192.2  	     197.7  	     183.4  	     185.3  	     198.4  	     194.6  	     191.9  	     
191.8  	     191.2  	     196.8  	     182.4  	     184.3  	     197.4  	     193.8  	     190.8  	     
191.0  	     190.3  	     195.7  	     181.3  	     183.3  	     196.2  	     192.6  	     189.8  	     
189.9  	     189.2  	     194.7  	     180.4  	     182.2  	     195.2  	     191.6  	     188.7  	     
188.8  	     188.2  	     193.8  	     179.3  	     181.3  	     194.2  	     190.6  	     187.9  	     
187.9  	     187.3  	     192.9  	     178.3  	     180.2  	     193.2  	     189.6  	     186.8  	     
186.8  	     186.2  	     191.9  	     177.4  	     179.3  	     192.3  	     188.8  	     185.9  	     
185.9  	     185.3  	     190.9  	     176.4  	     178.2  	     191.2  	     187.6  	     184.8  	     
184.9  	     184.2  	     189.9  	     175.3  	     177.2  	     190.4  	     186.8  	     183.9  	     
183.9  	     183.2  	     189.0  	     174.3  	     176.2  	     189.3  	     185.8  	     182.9  	     
182.9  	     182.3  	     187.9  	     173.4  	     175.2  	     188.3  	     184.8  	     182.1  	     
181.9  	     181.4  	     186.9  	     172.4  	     174.3  	     187.3  	     184.0  	     181.2  	     
180.8  	     180.4  	     186.1  	     171.5  	     173.3  	     186.5  	     182.9  	     180.1  	     
179.8  	     179.4  	     185.2  	     170.5  	     172.2  	     185.5  	     182.1  	     179.3  	     
178.8  	     178.5  	     184.2  	     169.7  	     171.4  	     184.6  	     181.2  	     178.3  	     
178.0  	     177.6  	     183.3  	     168.8  	     170.5  	     183.6  	     180.2  	     177.4  	     
176.9  	     176.7  	     182.3  	     167.8  	     169.5  	     182.6  	     179.3  	     176.3  	     
176.1  	     175.8  	     181.5  	     166.9  	     168.7  	     181.8  	     178.5  	     175.5  	     
175.1  	     175.0  	     180.5  	     166.0  	     167.7  	     180.9  	     177.7  	     174.7  	     
174.3  	     174.1  	     179.6  	     165.2  	     166.8  	     180.0  	     176.6  	     173.7  	     
173.4  	     173.1  	     178.7  	     164.4  	     166.0  	     179.0  	     175.7  	     172.8  	     
172.3  	     172.4  	     177.8  	     163.4  	     165.1  	     178.2  	     174.8  	     172.0  	     
171.5  	     171.4  	     176.9  	     162.6  	     164.3  	     177.2  	     173.9  	     171.3  	     
170.7  	     170.3  	     176.0  	     161.6  	     163.3  	     176.4  	     173.0  	     170.2  	     
169.9  	     169.6  	     175.0  	     160.8  	     162.4  	     175.4  	     172.3  	     169.6  	     
168.9  	     168.8  	     174.2  	     160.0  	     161.6  	     174.5  	     171.5  	     168.6  	     
167.9  	     167.8  	     173.3  	     159.3  	     160.8  	     173.6  	     170.6  	     167.8  	     
167.2  	     167.0  	     172.5  	     158.4  	     159.9  	     172.8  	     169.8  	     167.0  	     
166.4  	     166.3  	     171.7  	     157.8  	     159.3  	     172.0  	     169.0  	     166.2  	     
165.5  	     165.5  	     170.9  	     157.0  	     158.4  	     171.3  	     168.2  	     165.4  	     
164.7  	     164.8  	     170.0  	     156.2  	     157.7  	     170.6  	     167.3  	     164.6  	     
163.9  	     163.9  	     169.2  	     155.5  	     157.0  	     169.6  	     166.5  	     163.9  	     
163.1  	     163.2  	     168.3  	     154.7  	     156.2  	     168.7  	     165.8  	     163.0  	     
162.3  	     162.4  	     167.6  	     154.0  	     155.3  	     168.0  	     165.0  	     162.3  	     
161.4  	     161.6  	     166.8  	     153.3  	     154.6  	     167.0  	     164.1  	     161.5  	     
160.7  	     160.8  	     166.0  	     152.4  	     154.0  	     166.3  	     163.5  	     160.7  	     
159.9  	     160.0  	     165.3  	     151.7  	     153.2  	     165.4  	     162.5  	     159.9  	     
159.1  	     159.2  	     164.6  	     151.0  	     152.4  	     164.7  	     161.8  	     159.1  	     
158.5  	     158.4  	     163.8  	     150.2  	     151.7  	     163.8  	     160.9  	     158.5  	     
157.6  	     157.8  	     162.8  	     149.5  	     150.8  	     162.9  	     160.1  	     157.6  	     
156.9  	     157.0  	     162.2  	     148.8  	     150.1  	     162.3  	     159.5  	     157.0  	     
156.1  	     156.2  	     161.4  	     148.1  	     149.5  	     161.5  	     158.9  	     156.3  	     
155.3  	     155.4  	     160.6  	     147.3  	     148.7  	     160.8  	     158.1  	     155.6  	     
154.6  	     154.8  	     159.9  	     146.7  	     148.0  	     160.0  	     157.4  	     154.9  	     
153.7  	     154.1  	     159.3  	     146.0  	     147.4  	     159.2  	     156.5  	     154.2  	     
153.1  	     153.4  	     158.5  	     145.4  	     146.7  	     158.6  	     155.8  	     153.4  	     
152.4  	     152.7  	     157.9  	     144.8  	     146.0  	     157.8  	     155.2  	     152.8  	     
151.8  	     152.0  	     157.1  	     144.1  	     145.4  	     157.3  	     154.5  	     152.2  	     
151.0  	     151.2  	     156.4  	     143.5  	     144.7  	     156.5  	     153.8  	     151.3  	     
150.3  	     150.6  	     155.7  	     142.9  	     144.2  	     155.9  	     153.2  	     150.6  	     
149.6  	     149.9  	     154.9  	     142.3  	     143.6  	     155.0  	     152.5  	     150.1  	     
148.9  	     149.3  	     154.2  	     141.7  	     142.9  	     154.3  	     151.8  	     149.5  	     
148.4  	     148.6  	     153.6  	     141.0  	     142.3  	     153.6  	     151.1  	     148.8  	     
147.6  	     148.0  	     152.9  	     140.4  	     141.8  	     153.0  	     150.5  	     148.0  	     
147.0  	     147.3  	     152.1  	     139.8  	     141.0  	     152.3  	     149.7  	     147.6  	     
146.4  	     146.6  	     151.5  	     139.2  	     140.4  	     151.6  	     149.1  	     146.9  	     
145.8  	     145.9  	     150.8  	     138.6  	     139.8  	     150.9  	     148.6  	     146.2  	     
145.1  	     145.3  	     150.2  	     138.0  	     139.2  	     150.3  	     147.8  	     145.7  	     
144.4  	     144.7  	     149.5  	     137.5  	     138.7  	     149.6  	     147.2  	     145.0  	     
143.8  	     144.2  	     148.9  	     137.0  	     138.1  	     148.9  	     146.5  	     144.5  	     
143.1  	     143.6  	     148.3  	     136.3  	     137.5  	     148.3  	     146.1  	     143.9  	     
142.9  	     143.2  	     147.9  	     136.1  	     137.1  	     147.9  	     145.7  	     143.6  	     