
G48-PTC2  	G48-PTC3  	G48-PTC6  	G48-PTC7  	G48-PTC11  	G48-PTC25  	G48-PTC26  	G48-PTC28  	
Deg.F  	     Deg.F  	     Deg.F  	     Deg.F  	     Deg.F  	     Deg.F  	     Deg.F  	     Deg.F  	     
78.4  	     78.2  	     78.4  	     77.2  	     79.2  	     77.7  	     78.2  	     78.6  	     
78.4  	     78.2  	     78.4  	     77.2  	     79.2  	     77.7  	     78.2  	     78.6  	     
78.4  	     78.2  	     78.4  	     77.2  	     79.2  	     77.7  	     78.2  	     78.6  	     
78.6  	     78.5  	     78.6  	     77.2  	     79.7  	     78.1  	     78.1  	     74.8  	     
79.3  	     79.3  	     79.1  	     77.7  	     80.4  	     78.8  	     78.9  	     80.1  	     
80.3  	     80.2  	     79.6  	     78.1  	     81.0  	     78.6  	     78.7  	     80.8  	     
81.1  	     81.1  	     80.0  	     78.6  	     81.2  	     80.1  	     80.2  	     82.4  	     
81.9  	     82.0  	     80.6  	     79.1  	     81.6  	     80.9  	     80.9  	     81.6  	     
82.7  	     82.9  	     81.1  	     79.5  	     82.0  	     80.6  	     81.2  	     82.3  	     
83.6  	     83.6  	     81.3  	     79.9  	     82.3  	     81.1  	     83.0  	     82.5  	     
84.1  	     84.1  	     81.8  	     80.1  	     82.6  	     81.5  	     83.3  	     82.9  	     
84.8  	     84.9  	     82.2  	     80.6  	     83.1  	     82.9  	     83.2  	     83.1  	     
85.6  	     85.5  	     82.6  	     80.9  	     83.3  	     81.0  	     82.9  	     83.5  	     
86.0  	     86.0  	     83.0  	     81.4  	     83.7  	     84.2  	     84.2  	     83.8  	     
86.8  	     87.0  	     83.3  	     80.9  	     83.8  	     86.7  	     86.7  	     84.4  	     
87.2  	     87.2  	     83.6  	     81.9  	     84.2  	     84.9  	     84.6  	     84.3  	     
87.6  	     87.7  	     83.8  	     81.3  	     84.8  	     85.2  	     85.6  	     84.7  	     
88.2  	     88.1  	     84.2  	     82.7  	     84.8  	     86.4  	     85.3  	     85.1  	     
88.2  	     88.1  	     84.2  	     82.7  	     84.8  	     86.4  	     85.3  	     85.1  	     
88.6  	     88.5  	     84.5  	     70.2  	     85.2  	     83.9  	     85.5  	     85.2  	     
88.9  	     88.9  	     84.9  	     83.3  	     85.4  	     85.9  	     86.7  	     85.5  	     
89.4  	     89.4  	     85.1  	     83.6  	     85.7  	     91.3  	     87.1  	     85.5  	     
89.7  	     89.8  	     85.4  	     83.7  	     86.1  	     87.5  	     87.4  	     86.0  	     
90.2  	     90.2  	     85.9  	     84.2  	     86.3  	     88.3  	     87.2  	     88.2  	     
90.6  	     90.5  	     86.2  	     84.4  	     86.6  	     88.2  	     88.1  	     83.2  	     
90.7  	     90.7  	     86.4  	     84.8  	     86.9  	     88.5  	     88.5  	     87.0  	     
91.0  	     91.0  	     86.6  	     85.1  	     87.1  	     90.4  	     88.7  	     87.2  	     
91.3  	     91.2  	     86.8  	     85.3  	     87.4  	     87.5  	     88.6  	     87.5  	     
91.6  	     91.6  	     87.0  	     85.7  	     87.9  	     90.8  	     89.5  	     87.8  	     
91.7  	     91.6  	     87.2  	     85.7  	     87.6  	     89.4  	     89.4  	     87.8  	     
91.9  	     91.8  	     87.3  	     85.8  	     87.9  	     88.9  	     89.0  	     87.9  	     
92.1  	     92.1  	     87.6  	     86.2  	     88.2  	     89.9  	     89.8  	     88.1  	     
92.2  	     92.2  	     87.8  	     86.4  	     88.4  	     90.0  	     90.1  	     88.4  	     
92.5  	     92.6  	     88.0  	     86.7  	     88.8  	     89.6  	     90.1  	     88.6  	     
93.0  	     93.0  	     88.3  	     86.8  	     89.2  	     90.7  	     90.6  	     86.8  	     
93.6  	     93.9  	     88.8  	     87.4  	     90.1  	     95.0  	     91.6  	     90.7  	     
94.3  	     94.9  	     89.3  	     88.0  	     91.0  	     92.1  	     91.7  	     91.5  	     
95.7  	     96.5  	     90.1  	     88.4  	     92.1  	     93.6  	     94.4  	     92.7  	     
97.3  	     98.0  	     90.9  	     89.0  	     93.2  	     95.7  	     94.7  	     94.2  	     
99.1  	     100.1  	     92.0  	     90.0  	     94.5  	     96.2  	     95.7  	     95.5  	     
101.1  	     102.2  	     92.9  	     90.9  	     96.2  	     99.2  	     98.1  	     95.7  	     
103.2  	     104.4  	     94.1  	     91.9  	     97.5  	     99.8  	     99.3  	     99.6  	     
105.6  	     107.1  	     95.3  	     92.9  	     99.2  	     105.0  	     101.9  	     101.3  	     
108.2  	     110.0  	     96.7  	     94.3  	     101.2  	     106.4  	     104.4  	     104.9  	     
111.1  	     113.0  	     98.3  	     95.8  	     103.3  	     109.3  	     107.7  	     105.7  	     
114.1  	     116.0  	     99.8  	     97.4  	     105.7  	     111.1  	     109.3  	     107.6  	     
117.3  	     119.3  	     101.5  	     99.1  	     107.9  	     113.7  	     111.7  	     110.2  	     
120.6  	     122.7  	     103.4  	     101.0  	     110.3  	     113.8  	     113.7  	     112.6  	     
124.0  	     126.2  	     105.6  	     103.3  	     113.3  	     119.8  	     116.9  	     114.7  	     
127.3  	     129.9  	     107.8  	     105.5  	     116.1  	     122.8  	     120.1  	     115.3  	     
130.7  	     133.5  	     110.1  	     107.9  	     118.8  	     125.2  	     123.8  	     120.1  	     
134.2  	     137.0  	     112.4  	     110.2  	     121.7  	     129.4  	     126.5  	     122.4  	     
137.8  	     140.5  	     114.8  	     112.6  	     124.6  	     132.4  	     129.4  	     125.1  	     
141.6  	     144.3  	     117.4  	     115.4  	     127.7  	     135.7  	     132.5  	     127.7  	     
145.3  	     148.1  	     119.9  	     118.0  	     130.7  	     139.0  	     135.8  	     130.5  	     
149.2  	     152.1  	     122.5  	     120.7  	     134.0  	     142.6  	     139.0  	     127.1  	     
153.0  	     156.3  	     125.2  	     123.6  	     137.5  	     145.8  	     142.3  	     136.6  	     
156.9  	     160.1  	     127.9  	     126.4  	     140.7  	     149.6  	     144.6  	     140.1  	     
160.9  	     164.4  	     130.5  	     129.3  	     144.0  	     153.5  	     148.9  	     142.6  	     
164.6  	     168.7  	     133.2  	     132.2  	     147.8  	     156.7  	     152.9  	     145.8  	     
168.9  	     172.6  	     136.3  	     135.2  	     151.6  	     160.7  	     156.6  	     149.0  	     
172.9  	     176.9  	     139.1  	     138.4  	     155.0  	     164.4  	     159.7  	     152.1  	     
177.1  	     181.0  	     142.1  	     141.6  	     158.8  	     168.3  	     163.4  	     154.9  	     
181.2  	     185.2  	     145.3  	     145.1  	     163.1  	     173.7  	     167.9  	     157.7  	     
185.6  	     189.2  	     148.4  	     148.4  	     166.9  	     174.3  	     171.1  	     161.3  	     
186.3  	     190.1  	     148.8  	     149.2  	     167.6  	     174.5  	     172.1  	     161.9  	     
189.6  	     193.4  	     151.2  	     151.8  	     170.9  	     180.3  	     175.6  	     164.1  	     
193.7  	     196.3  	     154.4  	     155.0  	     174.9  	     184.4  	     180.1  	     166.9  	     
197.6  	     199.8  	     157.2  	     158.4  	     178.1  	     187.9  	     183.0  	     169.5  	     
201.3  	     203.6  	     160.0  	     161.5  	     181.1  	     191.2  	     186.6  	     172.2  	     
204.8  	     207.3  	     162.9  	     164.5  	     184.1  	     194.6  	     189.9  	     174.7  	     
208.3  	     210.8  	     165.4  	     167.3  	     187.3  	     199.6  	     193.2  	     177.5  	     
211.6  	     214.2  	     168.1  	     170.1  	     190.2  	     200.4  	     196.1  	     181.7  	     
214.9  	     217.6  	     170.6  	     173.0  	     193.1  	     203.0  	     199.4  	     181.8  	     
218.2  	     220.7  	     173.2  	     175.6  	     195.7  	     206.4  	     201.9  	     187.0  	     
221.3  	     223.5  	     175.5  	     178.3  	     198.6  	     210.0  	     205.3  	     189.0  	     
224.1  	     226.8  	     178.0  	     181.0  	     200.9  	     212.9  	     208.2  	     191.4  	     
227.2  	     229.8  	     180.7  	     183.3  	     203.6  	     215.3  	     210.8  	     192.3  	     
227.5  	     230.1  	     180.7  	     183.6  	     203.8  	     215.9  	     211.4  	     194.4  	     
229.9  	     232.3  	     183.2  	     185.9  	     205.9  	     224.0  	     213.8  	     196.6  	     
232.3  	     235.2  	     185.4  	     188.2  	     207.6  	     227.0  	     214.7  	     199.3  	     
234.6  	     237.5  	     187.0  	     190.5  	     209.5  	     223.2  	     219.1  	     201.3  	     
237.3  	     239.4  	     189.3  	     192.5  	     210.2  	     227.1  	     220.3  	     203.3  	     
237.1  	     239.2  	     190.1  	     192.8  	     210.1  	     225.5  	     221.6  	     203.7  	     
238.1  	     240.8  	     190.8  	     194.6  	     211.0  	     227.2  	     223.7  	     203.4  	     
240.6  	     241.9  	     193.2  	     196.4  	     212.0  	     228.2  	     224.9  	     206.9  	     
241.6  	     243.4  	     194.9  	     198.2  	     213.0  	     229.2  	     226.2  	     205.9  	     
243.1  	     244.6  	     196.8  	     199.9  	     214.3  	     230.9  	     228.0  	     210.1  	     
244.3  	     245.6  	     198.6  	     201.5  	     215.4  	     231.5  	     229.2  	     212.5  	     
245.7  	     246.8  	     200.3  	     203.1  	     216.7  	     233.8  	     230.5  	     216.3  	     
246.7  	     247.9  	     201.9  	     204.7  	     218.1  	     234.8  	     232.6  	     214.8  	     
247.7  	     248.9  	     203.5  	     206.1  	     219.1  	     236.1  	     233.8  	     216.2  	     
248.9  	     249.8  	     205.0  	     207.6  	     220.5  	     237.6  	     235.6  	     215.3  	     
248.7  	     250.0  	     205.1  	     207.7  	     220.5  	     237.3  	     235.3  	     217.9  	     
249.9  	     250.9  	     206.5  	     209.0  	     221.5  	     238.6  	     236.6  	     218.8  	     
250.7  	     251.7  	     208.0  	     210.4  	     222.4  	     239.8  	     238.1  	     218.6  	     
251.7  	     252.5  	     209.4  	     211.8  	     223.5  	     237.4  	     237.6  	     220.4  	     
252.5  	     253.2  	     211.2  	     213.3  	     224.5  	     241.6  	     239.9  	     222.7  	     
252.9  	     253.8  	     212.4  	     214.6  	     225.4  	     242.5  	     240.9  	     223.9  	     
253.7  	     254.5  	     213.7  	     215.6  	     226.4  	     243.4  	     241.8  	     224.8  	     
254.4  	     255.2  	     215.0  	     216.9  	     227.3  	     244.3  	     242.8  	     225.8  	     
254.8  	     255.6  	     216.2  	     218.0  	     228.2  	     245.2  	     243.7  	     226.9  	     
255.5  	     256.1  	     217.6  	     219.3  	     229.1  	     246.2  	     244.2  	     226.3  	     
255.8  	     256.6  	     218.8  	     220.3  	     230.0  	     254.0  	     243.5  	     229.2  	     
256.5  	     257.1  	     219.9  	     221.5  	     230.8  	     248.1  	     246.9  	     228.4  	     
257.0  	     257.5  	     221.2  	     222.6  	     231.8  	     248.3  	     249.7  	     231.0  	     
257.3  	     257.9  	     222.2  	     223.5  	     232.5  	     249.0  	     247.9  	     231.8  	     
257.6  	     258.3  	     223.2  	     224.5  	     233.3  	     249.7  	     248.6  	     231.1  	     
258.0  	     258.6  	     224.2  	     225.4  	     234.0  	     250.8  	     249.5  	     231.8  	     
258.5  	     259.0  	     225.3  	     226.3  	     234.9  	     251.3  	     250.7  	     236.3  	     
258.6  	     259.3  	     226.3  	     227.2  	     235.7  	     251.4  	     250.6  	     235.9  	     
259.2  	     259.7  	     227.5  	     228.1  	     236.4  	     251.8  	     250.8  	     236.0  	     
259.6  	     260.0  	     228.5  	     229.1  	     237.1  	     252.3  	     251.2  	     235.3  	     
259.8  	     260.3  	     229.5  	     229.9  	     237.9  	     253.0  	     252.0  	     235.6  	     
260.0  	     260.5  	     230.0  	     230.3  	     238.2  	     253.1  	     252.3  	     237.7  	     
260.2  	     260.5  	     230.5  	     230.9  	     238.5  	     253.5  	     253.0  	     238.1  	     
260.3  	     260.8  	     231.3  	     231.8  	     239.3  	     251.1  	     253.4  	     237.0  	     
260.3  	     260.8  	     232.0  	     232.6  	     239.9  	     254.2  	     253.4  	     239.4  	     
260.5  	     261.1  	     232.7  	     233.3  	     240.7  	     254.7  	     253.4  	     238.6  	     
260.8  	     261.3  	     233.6  	     234.1  	     241.1  	     255.1  	     254.2  	     240.8  	     
261.0  	     261.4  	     234.4  	     234.9  	     241.9  	     255.0  	     254.4  	     244.0  	     
261.1  	     261.6  	     235.3  	     235.5  	     242.5  	     255.6  	     254.7  	     241.5  	     
261.4  	     261.8  	     236.0  	     236.1  	     243.1  	     253.9  	     256.2  	     245.1  	     
261.5  	     262.1  	     236.7  	     236.9  	     243.6  	     256.5  	     255.8  	     243.3  	     
261.9  	     262.1  	     237.4  	     237.5  	     244.1  	     257.0  	     259.6  	     246.0  	     
261.9  	     262.5  	     238.0  	     238.0  	     244.6  	     257.2  	     256.6  	     249.1  	     
261.9  	     262.5  	     238.9  	     238.8  	     245.3  	     257.3  	     257.1  	     244.1  	     
262.2  	     262.5  	     239.5  	     239.4  	     245.9  	     258.1  	     256.9  	     243.7  	     
262.2  	     262.7  	     240.2  	     240.0  	     246.3  	     258.0  	     257.5  	     246.0  	     
262.2  	     262.7  	     240.7  	     240.6  	     246.8  	     257.9  	     257.6  	     246.5  	     
262.6  	     262.8  	     241.3  	     241.2  	     247.3  	     258.2  	     257.8  	     247.1  	     
262.6  	     263.0  	     241.8  	     241.7  	     247.6  	     258.8  	     258.2  	     247.6  	     
262.8  	     263.0  	     242.6  	     242.2  	     248.1  	     258.9  	     258.5  	     248.0  	     
262.8  	     263.1  	     243.1  	     242.8  	     248.6  	     259.4  	     258.8  	     248.4  	     
263.0  	     263.3  	     243.6  	     243.4  	     249.0  	     259.6  	     259.0  	     248.9  	     
263.0  	     263.4  	     244.1  	     243.8  	     249.4  	     259.9  	     259.3  	     249.3  	     
263.1  	     263.4  	     244.6  	     244.3  	     249.9  	     260.4  	     260.0  	     250.6  	     
263.3  	     263.7  	     245.1  	     244.7  	     250.2  	     260.2  	     259.7  	     250.2  	     
263.3  	     263.7  	     245.7  	     245.2  	     250.6  	     259.6  	     259.7  	     253.2  	     
263.4  	     263.7  	     246.1  	     245.7  	     251.1  	     260.2  	     260.1  	     261.1  	     
263.4  	     263.8  	     246.6  	     246.2  	     251.5  	     260.8  	     260.5  	     251.4  	     
263.2  	     263.9  	     247.1  	     246.6  	     251.8  	     261.1  	     261.4  	     249.8  	     
263.6  	     264.1  	     247.5  	     247.0  	     252.0  	     260.9  	     260.8  	     252.3  	     
263.8  	     264.1  	     248.0  	     247.5  	     252.4  	     260.8  	     261.1  	     253.9  	     
263.8  	     264.2  	     248.3  	     247.4  	     252.8  	     262.2  	     261.9  	     251.6  	     
263.7  	     264.6  	     248.9  	     248.1  	     253.0  	     261.8  	     261.5  	     253.1  	     
263.8  	     264.2  	     249.2  	     248.4  	     253.3  	     263.2  	     261.6  	     252.9  	     
264.1  	     264.2  	     249.9  	     249.0  	     253.7  	     262.1  	     259.8  	     256.8  	     
264.1  	     264.4  	     250.2  	     249.3  	     253.9  	     261.9  	     261.7  	     253.0  	     
264.1  	     264.4  	     250.5  	     249.5  	     254.2  	     262.5  	     261.8  	     254.2  	     
264.3  	     264.4  	     250.9  	     250.0  	     254.4  	     261.9  	     262.0  	     253.5  	     
264.3  	     264.5  	     251.0  	     250.3  	     254.7  	     262.5  	     261.9  	     253.3  	     
264.3  	     264.7  	     251.3  	     250.3  	     254.8  	     263.0  	     262.2  	     253.9  	     
264.3  	     264.6  	     251.5  	     250.7  	     255.1  	     262.7  	     262.4  	     271.6  	     
264.4  	     264.6  	     251.9  	     251.1  	     255.4  	     262.5  	     262.5  	     255.7  	     
264.5  	     264.8  	     252.4  	     251.3  	     255.7  	     263.7  	     263.2  	     253.9  	     
264.5  	     264.8  	     252.5  	     251.6  	     255.9  	     263.0  	     262.0  	     254.1  	     
264.5  	     264.9  	     253.0  	     251.9  	     256.1  	     262.4  	     262.8  	     256.2  	     
264.6  	     264.9  	     253.3  	     252.2  	     256.4  	     263.3  	     262.7  	     256.4  	     
264.7  	     265.0  	     253.5  	     252.6  	     256.7  	     263.0  	     263.0  	     256.8  	     
264.5  	     264.9  	     253.7  	     252.8  	     257.0  	     263.9  	     263.4  	     255.8  	     
264.7  	     265.0  	     254.0  	     253.1  	     257.1  	     263.5  	     263.3  	     257.2  	     
264.7  	     265.1  	     254.3  	     253.4  	     257.4  	     263.4  	     263.4  	     257.4  	     
264.7  	     265.0  	     254.7  	     253.8  	     257.6  	     263.8  	     263.5  	     257.5  	     
264.8  	     265.1  	     254.9  	     253.8  	     257.7  	     264.3  	     264.0  	     256.5  	     
264.8  	     265.2  	     255.2  	     254.3  	     257.9  	     263.9  	     263.7  	     258.0  	     
264.8  	     265.1  	     255.5  	     254.3  	     258.1  	     264.2  	     263.8  	     258.2  	     
264.8  	     265.2  	     255.7  	     254.6  	     258.2  	     264.4  	     263.8  	     258.3  	     
264.9  	     265.2  	     256.0  	     254.8  	     258.6  	     264.1  	     263.9  	     260.6  	     
265.0  	     265.4  	     256.2  	     255.0  	     258.8  	     263.8  	     263.7  	     258.5  	     
265.0  	     265.2  	     256.4  	     255.4  	     258.9  	     264.5  	     264.5  	     260.5  	     
265.0  	     265.3  	     256.5  	     255.5  	     258.9  	     264.5  	     264.2  	     259.3  	     
264.9  	     265.3  	     256.8  	     255.8  	     259.1  	     264.9  	     264.3  	     259.3  	     
265.0  	     265.2  	     257.1  	     255.8  	     259.2  	     264.9  	     264.2  	     261.7  	     
265.1  	     265.4  	     257.3  	     256.2  	     259.4  	     264.9  	     264.5  	     259.8  	     
265.1  	     265.4  	     257.5  	     256.4  	     259.9  	     265.0  	     264.6  	     259.8  	     
265.4  	     265.6  	     257.9  	     256.6  	     259.9  	     265.0  	     264.7  	     260.2  	     
265.2  	     265.4  	     258.1  	     256.8  	     260.2  	     266.0  	     265.1  	     260.3  	     
265.5  	     265.6  	     258.3  	     257.1  	     260.2  	     265.4  	     264.6  	     259.2  	     
265.4  	     265.7  	     258.5  	     257.2  	     260.5  	     265.3  	     265.2  	     260.6  	     
265.4  	     265.8  	     258.7  	     257.4  	     260.6  	     264.2  	     266.1  	     260.9  	     
265.5  	     265.8  	     258.8  	     257.8  	     260.6  	     265.5  	     265.1  	     261.0  	     
265.4  	     265.7  	     259.0  	     257.9  	     260.8  	     265.3  	     265.0  	     260.4  	     
265.5  	     265.7  	     259.3  	     258.2  	     260.9  	     266.4  	     265.1  	     261.3  	     
265.4  	     265.8  	     259.5  	     258.4  	     261.0  	     265.6  	     265.3  	     261.5  	     
265.5  	     265.9  	     259.6  	     258.6  	     261.3  	     265.6  	     265.7  	     262.6  	     
265.7  	     266.0  	     259.9  	     258.7  	     261.5  	     265.7  	     265.7  	     260.0  	     
265.7  	     266.0  	     260.0  	     258.9  	     261.6  	     266.0  	     265.6  	     260.8  	     
265.7  	     266.0  	     260.2  	     259.0  	     261.7  	     266.2  	     265.9  	     260.8  	     
265.8  	     266.0  	     260.3  	     259.2  	     261.9  	     266.0  	     265.7  	     262.2  	     
265.7  	     266.0  	     260.5  	     259.4  	     262.2  	     266.2  	     266.1  	     261.7  	     
265.8  	     266.1  	     260.7  	     259.5  	     262.2  	     266.0  	     265.8  	     262.5  	     
265.7  	     266.0  	     260.8  	     259.6  	     262.3  	     266.1  	     264.9  	     260.6  	     
265.8  	     266.1  	     260.9  	     259.8  	     262.5  	     264.5  	     265.2  	     262.7  	     
265.7  	     266.1  	     261.0  	     259.9  	     262.7  	     267.5  	     266.8  	     262.4  	     
265.8  	     266.1  	     261.3  	     260.0  	     262.7  	     266.0  	     265.8  	     264.9  	     
265.9  	     266.2  	     261.4  	     260.2  	     262.8  	     266.4  	     266.1  	     263.1  	     
265.8  	     266.2  	     261.7  	     260.3  	     262.8  	     266.2  	     266.3  	     264.6  	     
266.0  	     266.0  	     261.7  	     260.4  	     263.0  	     266.4  	     266.3  	     263.6  	     
266.0  	     266.2  	     261.9  	     260.5  	     263.2  	     264.2  	     265.4  	     262.7  	     
265.9  	     266.3  	     262.0  	     260.6  	     263.3  	     271.3  	     265.0  	     263.4  	     
265.9  	     266.3  	     262.2  	     260.9  	     263.4  	     266.6  	     266.2  	     263.6  	     
266.0  	     266.2  	     262.1  	     261.0  	     263.4  	     266.5  	     266.4  	     263.6  	     
266.0  	     266.3  	     262.2  	     260.9  	     263.5  	     265.8  	     266.2  	     264.0  	     
266.1  	     266.3  	     262.4  	     261.1  	     263.6  	     266.8  	     266.4  	     274.7  	     
266.0  	     266.3  	     262.6  	     261.3  	     263.7  	     266.1  	     266.3  	     263.0  	     
266.0  	     266.3  	     262.7  	     261.5  	     263.8  	     266.7  	     266.3  	     263.9  	     
266.0  	     266.2  	     262.6  	     261.6  	     264.0  	     266.7  	     266.5  	     264.1  	     
265.8  	     266.3  	     262.8  	     261.7  	     264.0  	     267.3  	     266.5  	     263.0  	     
266.0  	     266.3  	     262.9  	     261.6  	     264.2  	     266.9  	     266.6  	     264.4  	     
265.9  	     266.3  	     263.0  	     261.8  	     264.3  	     266.9  	     266.7  	     264.4  	     
266.1  	     266.3  	     263.2  	     261.8  	     264.3  	     265.6  	     266.2  	     264.5  	     
266.0  	     266.4  	     263.2  	     262.0  	     264.3  	     267.0  	     266.8  	     264.6  	     
266.2  	     266.5  	     263.3  	     262.1  	     264.6  	     267.1  	     266.8  	     264.6  	     
266.2  	     266.5  	     263.6  	     262.3  	     264.6  	     266.4  	     266.5  	     266.8  	     
266.3  	     266.5  	     263.7  	     262.4  	     264.7  	     267.0  	     266.7  	     264.7  	     
266.2  	     266.5  	     263.7  	     262.3  	     264.7  	     266.4  	     266.4  	     266.7  	     
266.3  	     266.6  	     263.8  	     262.5  	     264.7  	     267.1  	     267.4  	     263.5  	     
266.2  	     266.4  	     263.8  	     262.6  	     264.9  	     267.0  	     266.8  	     267.1  	     
266.2  	     266.5  	     264.0  	     262.6  	     265.0  	     267.1  	     266.8  	     265.1  	     
266.2  	     266.5  	     264.0  	     262.7  	     265.0  	     267.1  	     266.9  	     265.0  	     
266.2  	     266.5  	     264.0  	     262.8  	     265.1  	     267.1  	     266.8  	     265.2  	     
266.2  	     266.5  	     264.1  	     262.9  	     265.3  	     267.2  	     267.0  	     265.1  	     
266.0  	     266.6  	     264.3  	     263.0  	     265.3  	     267.1  	     267.0  	     265.3  	     
266.2  	     266.5  	     264.4  	     263.1  	     265.4  	     267.2  	     267.0  	     265.4  	     
266.2  	     266.5  	     264.3  	     263.1  	     265.4  	     267.1  	     267.2  	     265.4  	     
266.2  	     266.6  	     264.4  	     263.3  	     265.5  	     267.2  	     267.2  	     266.4  	     
266.3  	     266.6  	     264.5  	     263.2  	     265.5  	     268.5  	     267.9  	     266.3  	     
266.2  	     266.4  	     264.5  	     263.3  	     265.6  	     267.4  	     267.1  	     265.6  	     
266.2  	     266.5  	     264.5  	     263.4  	     265.6  	     267.3  	     267.0  	     265.6  	     
266.2  	     266.5  	     264.6  	     263.2  	     265.7  	     267.3  	     267.0  	     265.6  	     
266.2  	     266.4  	     264.6  	     263.4  	     265.7  	     266.9  	     266.6  	     267.2  	     
266.2  	     266.5  	     264.7  	     263.5  	     265.7  	     267.2  	     267.1  	     268.5  	     
266.3  	     266.3  	     264.8  	     263.5  	     265.8  	     269.0  	     267.7  	     265.7  	     
266.1  	     266.6  	     264.8  	     263.5  	     265.7  	     267.2  	     267.1  	     265.8  	     
266.2  	     266.4  	     265.0  	     263.6  	     265.9  	     267.2  	     267.0  	     265.9  	     
266.2  	     266.5  	     264.8  	     263.8  	     265.9  	     267.8  	     267.2  	     264.8  	     
266.3  	     266.5  	     265.1  	     263.7  	     265.9  	     267.4  	     267.2  	     266.0  	     
266.3  	     266.4  	     265.1  	     263.9  	     266.2  	     267.4  	     267.2  	     266.1  	     
266.4  	     266.7  	     265.1  	     264.1  	     266.0  	     267.4  	     267.4  	     266.1  	     
266.4  	     266.6  	     265.3  	     264.0  	     266.2  	     267.4  	     267.4  	     266.1  	     
266.4  	     266.7  	     265.4  	     264.1  	     266.3  	     266.9  	     266.7  	     266.7  	     
266.4  	     266.6  	     265.5  	     264.0  	     266.3  	     267.3  	     267.2  	     266.2  	     
266.3  	     266.7  	     265.3  	     263.9  	     266.2  	     267.9  	     267.3  	     265.9  	     
266.3  	     266.6  	     265.3  	     264.0  	     266.2  	     268.3  	     267.5  	     266.1  	     
266.2  	     266.5  	     265.5  	     264.2  	     266.2  	     267.4  	     267.1  	     272.1  	     
266.2  	     266.4  	     265.3  	     264.1  	     266.3  	     265.2  	     267.7  	     266.2  	     
266.1  	     266.4  	     265.4  	     264.2  	     266.2  	     267.4  	     267.2  	     266.2  	     
266.2  	     266.3  	     265.4  	     264.2  	     266.0  	     267.8  	     267.2  	     266.0  	     
266.0  	     265.9  	     265.3  	     264.2  	     265.7  	     266.9  	     266.8  	     266.2  	     
265.7  	     265.8  	     265.6  	     264.1  	     265.0  	     266.8  	     266.6  	     264.0  	     
265.2  	     265.0  	     265.3  	     263.8  	     264.6  	     265.8  	     266.1  	     264.6  	     
264.4  	     264.3  	     265.0  	     263.6  	     264.0  	     265.1  	     264.0  	     264.2  	     
263.6  	     263.4  	     264.8  	     263.2  	     263.4  	     264.6  	     264.7  	     262.1  	     
262.7  	     262.5  	     264.4  	     262.8  	     262.8  	     262.2  	     263.4  	     263.0  	     
261.7  	     261.5  	     263.9  	     262.4  	     262.2  	     262.9  	     263.4  	     264.9  	     
260.6  	     260.1  	     263.4  	     262.0  	     261.5  	     259.9  	     263.2  	     261.7  	     
259.5  	     259.1  	     262.7  	     261.5  	     260.8  	     260.9  	     261.7  	     261.1  	     
258.4  	     257.8  	     262.3  	     260.8  	     260.1  	     260.3  	     261.2  	     260.2  	     
257.1  	     256.5  	     261.7  	     260.2  	     259.4  	     258.8  	     266.9  	     259.2  	     
255.9  	     255.3  	     261.0  	     259.5  	     258.5  	     257.7  	     258.8  	     258.5  	     
254.4  	     253.6  	     260.2  	     258.8  	     257.7  	     257.1  	     258.0  	     256.0  	     
253.1  	     252.3  	     259.5  	     258.1  	     256.8  	     255.5  	     256.7  	     256.7  	     
251.6  	     250.9  	     258.7  	     257.3  	     255.9  	     254.3  	     255.6  	     255.9  	     
250.2  	     249.4  	     257.9  	     256.5  	     255.1  	     253.3  	     254.4  	     255.0  	     
248.8  	     248.0  	     257.1  	     255.7  	     254.1  	     249.2  	     252.0  	     253.9  	     
247.5  	     246.8  	     256.4  	     254.9  	     253.2  	     233.0  	     251.7  	     253.2  	     
246.2  	     245.4  	     255.6  	     254.0  	     252.3  	     249.7  	     250.7  	     252.4  	     
244.7  	     243.9  	     254.8  	     253.3  	     251.2  	     248.3  	     249.6  	     251.4  	     
243.2  	     242.5  	     253.9  	     252.4  	     250.3  	     246.9  	     248.3  	     250.2  	     
241.7  	     241.0  	     253.1  	     251.6  	     249.3  	     245.7  	     247.0  	     249.1  	     
240.2  	     239.2  	     252.2  	     250.6  	     248.3  	     244.3  	     245.7  	     248.1  	     
238.6  	     237.8  	     251.1  	     249.6  	     247.4  	     242.8  	     244.3  	     247.2  	     
238.6  	     237.7  	     251.0  	     249.5  	     247.4  	     242.6  	     243.9  	     247.1  	     
237.3  	     236.2  	     250.2  	     248.7  	     246.4  	     241.8  	     243.0  	     246.0  	     
235.7  	     234.8  	     249.1  	     247.5  	     245.2  	     240.4  	     241.8  	     245.0  	     
234.3  	     233.3  	     248.2  	     246.5  	     244.2  	     239.1  	     240.5  	     243.9  	     
232.8  	     231.9  	     247.1  	     245.6  	     243.3  	     237.9  	     239.1  	     242.7  	     
231.1  	     230.4  	     246.2  	     244.6  	     242.1  	     236.4  	     237.7  	     241.7  	     
229.7  	     228.8  	     245.1  	     243.6  	     241.1  	     237.0  	     235.2  	     240.6  	     
228.2  	     227.3  	     244.2  	     242.6  	     239.9  	     233.8  	     235.1  	     239.4  	     
226.6  	     225.8  	     243.1  	     241.5  	     238.9  	     232.4  	     233.8  	     238.4  	     
225.4  	     224.5  	     242.0  	     240.5  	     238.0  	     231.1  	     232.3  	     237.3  	     
223.9  	     223.1  	     241.1  	     239.3  	     236.9  	     229.9  	     231.2  	     236.1  	     
222.4  	     221.6  	     240.0  	     238.3  	     235.9  	     228.4  	     229.9  	     235.0  	     
220.9  	     220.1  	     238.8  	     237.2  	     234.7  	     226.8  	     229.0  	     234.0  	     
219.6  	     218.6  	     237.7  	     236.0  	     233.5  	     225.9  	     227.2  	     232.8  	     
218.0  	     217.3  	     236.6  	     234.9  	     232.3  	     224.6  	     226.1  	     231.6  	     
216.5  	     215.6  	     235.4  	     233.8  	     231.1  	     223.1  	     224.6  	     230.6  	     
215.1  	     214.3  	     234.4  	     232.7  	     230.3  	     221.9  	     223.2  	     229.5  	     
213.6  	     212.7  	     233.3  	     231.6  	     229.0  	     220.7  	     221.9  	     228.1  	     
212.3  	     211.4  	     232.1  	     230.2  	     227.9  	     219.3  	     220.8  	     227.2  	     
210.8  	     210.0  	     231.0  	     229.3  	     226.9  	     218.1  	     219.4  	     226.2  	     
209.5  	     208.5  	     229.7  	     228.2  	     225.7  	     216.8  	     218.2  	     225.0  	     
207.9  	     207.0  	     228.7  	     227.1  	     224.7  	     216.1  	     217.0  	     223.1  	     
206.5  	     205.7  	     227.6  	     226.0  	     223.6  	     214.1  	     215.6  	     222.8  	     
205.3  	     204.4  	     226.4  	     224.8  	     222.5  	     212.9  	     214.3  	     221.8  	     
203.8  	     203.0  	     225.4  	     223.8  	     221.4  	     211.3  	     212.9  	     220.5  	     
202.4  	     201.7  	     224.5  	     222.7  	     220.3  	     210.1  	     211.6  	     219.2  	     
201.1  	     200.3  	     223.3  	     221.6  	     219.3  	     208.5  	     210.3  	     218.2  	     
199.8  	     198.9  	     222.3  	     220.4  	     218.2  	     0.0  	     208.7  	     217.0  	     
198.4  	     197.7  	     221.2  	     219.4  	     216.8  	     206.6  	     207.8  	     216.1  	     
197.2  	     196.5  	     220.0  	     218.3  	     215.9  	     205.5  	     206.1  	     215.0  	     
195.9  	     195.0  	     218.9  	     217.2  	     214.8  	     204.0  	     205.3  	     213.8  	     
194.6  	     193.8  	     217.8  	     216.1  	     213.7  	     202.7  	     204.0  	     212.7  	     
193.4  	     192.6  	     216.6  	     214.9  	     212.4  	     201.4  	     202.8  	     211.7  	     
192.1  	     191.4  	     215.5  	     213.8  	     211.5  	     200.2  	     201.6  	     210.8  	     
190.9  	     190.2  	     214.4  	     212.8  	     210.5  	     0.0  	     200.3  	     209.6  	     
189.7  	     189.0  	     213.4  	     211.6  	     209.4  	     198.1  	     199.4  	     208.5  	     
188.6  	     187.9  	     212.3  	     210.5  	     208.2  	     196.9  	     198.3  	     207.5  	     
187.4  	     186.6  	     211.3  	     209.3  	     207.3  	     208.6  	     197.0  	     206.4  	     
186.2  	     185.4  	     210.0  	     208.4  	     206.1  	     194.6  	     195.8  	     205.2  	     
185.0  	     184.3  	     209.0  	     207.4  	     205.0  	     193.4  	     194.5  	     204.2  	     
183.8  	     183.1  	     207.9  	     206.2  	     203.9  	     192.2  	     193.4  	     203.2  	     
182.6  	     182.0  	     206.7  	     205.2  	     202.8  	     191.2  	     192.3  	     202.1  	     
181.4  	     180.8  	     205.6  	     204.1  	     201.9  	     189.9  	     191.2  	     201.2  	     
180.4  	     179.8  	     204.6  	     202.9  	     200.8  	     189.1  	     190.0  	     200.2  	     
179.3  	     178.6  	     203.6  	     201.8  	     199.6  	     188.0  	     189.1  	     199.0  	     
178.2  	     177.4  	     202.5  	     201.0  	     198.7  	     187.0  	     188.1  	     198.0  	     
177.2  	     176.4  	     201.6  	     199.9  	     197.7  	     185.9  	     187.0  	     197.0  	     
176.2  	     175.5  	     200.4  	     198.9  	     196.7  	     184.5  	     185.9  	     196.0  	     
175.2  	     174.4  	     199.5  	     197.8  	     195.7  	     0.0  	     184.8  	     195.1  	     
174.1  	     173.5  	     198.4  	     196.9  	     194.7  	     182.7  	     183.8  	     194.1  	     
173.1  	     172.5  	     197.5  	     195.8  	     193.7  	     181.7  	     182.6  	     193.0  	     
172.1  	     171.5  	     196.4  	     194.8  	     192.7  	     180.6  	     181.5  	     192.2  	     
171.1  	     170.5  	     195.4  	     193.7  	     191.8  	     179.8  	     180.7  	     191.1  	     
170.0  	     169.4  	     194.5  	     192.8  	     190.8  	     178.7  	     179.7  	     190.2  	     
169.1  	     168.5  	     193.4  	     191.8  	     190.0  	     177.7  	     178.7  	     189.3  	     
168.2  	     167.5  	     192.6  	     190.9  	     188.9  	     176.7  	     177.7  	     188.3  	     
167.3  	     166.5  	     191.5  	     189.9  	     188.0  	     174.8  	     176.4  	     187.3  	     
166.2  	     165.7  	     190.6  	     188.9  	     187.0  	     174.7  	     175.8  	     186.3  	     
165.4  	     164.8  	     189.7  	     188.1  	     186.1  	     173.7  	     174.8  	     185.5  	     
164.5  	     163.9  	     188.8  	     187.0  	     185.0  	     172.7  	     173.8  	     184.4  	     
163.6  	     163.0  	     187.8  	     186.2  	     184.1  	     171.8  	     172.9  	     183.6  	     
162.6  	     162.2  	     186.9  	     185.3  	     183.2  	     171.1  	     172.0  	     182.6  	     
161.9  	     161.4  	     186.0  	     184.3  	     182.5  	     0.0  	     170.7  	     181.7  	     
160.9  	     160.5  	     185.1  	     183.4  	     181.5  	     0.0  	     169.8  	     180.8  	     
160.1  	     159.7  	     184.2  	     182.5  	     180.6  	     168.3  	     169.3  	     180.0  	     
159.4  	     158.7  	     183.3  	     181.6  	     179.8  	     167.5  	     168.3  	     179.2  	     
158.4  	     157.8  	     182.4  	     180.7  	     179.1  	     166.5  	     167.6  	     178.3  	     
157.6  	     157.1  	     181.3  	     179.7  	     178.1  	     165.7  	     167.1  	     177.3  	     
156.8  	     156.3  	     180.5  	     178.9  	     177.2  	     164.8  	     165.8  	     176.5  	     
155.9  	     155.4  	     179.6  	     178.1  	     176.3  	     164.0  	     164.8  	     175.6  	     
155.3  	     154.7  	     178.9  	     177.1  	     175.6  	     0.0  	     163.7  	     174.7  	     
154.4  	     153.9  	     177.9  	     176.4  	     174.5  	     160.0  	     163.2  	     174.0  	     
153.6  	     153.2  	     177.1  	     175.4  	     173.8  	     158.6  	     162.5  	     173.2  	     
152.7  	     152.3  	     176.2  	     174.6  	     173.1  	     160.8  	     161.6  	     172.3  	     
152.0  	     151.6  	     175.4  	     173.7  	     172.2  	     160.0  	     160.9  	     171.5  	     
151.3  	     150.9  	     174.4  	     173.0  	     171.2  	     159.2  	     160.1  	     170.7  	     
150.5  	     150.2  	     173.7  	     172.0  	     170.5  	     158.4  	     159.1  	     169.9  	     
149.7  	     149.4  	     172.7  	     171.1  	     169.7  	     157.6  	     158.4  	     169.0  	     
149.1  	     148.7  	     171.9  	     170.4  	     168.8  	     156.9  	     157.7  	     168.1  	     
148.4  	     148.0  	     171.2  	     169.5  	     168.0  	     156.1  	     156.9  	     167.4  	     
147.7  	     147.1  	     170.4  	     168.9  	     167.3  	     155.3  	     156.2  	     166.8  	     
147.1  	     146.6  	     169.6  	     168.1  	     166.6  	     154.7  	     155.4  	     166.0  	     
146.2  	     145.9  	     168.6  	     167.4  	     166.0  	     154.0  	     154.6  	     165.2  	     
145.7  	     145.3  	     168.0  	     166.5  	     165.1  	     153.3  	     154.0  	     164.5  	     
145.0  	     144.6  	     167.3  	     165.8  	     164.4  	     152.6  	     153.3  	     163.7  	     
144.3  	     143.9  	     166.4  	     165.0  	     163.6  	     151.8  	     152.6  	     163.0  	     
143.8  	     143.3  	     165.7  	     164.2  	     163.0  	     151.2  	     151.9  	     162.2  	     
143.1  	     142.6  	     165.0  	     163.4  	     162.2  	     150.5  	     151.2  	     161.7  	     
142.4  	     141.9  	     164.2  	     162.6  	     161.4  	     149.8  	     150.5  	     160.9  	     
141.8  	     141.5  	     163.5  	     161.8  	     160.5  	     149.2  	     149.7  	     160.1  	     
141.0  	     140.9  	     162.9  	     161.2  	     160.0  	     148.4  	     149.2  	     159.5  	     
140.6  	     140.2  	     162.0  	     160.5  	     159.3  	     147.9  	     148.5  	     158.9  	     
139.9  	     139.6  	     161.3  	     159.8  	     158.5  	     147.1  	     147.8  	     157.9  	     
139.4  	     139.1  	     160.6  	     159.2  	     158.0  	     146.6  	     147.2  	     157.2  	     
138.8  	     138.6  	     159.9  	     158.4  	     157.2  	     145.9  	     146.4  	     156.5  	     
138.2  	     138.0  	     159.3  	     157.7  	     156.5  	     145.2  	     145.9  	     155.8  	     
137.8  	     137.6  	     158.6  	     157.0  	     156.0  	     144.6  	     145.1  	     155.0  	     
137.2  	     136.9  	     157.9  	     156.4  	     155.2  	     144.1  	     144.7  	     154.6  	     
136.7  	     136.4  	     157.3  	     155.5  	     154.5  	     143.6  	     144.1  	     154.0  	     
136.1  	     135.7  	     156.5  	     154.9  	     153.9  	     142.9  	     143.5  	     153.2  	     
135.6  	     135.2  	     155.8  	     154.3  	     153.2  	     142.3  	     142.8  	     152.7  	     
135.0  	     134.7  	     155.1  	     153.6  	     152.6  	     141.6  	     142.3  	     152.0  	     
134.4  	     134.0  	     154.5  	     152.9  	     152.0  	     141.2  	     141.7  	     151.4  	     
133.9  	     133.6  	     153.8  	     152.2  	     151.3  	     140.6  	     141.1  	     150.7  	     
133.4  	     133.2  	     153.1  	     151.7  	     150.7  	     140.0  	     140.6  	     150.1  	     
133.1  	     132.6  	     152.5  	     150.9  	     150.0  	     139.5  	     140.0  	     149.3  	     
132.5  	     132.1  	     151.8  	     150.5  	     149.5  	     138.9  	     139.5  	     148.7  	     
132.0  	     131.8  	     151.2  	     149.8  	     148.8  	     138.5  	     139.0  	     148.2  	     
131.5  	     131.3  	     150.6  	     149.2  	     148.3  	     137.9  	     138.4  	     147.6  	     
131.1  	     130.8  	     150.0  	     148.6  	     147.7  	     137.5  	     138.0  	     147.1  	     
130.7  	     130.5  	     149.4  	     147.9  	     147.2  	     137.0  	     137.4  	     146.5  	     
130.2  	     130.0  	     148.8  	     147.2  	     146.5  	     136.5  	     136.9  	     145.9  	     
129.7  	     129.5  	     148.2  	     146.7  	     146.0  	     135.9  	     136.4  	     145.4  	     
129.5  	     129.3  	     148.0  	     146.5  	     146.0  	     135.8  	     136.3  	     145.3  	     