
G49-PTC3  	G49-PTC6  	G49-PTC13  	G49-PTC17  	G49-PTC19  	G49-PTC30  	G49-PTC32  	G49-PTC37  	
Deg.F  	     Deg.F  	     Deg.F  	     Deg.F  	     Deg.F  	     Deg.F  	     Deg.F  	     Deg.F  	     
76.3  	     73.2  	     76.0  	     71.8  	     72.1  	     74.5  	     73.0  	     73.6  	     
76.3  	     73.2  	     76.0  	     71.8  	     72.1  	     74.5  	     73.0  	     73.6  	     
76.3  	     73.1  	     76.0  	     71.7  	     72.1  	     74.5  	     72.7  	     73.6  	     
77.4  	     74.0  	     76.4  	     72.1  	     72.3  	     75.0  	     73.1  	     73.9  	     
78.1  	     74.8  	     77.0  	     72.2  	     72.4  	     75.4  	     73.5  	     74.3  	     
78.8  	     75.2  	     77.3  	     72.6  	     72.4  	     75.6  	     73.8  	     74.5  	     
79.4  	     75.8  	     77.4  	     72.6  	     72.6  	     75.8  	     73.9  	     74.9  	     
79.9  	     76.3  	     77.7  	     72.7  	     72.8  	     76.1  	     74.1  	     75.1  	     
80.5  	     76.9  	     77.9  	     72.8  	     73.1  	     76.4  	     74.7  	     75.5  	     
81.0  	     77.3  	     78.1  	     73.0  	     73.2  	     76.7  	     74.9  	     75.7  	     
81.6  	     77.8  	     78.2  	     73.1  	     73.3  	     76.9  	     75.0  	     76.0  	     
82.1  	     78.3  	     78.4  	     73.2  	     73.4  	     77.2  	     75.3  	     76.3  	     
82.6  	     78.7  	     78.7  	     73.3  	     73.7  	     77.3  	     75.4  	     76.7  	     
83.0  	     79.2  	     79.0  	     73.5  	     73.9  	     77.6  	     75.8  	     76.8  	     
83.6  	     79.7  	     79.1  	     73.6  	     74.1  	     77.9  	     75.7  	     77.1  	     
84.0  	     80.0  	     79.3  	     73.7  	     74.2  	     78.0  	     76.0  	     77.4  	     
84.5  	     80.5  	     79.4  	     73.9  	     74.4  	     78.3  	     76.0  	     77.7  	     
84.8  	     81.0  	     79.6  	     74.0  	     74.6  	     78.6  	     76.3  	     77.9  	     
84.9  	     80.9  	     79.6  	     74.0  	     74.6  	     78.6  	     76.5  	     77.9  	     
85.3  	     81.4  	     79.8  	     74.2  	     74.8  	     78.8  	     76.6  	     78.1  	     
85.6  	     81.8  	     80.0  	     74.3  	     75.0  	     79.0  	     76.8  	     78.4  	     
86.0  	     82.2  	     80.2  	     74.4  	     75.1  	     79.3  	     77.1  	     78.8  	     
86.5  	     82.5  	     80.4  	     74.6  	     75.2  	     79.5  	     77.3  	     79.0  	     
86.6  	     82.8  	     80.6  	     74.7  	     75.4  	     79.7  	     77.4  	     79.3  	     
86.6  	     82.8  	     80.7  	     74.8  	     75.3  	     79.7  	     77.5  	     79.3  	     
87.0  	     83.1  	     80.8  	     74.9  	     75.6  	     79.9  	     77.7  	     79.5  	     
87.6  	     83.5  	     81.3  	     75.1  	     75.9  	     80.4  	     78.3  	     80.0  	     
87.8  	     84.1  	     81.7  	     75.6  	     76.3  	     80.8  	     78.6  	     80.4  	     
88.9  	     84.9  	     82.0  	     76.2  	     76.8  	     81.2  	     79.0  	     80.9  	     
90.3  	     86.2  	     82.8  	     76.9  	     77.3  	     82.2  	     79.9  	     81.6  	     
92.9  	     88.0  	     84.1  	     78.0  	     77.9  	     83.5  	     81.0  	     82.7  	     
96.1  	     90.4  	     85.6  	     79.3  	     78.6  	     85.3  	     82.6  	     83.9  	     
99.9  	     93.2  	     87.2  	     80.8  	     79.5  	     87.4  	     84.2  	     85.4  	     
104.0  	     96.4  	     89.0  	     82.0  	     80.4  	     89.4  	     86.3  	     87.1  	     
108.5  	     99.8  	     90.9  	     83.2  	     81.4  	     91.3  	     88.1  	     88.9  	     
113.0  	     103.4  	     93.0  	     84.6  	     82.7  	     93.7  	     90.2  	     90.6  	     
117.7  	     107.3  	     95.1  	     86.0  	     83.9  	     96.1  	     92.3  	     92.6  	     
120.0  	     109.2  	     96.3  	     86.5  	     84.4  	     97.1  	     93.3  	     93.6  	     
122.6  	     111.3  	     97.6  	     87.4  	     85.1  	     98.7  	     94.3  	     94.8  	     
127.9  	     115.6  	     100.0  	     89.0  	     86.9  	     101.2  	     97.1  	     97.1  	     
132.9  	     120.1  	     102.5  	     90.7  	     88.3  	     104.0  	     99.4  	     99.5  	     
138.3  	     124.3  	     105.2  	     92.4  	     90.2  	     106.8  	     102.2  	     102.1  	     
143.5  	     128.8  	     108.0  	     94.2  	     91.7  	     109.9  	     104.8  	     104.9  	     
149.4  	     133.3  	     110.9  	     96.0  	     93.6  	     113.1  	     107.6  	     107.8  	     
154.7  	     138.1  	     113.9  	     98.0  	     95.5  	     116.4  	     110.4  	     110.7  	     
160.2  	     142.8  	     117.2  	     100.0  	     97.7  	     119.7  	     113.7  	     113.8  	     
165.8  	     147.8  	     120.4  	     101.9  	     99.7  	     123.3  	     117.0  	     117.1  	     
171.3  	     153.0  	     123.6  	     104.2  	     101.9  	     126.8  	     120.0  	     120.2  	     
176.8  	     158.1  	     126.9  	     106.4  	     104.0  	     130.1  	     123.4  	     123.6  	     
182.6  	     163.3  	     129.9  	     108.7  	     106.3  	     133.9  	     126.4  	     127.0  	     
187.6  	     168.4  	     133.3  	     110.7  	     108.5  	     137.7  	     129.7  	     130.6  	     
192.5  	     173.1  	     136.1  	     113.0  	     110.8  	     141.0  	     133.0  	     134.0  	     
197.0  	     177.8  	     139.0  	     115.1  	     112.6  	     144.2  	     136.1  	     137.3  	     
200.9  	     181.9  	     141.5  	     117.1  	     114.7  	     147.7  	     138.9  	     140.7  	     
205.1  	     186.0  	     144.5  	     119.3  	     116.8  	     150.8  	     142.0  	     144.1  	     
208.4  	     190.2  	     147.4  	     121.4  	     118.9  	     153.8  	     144.7  	     147.4  	     
212.5  	     193.8  	     150.0  	     123.6  	     120.9  	     156.9  	     147.6  	     150.8  	     
213.5  	     195.3  	     151.2  	     124.4  	     121.8  	     157.9  	     148.7  	     151.9  	     
216.1  	     197.3  	     152.8  	     125.5  	     123.0  	     159.6  	     150.4  	     153.8  	     
218.3  	     200.8  	     155.4  	     127.5  	     125.0  	     162.6  	     153.1  	     156.8  	     
219.8  	     202.3  	     156.6  	     128.4  	     125.9  	     163.8  	     154.5  	     158.3  	     
221.2  	     204.2  	     158.6  	     129.7  	     127.5  	     165.5  	     156.2  	     160.3  	     
224.1  	     207.2  	     161.4  	     132.3  	     129.7  	     168.2  	     158.7  	     163.2  	     
225.2  	     208.4  	     162.5  	     133.2  	     130.5  	     169.6  	     159.6  	     164.7  	     
226.3  	     209.9  	     163.9  	     134.1  	     131.5  	     170.6  	     161.2  	     166.2  	     
228.9  	     213.2  	     166.6  	     137.0  	     134.1  	     173.8  	     164.3  	     169.3  	     
232.0  	     216.7  	     169.1  	     140.0  	     136.8  	     177.4  	     167.7  	     172.6  	     
235.9  	     220.9  	     172.4  	     143.3  	     139.7  	     181.1  	     170.9  	     176.0  	     
243.5  	     225.8  	     176.1  	     146.7  	     142.4  	     185.1  	     175.1  	     179.9  	     
245.2  	     230.5  	     179.8  	     150.9  	     145.4  	     189.2  	     179.4  	     184.1  	     
249.7  	     235.6  	     183.4  	     154.5  	     148.6  	     193.2  	     183.9  	     188.5  	     
255.4  	     241.0  	     188.3  	     158.5  	     151.9  	     197.7  	     188.2  	     192.9  	     
261.1  	     246.8  	     192.4  	     162.7  	     155.5  	     202.4  	     193.1  	     197.8  	     
267.8  	     252.7  	     197.7  	     167.3  	     159.3  	     207.5  	     198.0  	     202.8  	     
272.8  	     258.8  	     202.4  	     171.7  	     163.3  	     212.8  	     203.1  	     208.1  	     
276.2  	     265.0  	     207.5  	     176.3  	     167.4  	     218.1  	     208.4  	     213.4  	     
285.7  	     271.6  	     214.0  	     181.6  	     171.6  	     223.9  	     213.9  	     216.6  	     
293.5  	     278.5  	     220.1  	     186.7  	     176.3  	     229.7  	     220.1  	     222.7  	     
298.8  	     284.6  	     226.0  	     190.7  	     181.1  	     235.3  	     225.4  	     231.4  	     
305.4  	     291.4  	     231.8  	     195.2  	     185.2  	     241.4  	     231.4  	     236.6  	     
308.5  	     298.1  	     237.7  	     200.3  	     190.1  	     247.1  	     237.0  	     242.4  	     
318.0  	     304.4  	     243.6  	     205.2  	     194.5  	     253.4  	     242.9  	     248.4  	     
323.6  	     311.0  	     249.4  	     209.1  	     198.9  	     259.0  	     248.6  	     254.2  	     
330.5  	     317.4  	     255.3  	     214.4  	     204.4  	     264.7  	     253.9  	     260.3  	     
336.1  	     322.4  	     260.8  	     218.6  	     208.6  	     270.1  	     258.6  	     265.8  	     
338.5  	     323.4  	     261.7  	     219.7  	     209.6  	     271.1  	     259.6  	     266.8  	     
340.4  	     326.4  	     265.7  	     222.5  	     213.1  	     274.5  	     263.2  	     270.8  	     
343.4  	     329.9  	     270.1  	     226.4  	     216.8  	     278.9  	     267.6  	     275.3  	     
345.8  	     332.7  	     274.3  	     230.5  	     221.0  	     282.6  	     271.9  	     280.1  	     
346.5  	     335.0  	     278.4  	     233.9  	     225.2  	     286.4  	     276.1  	     284.2  	     
349.1  	     337.2  	     282.0  	     237.7  	     229.0  	     290.3  	     280.1  	     288.3  	     
350.5  	     339.3  	     285.6  	     241.0  	     232.9  	     293.5  	     283.4  	     291.9  	     
351.4  	     340.5  	     289.0  	     244.5  	     236.7  	     296.4  	     286.8  	     295.3  	     
351.8  	     341.7  	     292.3  	     247.8  	     240.4  	     299.3  	     290.3  	     298.4  	     
352.0  	     342.8  	     295.5  	     250.9  	     243.8  	     302.0  	     293.1  	     301.6  	     
353.0  	     343.8  	     298.4  	     254.1  	     247.3  	     304.3  	     296.2  	     304.5  	     
353.4  	     344.7  	     301.3  	     257.0  	     250.4  	     306.9  	     298.7  	     307.2  	     
354.0  	     345.4  	     303.7  	     259.9  	     253.7  	     309.2  	     301.6  	     309.8  	     
353.6  	     346.0  	     306.2  	     262.9  	     257.0  	     311.3  	     304.0  	     312.2  	     
353.7  	     346.7  	     308.6  	     265.5  	     259.9  	     313.3  	     306.4  	     314.7  	     
354.0  	     347.2  	     310.7  	     268.2  	     263.0  	     315.3  	     308.5  	     316.8  	     
353.6  	     347.6  	     313.1  	     270.7  	     265.8  	     317.1  	     310.7  	     318.7  	     
353.9  	     348.3  	     314.9  	     273.7  	     268.6  	     318.7  	     312.7  	     320.7  	     
354.0  	     348.5  	     316.8  	     276.2  	     271.3  	     320.3  	     314.6  	     322.5  	     
352.4  	     348.7  	     318.8  	     278.7  	     273.9  	     321.7  	     316.5  	     324.2  	     
354.1  	     349.1  	     320.5  	     281.1  	     276.5  	     323.3  	     318.2  	     325.9  	     
355.1  	     349.5  	     322.2  	     283.6  	     279.0  	     324.7  	     320.1  	     327.4  	     
354.2  	     349.6  	     323.7  	     285.8  	     281.4  	     326.2  	     321.6  	     328.8  	     
354.2  	     349.9  	     325.2  	     288.1  	     284.0  	     327.4  	     323.1  	     330.3  	     
354.2  	     350.1  	     326.8  	     290.2  	     286.2  	     328.8  	     324.6  	     331.6  	     
354.3  	     350.2  	     328.2  	     292.2  	     288.4  	     329.8  	     326.0  	     332.8  	     
354.1  	     350.4  	     329.2  	     294.2  	     290.7  	     330.9  	     327.5  	     334.0  	     
354.6  	     350.5  	     330.6  	     296.1  	     292.8  	     332.0  	     328.9  	     335.0  	     
354.4  	     350.6  	     332.0  	     298.2  	     294.8  	     333.1  	     330.0  	     336.2  	     
353.8  	     350.7  	     333.0  	     300.0  	     296.7  	     334.0  	     331.3  	     337.3  	     
354.2  	     350.8  	     334.1  	     301.6  	     298.8  	     335.0  	     332.3  	     338.2  	     
354.3  	     350.9  	     335.1  	     303.3  	     300.6  	     335.7  	     333.3  	     339.1  	     
354.2  	     351.0  	     336.0  	     304.9  	     302.3  	     336.6  	     334.5  	     339.8  	     
354.1  	     351.1  	     336.9  	     306.8  	     304.0  	     337.3  	     335.4  	     340.7  	     
354.1  	     351.2  	     338.1  	     308.4  	     305.7  	     338.1  	     336.3  	     341.4  	     
354.4  	     351.3  	     339.2  	     310.1  	     307.2  	     338.6  	     337.1  	     342.1  	     
354.0  	     351.2  	     340.0  	     311.4  	     308.9  	     339.1  	     337.9  	     342.7  	     
353.8  	     351.2  	     340.6  	     312.8  	     310.7  	     339.8  	     338.7  	     343.4  	     
354.4  	     351.3  	     341.2  	     314.2  	     312.2  	     340.3  	     339.4  	     344.0  	     
353.9  	     351.4  	     341.7  	     315.5  	     313.6  	     340.8  	     340.3  	     344.5  	     
354.9  	     351.5  	     342.3  	     316.8  	     315.0  	     341.3  	     340.7  	     345.0  	     
354.3  	     351.4  	     342.8  	     318.0  	     316.3  	     341.8  	     341.2  	     345.4  	     
354.2  	     351.2  	     343.1  	     318.9  	     317.6  	     342.2  	     341.7  	     345.9  	     
353.8  	     351.3  	     343.8  	     320.3  	     319.0  	     342.5  	     342.3  	     346.2  	     
353.9  	     351.5  	     344.3  	     321.3  	     320.0  	     343.0  	     342.9  	     346.7  	     
353.9  	     351.6  	     344.9  	     322.6  	     321.3  	     343.4  	     343.5  	     347.0  	     
354.2  	     351.2  	     345.5  	     323.5  	     322.4  	     343.6  	     344.0  	     347.3  	     
353.6  	     351.2  	     345.9  	     324.4  	     323.7  	     343.9  	     344.3  	     347.4  	     
353.2  	     351.4  	     346.3  	     325.4  	     324.7  	     344.3  	     344.7  	     347.8  	     
354.2  	     351.6  	     346.6  	     326.5  	     325.8  	     344.7  	     345.2  	     348.1  	     
354.9  	     351.6  	     347.0  	     327.3  	     326.7  	     344.9  	     345.7  	     348.4  	     
354.0  	     351.6  	     347.2  	     328.2  	     327.8  	     345.2  	     346.0  	     348.6  	     
354.4  	     351.6  	     347.5  	     329.0  	     328.7  	     345.5  	     346.0  	     348.9  	     
354.1  	     351.6  	     347.8  	     329.9  	     329.4  	     345.7  	     346.6  	     349.1  	     
353.4  	     351.6  	     348.2  	     330.7  	     330.4  	     345.9  	     346.9  	     349.3  	     
355.1  	     351.8  	     348.4  	     331.3  	     331.2  	     346.1  	     347.2  	     349.5  	     
354.7  	     351.6  	     348.5  	     332.1  	     331.9  	     346.3  	     347.4  	     349.6  	     
354.1  	     351.7  	     348.9  	     332.9  	     332.8  	     346.6  	     347.7  	     349.8  	     
354.2  	     351.7  	     349.2  	     333.6  	     333.7  	     346.8  	     347.9  	     350.0  	     
354.3  	     351.6  	     349.4  	     334.1  	     334.4  	     347.0  	     348.3  	     350.1  	     
354.0  	     351.7  	     349.6  	     334.9  	     335.2  	     347.1  	     348.3  	     350.2  	     
354.0  	     351.8  	     349.9  	     335.6  	     335.9  	     347.4  	     348.6  	     350.3  	     
354.6  	     351.6  	     350.0  	     336.1  	     336.5  	     347.5  	     348.8  	     350.4  	     
353.9  	     351.6  	     350.2  	     336.7  	     337.1  	     347.6  	     349.0  	     350.5  	     
354.3  	     351.6  	     350.3  	     337.3  	     337.7  	     347.7  	     349.1  	     350.7  	     
353.7  	     351.6  	     350.5  	     337.9  	     338.3  	     347.8  	     349.2  	     350.7  	     
354.1  	     351.6  	     350.6  	     338.3  	     338.8  	     348.0  	     349.5  	     350.8  	     
354.1  	     351.6  	     350.7  	     338.9  	     339.4  	     348.1  	     349.7  	     350.9  	     
354.0  	     351.6  	     350.9  	     339.4  	     340.0  	     348.2  	     349.9  	     351.0  	     
354.2  	     351.5  	     351.0  	     339.6  	     340.4  	     348.1  	     350.2  	     351.1  	     
353.2  	     351.5  	     351.1  	     340.2  	     340.9  	     348.3  	     350.2  	     351.1  	     
353.9  	     351.3  	     351.2  	     340.6  	     341.4  	     348.4  	     350.2  	     351.1  	     
354.0  	     351.4  	     351.3  	     340.8  	     341.7  	     348.5  	     350.3  	     351.1  	     
353.9  	     351.5  	     351.3  	     341.0  	     341.8  	     348.5  	     350.3  	     351.1  	     
354.1  	     351.6  	     351.4  	     341.4  	     342.3  	     348.6  	     350.4  	     351.2  	     
355.4  	     351.5  	     351.5  	     341.9  	     342.7  	     348.7  	     350.7  	     351.3  	     
354.4  	     351.8  	     351.6  	     342.0  	     343.0  	     348.7  	     350.7  	     351.5  	     
354.1  	     351.8  	     351.9  	     342.6  	     343.4  	     348.8  	     350.7  	     351.4  	     
354.5  	     351.8  	     352.0  	     342.9  	     343.9  	     349.0  	     351.0  	     351.5  	     
354.0  	     351.8  	     352.2  	     343.3  	     344.2  	     348.9  	     351.0  	     351.5  	     
354.3  	     351.8  	     352.2  	     343.6  	     344.5  	     349.0  	     351.0  	     351.6  	     
354.3  	     351.8  	     352.4  	     343.9  	     345.0  	     349.1  	     351.4  	     351.6  	     
354.6  	     351.8  	     352.3  	     344.1  	     345.2  	     349.2  	     351.4  	     351.6  	     
354.0  	     351.9  	     352.3  	     344.3  	     345.6  	     349.3  	     351.6  	     351.7  	     
354.6  	     351.9  	     352.4  	     344.5  	     345.9  	     349.5  	     351.4  	     351.8  	     
354.6  	     352.0  	     352.4  	     344.8  	     346.1  	     349.5  	     351.4  	     351.7  	     
355.2  	     351.8  	     352.5  	     345.1  	     346.3  	     349.6  	     351.5  	     351.8  	     
354.9  	     351.7  	     352.4  	     345.3  	     346.6  	     349.6  	     351.5  	     352.0  	     
354.6  	     351.8  	     352.5  	     345.4  	     346.9  	     349.5  	     351.5  	     352.0  	     
354.2  	     351.8  	     352.6  	     345.6  	     347.1  	     349.7  	     351.5  	     352.0  	     
353.8  	     351.6  	     352.5  	     345.7  	     347.4  	     349.7  	     352.0  	     351.9  	     
354.2  	     351.7  	     352.5  	     346.0  	     347.5  	     349.7  	     351.9  	     351.9  	     
354.3  	     351.6  	     352.5  	     346.1  	     347.7  	     349.7  	     351.9  	     352.0  	     
354.2  	     351.5  	     352.5  	     346.3  	     347.8  	     349.7  	     352.0  	     351.9  	     
353.7  	     351.4  	     352.4  	     346.5  	     348.1  	     349.8  	     352.1  	     352.0  	     
354.5  	     351.4  	     352.5  	     346.6  	     348.3  	     349.7  	     352.0  	     351.8  	     
353.9  	     351.4  	     352.5  	     346.7  	     348.3  	     349.7  	     352.0  	     352.0  	     
353.9  	     351.3  	     352.5  	     346.8  	     348.5  	     349.8  	     352.0  	     351.9  	     
353.7  	     351.2  	     352.6  	     347.1  	     348.6  	     349.8  	     351.9  	     351.8  	     
353.2  	     351.1  	     352.6  	     347.3  	     348.8  	     349.7  	     352.1  	     351.7  	     
353.7  	     351.1  	     352.6  	     347.4  	     349.0  	     349.7  	     352.1  	     351.8  	     
353.4  	     351.1  	     352.6  	     347.5  	     349.1  	     349.8  	     352.1  	     351.8  	     
353.4  	     351.0  	     352.5  	     347.5  	     349.2  	     349.8  	     352.1  	     351.8  	     
353.7  	     351.0  	     352.5  	     347.7  	     349.3  	     349.8  	     352.2  	     351.7  	     
353.7  	     351.0  	     352.4  	     347.6  	     349.5  	     349.8  	     352.2  	     351.7  	     
353.4  	     351.0  	     352.4  	     347.8  	     349.6  	     349.9  	     352.3  	     351.7  	     
353.2  	     351.1  	     352.4  	     347.9  	     349.6  	     349.9  	     352.2  	     351.6  	     
353.2  	     351.0  	     352.3  	     347.9  	     349.7  	     349.9  	     352.3  	     351.6  	     
353.8  	     350.9  	     352.4  	     348.0  	     349.8  	     349.9  	     352.2  	     351.7  	     
355.6  	     350.9  	     352.5  	     348.2  	     349.8  	     349.7  	     352.4  	     351.7  	     
353.4  	     350.9  	     352.4  	     348.2  	     350.0  	     349.7  	     352.2  	     351.7  	     
353.2  	     350.9  	     352.4  	     348.2  	     350.0  	     349.7  	     352.2  	     351.7  	     
353.6  	     350.8  	     352.4  	     348.4  	     350.2  	     349.9  	     352.1  	     351.6  	     
353.6  	     351.0  	     352.4  	     348.5  	     350.2  	     349.8  	     352.1  	     351.7  	     
353.1  	     350.8  	     352.4  	     348.5  	     350.2  	     349.9  	     352.2  	     351.7  	     
353.7  	     350.9  	     352.3  	     348.6  	     350.3  	     349.9  	     352.2  	     351.6  	     
353.2  	     350.9  	     352.3  	     348.5  	     350.3  	     349.8  	     352.2  	     351.6  	     
353.6  	     351.0  	     352.3  	     348.6  	     350.4  	     349.8  	     352.0  	     351.6  	     
352.4  	     350.5  	     352.4  	     348.7  	     350.4  	     349.8  	     352.1  	     351.6  	     
354.1  	     350.8  	     352.2  	     348.6  	     350.3  	     349.8  	     352.2  	     351.5  	     
353.0  	     350.7  	     352.2  	     348.6  	     350.5  	     349.8  	     352.0  	     351.5  	     
353.2  	     350.6  	     352.0  	     348.7  	     350.5  	     349.7  	     352.1  	     351.5  	     
353.2  	     350.7  	     352.2  	     348.7  	     350.5  	     349.7  	     351.9  	     351.4  	     
352.7  	     350.3  	     352.0  	     348.6  	     350.5  	     349.6  	     351.9  	     351.4  	     
353.0  	     350.3  	     351.9  	     348.7  	     350.5  	     349.5  	     351.8  	     351.2  	     
352.7  	     350.3  	     351.8  	     349.0  	     350.5  	     349.6  	     352.0  	     351.3  	     
351.5  	     350.5  	     352.0  	     348.9  	     350.6  	     349.7  	     351.9  	     351.3  	     
352.2  	     350.1  	     351.8  	     348.8  	     350.6  	     349.5  	     351.9  	     351.1  	     
352.4  	     350.2  	     351.8  	     348.9  	     350.5  	     349.5  	     351.7  	     351.1  	     
352.5  	     350.3  	     351.8  	     349.0  	     350.7  	     349.6  	     351.8  	     351.1  	     
352.6  	     350.3  	     351.8  	     349.0  	     350.6  	     349.5  	     351.7  	     351.1  	     
352.8  	     350.4  	     351.9  	     348.9  	     350.7  	     349.6  	     351.7  	     351.1  	     
352.5  	     350.2  	     351.7  	     348.9  	     350.7  	     349.7  	     351.8  	     351.1  	     
352.5  	     350.5  	     351.8  	     349.0  	     350.7  	     349.6  	     351.7  	     351.1  	     
352.9  	     350.3  	     351.7  	     349.1  	     350.8  	     349.5  	     352.0  	     351.0  	     
353.4  	     350.4  	     351.9  	     349.1  	     350.9  	     349.5  	     351.9  	     351.2  	     
352.8  	     350.4  	     351.8  	     349.1  	     350.9  	     349.6  	     351.9  	     351.2  	     
353.1  	     350.5  	     351.8  	     349.2  	     350.9  	     349.6  	     351.8  	     351.1  	     
351.5  	     350.4  	     351.8  	     349.2  	     350.9  	     349.5  	     352.1  	     351.3  	     
351.2  	     350.2  	     351.8  	     349.2  	     351.0  	     349.5  	     352.0  	     351.2  	     
354.5  	     350.4  	     351.8  	     349.1  	     351.0  	     349.4  	     351.9  	     351.1  	     
353.1  	     350.3  	     351.8  	     349.1  	     350.9  	     349.4  	     351.8  	     351.1  	     
351.8  	     350.4  	     351.8  	     349.2  	     350.9  	     349.4  	     351.8  	     351.1  	     
353.0  	     350.7  	     351.8  	     349.2  	     350.9  	     349.4  	     351.9  	     351.0  	     
352.8  	     350.3  	     351.7  	     349.2  	     350.9  	     349.3  	     351.7  	     351.0  	     
352.8  	     350.2  	     351.8  	     349.1  	     351.0  	     349.6  	     351.7  	     351.1  	     
352.1  	     350.4  	     351.8  	     349.2  	     351.0  	     349.6  	     351.7  	     351.2  	     
352.8  	     350.5  	     351.7  	     349.1  	     350.9  	     349.5  	     351.8  	     351.1  	     
353.2  	     350.2  	     351.6  	     349.1  	     350.9  	     349.5  	     351.9  	     351.1  	     
354.5  	     350.3  	     351.6  	     349.1  	     350.9  	     349.5  	     351.9  	     351.1  	     
352.8  	     350.4  	     351.6  	     349.1  	     350.9  	     349.5  	     351.7  	     351.0  	     
352.9  	     350.4  	     351.6  	     349.2  	     351.0  	     349.4  	     351.9  	     351.0  	     
353.0  	     350.4  	     351.6  	     349.1  	     350.9  	     349.4  	     351.7  	     351.0  	     
351.8  	     350.3  	     351.6  	     349.1  	     351.0  	     349.4  	     351.6  	     351.0  	     
353.6  	     350.1  	     351.6  	     349.1  	     350.9  	     349.4  	     351.6  	     351.0  	     
352.4  	     350.3  	     351.6  	     349.1  	     351.0  	     349.5  	     351.6  	     351.0  	     
353.2  	     350.2  	     351.6  	     349.1  	     351.0  	     349.4  	     351.7  	     351.0  	     
352.6  	     349.9  	     351.6  	     349.0  	     350.9  	     349.4  	     351.5  	     351.0  	     
352.7  	     350.2  	     351.5  	     349.1  	     350.9  	     349.3  	     351.6  	     351.0  	     
352.4  	     350.1  	     351.5  	     349.2  	     350.8  	     349.5  	     351.6  	     351.0  	     
352.6  	     350.3  	     351.5  	     349.1  	     350.9  	     349.4  	     351.5  	     351.0  	     
352.9  	     350.3  	     351.5  	     349.2  	     350.9  	     349.4  	     351.6  	     351.0  	     
352.8  	     350.3  	     351.5  	     349.1  	     350.9  	     349.4  	     351.5  	     351.0  	     
352.9  	     350.3  	     351.5  	     349.1  	     350.9  	     349.4  	     351.8  	     351.0  	     
352.8  	     350.4  	     351.5  	     349.1  	     351.0  	     349.4  	     351.7  	     351.0  	     
352.7  	     350.2  	     351.5  	     349.1  	     350.9  	     349.3  	     351.6  	     351.0  	     
352.6  	     350.3  	     351.4  	     349.1  	     350.9  	     349.3  	     351.6  	     351.0  	     
352.6  	     350.4  	     351.5  	     349.2  	     350.9  	     349.2  	     351.7  	     350.9  	     
352.6  	     350.1  	     351.6  	     349.1  	     350.9  	     349.3  	     351.7  	     351.0  	     
353.0  	     350.3  	     351.4  	     349.1  	     350.9  	     349.2  	     351.5  	     350.9  	     
353.0  	     350.3  	     351.5  	     349.2  	     350.9  	     349.2  	     351.8  	     350.9  	     
352.7  	     350.3  	     351.5  	     349.2  	     350.9  	     349.3  	     351.7  	     350.8  	     
352.6  	     350.2  	     351.5  	     349.1  	     351.0  	     349.5  	     351.7  	     350.9  	     
352.4  	     350.4  	     351.5  	     349.2  	     350.9  	     349.5  	     351.6  	     350.9  	     
352.5  	     349.8  	     351.5  	     349.2  	     350.9  	     349.3  	     351.8  	     350.8  	     
352.6  	     350.6  	     351.5  	     349.2  	     350.9  	     349.5  	     351.6  	     350.8  	     
351.2  	     350.2  	     351.5  	     349.2  	     350.9  	     349.3  	     351.8  	     350.9  	     
352.6  	     350.1  	     351.4  	     349.2  	     350.9  	     349.3  	     351.7  	     350.8  	     
353.1  	     350.2  	     351.5  	     349.1  	     351.0  	     349.3  	     351.7  	     351.0  	     
352.3  	     350.2  	     351.5  	     349.2  	     350.9  	     349.2  	     351.7  	     350.9  	     
353.3  	     350.1  	     351.4  	     349.1  	     351.0  	     349.3  	     351.6  	     350.9  	     
352.6  	     350.2  	     351.4  	     349.2  	     351.0  	     349.4  	     351.6  	     350.8  	     
352.3  	     350.0  	     351.4  	     349.1  	     350.9  	     349.4  	     351.6  	     350.8  	     
352.9  	     350.2  	     351.4  	     349.1  	     350.9  	     349.5  	     351.5  	     350.8  	     
354.4  	     350.1  	     351.3  	     349.1  	     351.0  	     349.4  	     351.6  	     350.8  	     
353.5  	     350.1  	     351.4  	     349.1  	     350.9  	     349.5  	     351.7  	     350.8  	     
354.2  	     349.9  	     351.4  	     349.1  	     350.9  	     349.4  	     351.5  	     350.8  	     
353.7  	     350.0  	     351.3  	     349.1  	     350.9  	     349.2  	     351.5  	     350.8  	     
351.4  	     349.9  	     351.4  	     349.2  	     350.9  	     349.3  	     351.7  	     350.8  	     
351.6  	     350.1  	     351.4  	     349.2  	     350.9  	     349.2  	     351.5  	     350.8  	     
352.4  	     350.3  	     351.5  	     349.2  	     350.9  	     349.2  	     351.4  	     350.8  	     
352.0  	     350.0  	     351.4  	     349.2  	     350.9  	     349.2  	     351.5  	     350.9  	     
352.9  	     350.2  	     351.4  	     349.2  	     350.9  	     349.3  	     351.4  	     350.8  	     
352.7  	     350.2  	     351.3  	     349.1  	     350.9  	     349.2  	     351.5  	     350.8  	     
352.8  	     350.2  	     351.4  	     349.1  	     350.9  	     349.4  	     351.5  	     350.8  	     
352.4  	     350.3  	     351.3  	     349.1  	     350.9  	     349.3  	     351.4  	     350.8  	     
352.6  	     350.1  	     351.4  	     349.1  	     350.9  	     349.2  	     351.6  	     350.8  	     
351.3  	     349.1  	     350.9  	     348.5  	     350.7  	     348.7  	     350.9  	     350.3  	     
350.1  	     347.4  	     350.3  	     347.7  	     350.3  	     347.8  	     350.3  	     349.7  	     
348.0  	     345.8  	     349.6  	     346.9  	     349.8  	     347.0  	     349.6  	     349.1  	     
346.1  	     343.5  	     348.7  	     346.4  	     349.2  	     345.9  	     348.7  	     348.2  	     
344.1  	     342.0  	     348.1  	     345.7  	     348.7  	     345.1  	     348.1  	     347.5  	     
343.2  	     341.4  	     347.8  	     345.5  	     348.6  	     344.8  	     347.8  	     347.2  	     
339.9  	     339.0  	     346.9  	     344.4  	     347.8  	     343.6  	     346.8  	     346.2  	     
337.2  	     336.1  	     345.5  	     343.1  	     346.9  	     341.9  	     345.6  	     344.8  	     
333.2  	     333.2  	     344.0  	     341.9  	     345.8  	     340.3  	     344.1  	     343.3  	     
330.2  	     330.1  	     342.4  	     340.3  	     344.6  	     338.4  	     342.8  	     341.6  	     
325.4  	     326.3  	     340.6  	     338.6  	     343.1  	     336.7  	     341.2  	     339.7  	     
321.5  	     322.5  	     338.8  	     336.8  	     341.7  	     334.4  	     339.5  	     337.9  	     
317.3  	     320.8  	     337.6  	     335.7  	     340.9  	     333.3  	     338.6  	     336.8  	     
317.4  	     318.4  	     336.7  	     334.7  	     340.1  	     332.2  	     337.7  	     335.5  	     
313.1  	     315.0  	     334.6  	     332.9  	     338.5  	     329.9  	     335.9  	     333.3  	     
308.0  	     310.5  	     332.4  	     330.9  	     336.9  	     327.7  	     333.8  	     331.0  	     
302.7  	     306.7  	     330.0  	     328.7  	     334.8  	     325.2  	     331.8  	     328.3  	     
299.6  	     302.6  	     327.5  	     326.8  	     333.1  	     322.3  	     329.7  	     325.7  	     
293.5  	     298.7  	     325.1  	     324.4  	     331.0  	     319.9  	     327.6  	     323.0  	     
290.3  	     294.6  	     322.5  	     322.2  	     328.8  	     317.1  	     325.2  	     320.1  	     
286.4  	     290.2  	     319.9  	     319.9  	     326.7  	     314.3  	     322.7  	     317.3  	     
282.2  	     286.5  	     317.2  	     317.6  	     324.5  	     311.5  	     320.3  	     314.3  	     
278.6  	     282.5  	     314.5  	     315.2  	     322.1  	     308.8  	     318.3  	     311.2  	     
273.6  	     279.0  	     312.0  	     312.9  	     319.9  	     306.0  	     315.7  	     308.4  	     
270.1  	     274.8  	     309.1  	     310.5  	     317.6  	     303.3  	     313.2  	     305.2  	     
266.7  	     271.5  	     306.6  	     308.2  	     315.1  	     300.6  	     310.6  	     302.3  	     
263.6  	     268.0  	     303.8  	     305.7  	     312.7  	     297.8  	     308.2  	     299.3  	     
259.9  	     264.4  	     301.0  	     303.2  	     310.3  	     294.9  	     305.9  	     296.2  	     
255.4  	     260.9  	     298.4  	     300.7  	     308.0  	     292.2  	     303.3  	     293.2  	     
253.0  	     258.0  	     295.5  	     298.4  	     305.5  	     289.6  	     301.1  	     290.2  	     
250.0  	     254.7  	     292.8  	     295.8  	     302.9  	     286.6  	     298.3  	     287.3  	     
245.9  	     251.8  	     289.9  	     293.4  	     300.3  	     283.6  	     295.9  	     284.3  	     
244.2  	     248.7  	     287.1  	     290.9  	     297.6  	     281.0  	     293.3  	     281.3  	     
239.9  	     245.4  	     284.6  	     288.4  	     295.4  	     278.5  	     290.8  	     278.4  	     
239.8  	     243.2  	     281.6  	     285.8  	     292.9  	     275.7  	     288.5  	     275.6  	     
235.7  	     240.4  	     279.1  	     283.5  	     290.4  	     273.1  	     286.3  	     273.0  	     
233.5  	     237.7  	     276.5  	     281.1  	     288.2  	     270.5  	     283.6  	     270.2  	     
231.4  	     235.4  	     273.7  	     278.6  	     285.5  	     267.7  	     281.1  	     267.6  	     
228.9  	     232.7  	     271.2  	     276.4  	     283.0  	     265.3  	     278.8  	     264.6  	     
226.3  	     230.5  	     268.6  	     274.0  	     280.7  	     262.4  	     276.5  	     262.2  	     
223.9  	     228.5  	     265.9  	     271.6  	     278.3  	     260.0  	     274.2  	     259.4  	     
221.9  	     225.9  	     263.6  	     269.5  	     276.1  	     257.5  	     271.5  	     256.9  	     
220.0  	     224.0  	     261.2  	     267.1  	     273.4  	     254.9  	     269.3  	     254.4  	     
217.8  	     221.7  	     258.6  	     264.8  	     271.1  	     252.6  	     267.2  	     251.9  	     
216.9  	     219.8  	     256.3  	     262.4  	     268.9  	     250.0  	     265.0  	     249.3  	     
215.1  	     217.6  	     253.9  	     260.3  	     266.4  	     247.8  	     262.8  	     246.8  	     
212.3  	     215.7  	     251.4  	     257.9  	     264.3  	     245.5  	     260.4  	     244.6  	     
209.6  	     213.7  	     249.2  	     255.8  	     262.0  	     243.2  	     258.3  	     242.1  	     
208.4  	     212.0  	     246.7  	     253.6  	     259.9  	     240.9  	     255.8  	     239.8  	     
206.9  	     209.9  	     244.3  	     251.4  	     257.5  	     238.7  	     253.8  	     237.6  	     
206.2  	     208.3  	     242.2  	     249.2  	     255.5  	     236.3  	     251.6  	     235.2  	     
202.8  	     206.5  	     239.7  	     247.1  	     253.3  	     234.1  	     249.5  	     233.1  	     
201.8  	     205.0  	     237.7  	     245.0  	     251.1  	     232.1  	     247.2  	     231.1  	     
200.4  	     203.3  	     235.5  	     243.2  	     249.0  	     230.0  	     245.1  	     228.7  	     
198.7  	     201.4  	     233.3  	     241.0  	     246.7  	     227.9  	     243.1  	     226.8  	     
196.7  	     200.0  	     231.2  	     238.8  	     244.8  	     225.7  	     240.8  	     224.8  	     
195.1  	     198.1  	     229.2  	     236.9  	     242.9  	     224.0  	     238.8  	     222.9  	     
193.3  	     196.5  	     227.2  	     234.8  	     240.8  	     221.8  	     236.8  	     220.7  	     
191.6  	     194.9  	     225.0  	     232.9  	     238.5  	     219.9  	     234.6  	     218.8  	     
190.3  	     193.3  	     223.2  	     231.0  	     236.7  	     218.1  	     232.8  	     217.0  	     
189.2  	     192.1  	     221.1  	     228.9  	     234.7  	     216.0  	     230.7  	     215.2  	     
187.6  	     190.7  	     219.2  	     227.0  	     232.9  	     214.1  	     228.9  	     213.2  	     
187.7  	     189.2  	     217.2  	     225.2  	     231.0  	     212.3  	     226.9  	     211.4  	     
185.9  	     187.8  	     215.4  	     223.3  	     229.1  	     210.4  	     224.9  	     209.6  	     
184.2  	     186.3  	     213.4  	     221.5  	     227.1  	     208.7  	     223.2  	     207.9  	     
182.6  	     184.9  	     211.6  	     219.7  	     225.2  	     207.1  	     221.3  	     206.0  	     
181.8  	     183.6  	     209.9  	     217.8  	     223.5  	     205.4  	     219.5  	     204.6  	     
179.4  	     182.4  	     208.2  	     216.2  	     221.7  	     203.4  	     217.8  	     202.8  	     
178.6  	     181.1  	     206.4  	     214.5  	     219.9  	     201.7  	     215.8  	     201.1  	     
177.7  	     179.8  	     204.7  	     212.8  	     218.2  	     200.1  	     214.1  	     199.5  	     
175.8  	     178.5  	     203.1  	     211.1  	     216.5  	     198.5  	     212.2  	     198.0  	     
175.2  	     177.3  	     201.4  	     209.4  	     214.8  	     197.0  	     210.7  	     196.4  	     
174.5  	     176.0  	     199.7  	     207.6  	     213.1  	     195.3  	     208.7  	     194.9  	     
172.9  	     174.8  	     198.2  	     206.2  	     211.4  	     193.8  	     207.1  	     193.4  	     
171.4  	     173.3  	     196.7  	     204.5  	     209.7  	     192.3  	     205.4  	     191.8  	     
171.0  	     172.5  	     195.2  	     202.9  	     208.1  	     190.7  	     204.0  	     190.4  	     
169.3  	     171.4  	     193.5  	     201.4  	     206.4  	     189.1  	     202.2  	     188.9  	     
168.3  	     170.4  	     192.1  	     199.8  	     205.0  	     187.6  	     200.6  	     187.6  	     
167.4  	     169.2  	     190.6  	     198.3  	     203.3  	     186.3  	     199.2  	     186.1  	     
166.0  	     168.1  	     189.2  	     196.8  	     201.8  	     184.9  	     197.4  	     184.7  	     
165.1  	     167.1  	     187.8  	     195.4  	     200.4  	     183.5  	     195.8  	     183.3  	     
164.3  	     166.0  	     186.3  	     193.8  	     198.9  	     182.3  	     194.0  	     182.1  	     
163.8  	     165.1  	     185.0  	     192.5  	     197.4  	     180.8  	     192.6  	     180.8  	     
160.4  	     164.2  	     183.9  	     191.1  	     196.0  	     179.4  	     190.9  	     179.5  	     
161.4  	     162.9  	     182.4  	     189.8  	     194.5  	     178.1  	     189.6  	     178.2  	     
159.9  	     162.0  	     181.1  	     188.4  	     193.1  	     176.9  	     188.0  	     177.0  	     
159.4  	     161.1  	     179.8  	     187.0  	     191.5  	     175.7  	     186.6  	     175.8  	     
158.1  	     160.1  	     178.4  	     185.7  	     190.4  	     174.5  	     185.2  	     174.6  	     
157.9  	     159.3  	     177.3  	     184.4  	     189.0  	     173.3  	     183.6  	     173.6  	     
157.0  	     158.4  	     176.1  	     183.1  	     187.6  	     172.0  	     182.3  	     172.4  	     
156.0  	     157.4  	     174.8  	     181.7  	     186.3  	     170.9  	     180.9  	     171.2  	     
155.3  	     156.6  	     173.7  	     180.6  	     185.1  	     169.8  	     179.7  	     170.0  	     
154.2  	     155.7  	     172.3  	     179.3  	     183.7  	     168.7  	     178.2  	     169.0  	     
153.6  	     154.9  	     171.2  	     178.0  	     182.5  	     167.3  	     176.9  	     167.9  	     
151.7  	     153.9  	     170.2  	     176.7  	     181.3  	     166.3  	     175.8  	     166.8  	     
151.0  	     153.1  	     169.1  	     175.6  	     180.0  	     165.2  	     174.3  	     165.7  	     
151.2  	     152.2  	     168.0  	     174.4  	     178.8  	     164.3  	     173.1  	     164.7  	     
149.9  	     152.1  	     168.0  	     174.3  	     178.5  	     164.1  	     173.1  	     164.6  	     
150.2  	     151.4  	     166.9  	     173.5  	     177.7  	     163.3  	     172.0  	     163.7  	     
149.4  	     150.7  	     165.9  	     172.3  	     176.5  	     162.3  	     170.8  	     162.7  	     
148.1  	     149.9  	     164.8  	     171.2  	     175.3  	     161.3  	     169.6  	     161.7  	     
147.8  	     149.1  	     163.8  	     170.0  	     174.2  	     160.3  	     168.4  	     160.8  	     
146.8  	     148.3  	     162.8  	     169.0  	     173.0  	     159.3  	     167.3  	     159.9  	     
146.6  	     147.7  	     161.8  	     167.9  	     171.9  	     158.5  	     166.1  	     159.0  	     
145.7  	     146.9  	     161.0  	     166.9  	     170.8  	     157.5  	     164.9  	     158.0  	     
144.8  	     146.2  	     160.0  	     165.7  	     169.7  	     156.4  	     163.9  	     157.1  	     
144.3  	     145.4  	     158.8  	     164.7  	     168.8  	     155.6  	     162.7  	     156.2  	     
143.0  	     144.9  	     158.0  	     163.7  	     167.5  	     154.7  	     161.8  	     155.3  	     
142.8  	     144.0  	     157.1  	     162.7  	     166.4  	     153.9  	     160.7  	     154.4  	     
142.3  	     143.5  	     156.2  	     161.8  	     165.5  	     152.9  	     159.5  	     153.7  	     
141.3  	     142.7  	     155.4  	     160.9  	     164.4  	     152.1  	     158.7  	     152.8  	     
140.9  	     142.1  	     154.5  	     160.0  	     163.4  	     151.3  	     157.7  	     152.1  	     
140.4  	     141.5  	     153.7  	     159.0  	     162.5  	     150.5  	     156.7  	     151.2  	     
139.5  	     140.7  	     152.9  	     158.2  	     161.7  	     149.7  	     155.7  	     150.5  	     
139.2  	     140.1  	     151.9  	     157.3  	     160.8  	     149.0  	     154.8  	     149.6  	     
138.6  	     139.3  	     151.2  	     156.4  	     159.8  	     148.3  	     154.0  	     148.8  	     
138.7  	     138.9  	     150.3  	     155.4  	     158.8  	     147.5  	     153.1  	     148.1  	     
136.9  	     138.3  	     149.5  	     154.6  	     158.0  	     146.8  	     152.1  	     147.4  	     
136.7  	     137.8  	     148.6  	     153.7  	     157.2  	     146.0  	     151.2  	     146.7  	     
136.7  	     137.5  	     147.9  	     152.9  	     156.2  	     145.3  	     150.4  	     145.9  	     
136.4  	     136.5  	     147.2  	     152.1  	     155.4  	     144.4  	     149.5  	     145.3  	     
135.0  	     136.0  	     146.6  	     151.3  	     154.6  	     143.8  	     148.7  	     144.6  	     
134.1  	     135.6  	     145.8  	     150.6  	     153.8  	     143.1  	     147.9  	     143.9  	     
133.4  	     135.0  	     145.0  	     149.7  	     152.8  	     142.5  	     147.2  	     143.2  	     
133.5  	     134.6  	     144.4  	     149.0  	     152.0  	     141.8  	     146.3  	     142.4  	     
132.6  	     134.0  	     143.7  	     148.2  	     151.2  	     141.3  	     145.6  	     141.8  	     
132.2  	     133.4  	     143.0  	     147.5  	     150.4  	     140.6  	     144.7  	     141.2  	     
131.0  	     133.0  	     142.3  	     146.8  	     149.7  	     139.9  	     144.1  	     140.6  	     
131.7  	     132.7  	     141.8  	     146.2  	     149.0  	     139.5  	     143.6  	     140.1  	     
131.4  	     132.5  	     141.6  	     146.0  	     148.9  	     139.3  	     143.4  	     139.9  	     
131.1  	     131.6  	     140.8  	     144.5  	     147.9  	     138.4  	     142.5  	     139.1  	     
129.2  	     130.6  	     140.0  	     143.7  	     147.1  	     137.5  	     141.7  	     138.3  	     
128.7  	     129.4  	     139.1  	     142.8  	     146.3  	     136.7  	     140.8  	     137.3  	     
127.6  	     128.5  	     138.3  	     141.9  	     145.6  	     135.9  	     140.1  	     136.5  	     
126.4  	     127.5  	     137.5  	     141.2  	     144.8  	     135.0  	     139.1  	     135.5  	     
125.5  	     126.4  	     136.7  	     140.3  	     144.0  	     134.3  	     138.5  	     134.8  	     
124.2  	     125.5  	     136.0  	     139.9  	     143.3  	     133.7  	     137.9  	     134.1  	     
123.0  	     124.6  	     135.2  	     139.2  	     142.7  	     133.1  	     137.2  	     133.3  	     
121.8  	     123.6  	     134.5  	     138.5  	     142.0  	     132.2  	     136.6  	     132.5  	     
120.8  	     122.6  	     133.8  	     137.9  	     141.4  	     131.7  	     136.0  	     131.8  	     
120.1  	     121.9  	     133.3  	     137.6  	     141.0  	     131.2  	     135.4  	     131.2  	     
119.1  	     121.1  	     132.6  	     137.5  	     140.5  	     130.9  	     135.2  	     130.7  	     
118.2  	     120.7  	     132.2  	     137.3  	     140.1  	     130.6  	     134.7  	     130.3  	     
117.9  	     120.1  	     131.7  	     137.2  	     139.8  	     130.2  	     134.6  	     130.0  	     
117.7  	     120.0  	     131.6  	     137.1  	     139.8  	     130.2  	     134.3  	     129.9  	     