
G49-PTC2  	G49-PTC3  	G49-PTC4  	G49-PTC5  	G49-PTC11  	G49-PTC12  	G49-PTC37  	G49-PTC38  	
Deg.F  	     Deg.F  	     Deg.F  	     Deg.F  	     Deg.F  	     Deg.F  	     Deg.F  	     Deg.F  	     
72.4  	     72.3  	     71.7  	     71.4  	     72.3  	     71.9  	     72.0  	     71.7  	     
72.4  	     72.3  	     71.7  	     71.4  	     72.3  	     71.9  	     72.0  	     71.7  	     
72.4  	     72.3  	     71.7  	     71.4  	     72.3  	     71.9  	     72.0  	     71.7  	     
72.6  	     72.5  	     71.8  	     71.7  	     72.5  	     72.0  	     72.0  	     72.3  	     
72.8  	     72.9  	     72.0  	     72.0  	     72.5  	     72.1  	     72.0  	     72.3  	     
73.0  	     73.1  	     72.1  	     71.9  	     72.6  	     72.3  	     72.1  	     72.5  	     
73.1  	     73.4  	     72.2  	     72.0  	     72.7  	     72.2  	     72.2  	     72.2  	     
73.3  	     73.5  	     72.3  	     72.0  	     72.7  	     72.2  	     72.2  	     72.2  	     
73.6  	     73.6  	     72.3  	     72.0  	     72.8  	     72.4  	     72.3  	     72.6  	     
73.7  	     73.7  	     72.4  	     72.3  	     73.0  	     72.6  	     72.4  	     72.8  	     
73.8  	     73.9  	     72.5  	     72.3  	     73.1  	     72.6  	     72.4  	     72.6  	     
73.8  	     74.0  	     72.6  	     72.4  	     73.1  	     72.7  	     72.5  	     72.9  	     
74.0  	     74.1  	     72.6  	     72.3  	     73.2  	     72.8  	     72.5  	     72.7  	     
74.2  	     74.2  	     72.6  	     72.4  	     73.4  	     72.8  	     72.7  	     73.0  	     
74.3  	     74.3  	     72.6  	     72.6  	     73.3  	     72.8  	     72.7  	     72.9  	     
74.4  	     74.5  	     72.7  	     72.6  	     73.4  	     72.9  	     72.9  	     72.7  	     
74.4  	     74.6  	     72.8  	     72.7  	     73.5  	     73.0  	     72.7  	     72.9  	     
74.6  	     74.7  	     72.8  	     72.6  	     73.6  	     73.0  	     72.9  	     73.0  	     
74.6  	     74.7  	     72.8  	     72.6  	     73.6  	     73.0  	     72.9  	     73.0  	     
74.7  	     74.9  	     72.9  	     73.1  	     73.7  	     73.2  	     72.9  	     73.2  	     
74.9  	     74.9  	     73.1  	     73.0  	     73.6  	     73.3  	     73.1  	     73.3  	     
74.9  	     75.3  	     73.0  	     72.9  	     73.8  	     73.4  	     73.1  	     73.5  	     
75.0  	     75.3  	     73.1  	     72.8  	     74.0  	     73.5  	     73.2  	     73.3  	     
75.1  	     75.3  	     73.0  	     73.0  	     74.0  	     73.4  	     73.2  	     73.2  	     
75.2  	     75.5  	     73.2  	     73.0  	     74.1  	     73.7  	     73.3  	     72.8  	     
75.3  	     75.6  	     73.3  	     73.2  	     74.4  	     73.7  	     73.2  	     73.7  	     
75.6  	     76.0  	     73.8  	     73.3  	     74.5  	     74.0  	     73.5  	     73.9  	     
76.4  	     76.7  	     74.7  	     73.9  	     74.9  	     74.3  	     73.9  	     74.1  	     
77.5  	     78.6  	     75.7  	     74.7  	     75.9  	     75.1  	     74.5  	     74.7  	     
78.7  	     79.7  	     76.9  	     75.7  	     77.0  	     76.4  	     75.3  	     75.7  	     
80.6  	     82.0  	     78.7  	     76.8  	     78.6  	     77.7  	     76.3  	     76.8  	     
82.6  	     83.8  	     80.3  	     77.9  	     79.7  	     79.1  	     77.7  	     78.3  	     
85.1  	     86.4  	     82.5  	     79.5  	     74.9  	     81.5  	     79.2  	     80.0  	     
86.5  	     89.4  	     84.2  	     81.2  	     82.5  	     83.4  	     80.5  	     81.7  	     
89.0  	     92.6  	     86.1  	     82.4  	     84.6  	     85.4  	     82.0  	     83.2  	     
93.1  	     95.7  	     88.2  	     84.5  	     86.9  	     87.8  	     83.6  	     84.4  	     
95.3  	     99.3  	     90.2  	     85.9  	     89.1  	     90.0  	     85.5  	     86.5  	     
100.9  	     103.3  	     92.2  	     88.1  	     91.6  	     92.6  	     87.8  	     88.2  	     
105.0  	     107.1  	     94.8  	     90.2  	     94.3  	     95.3  	     89.9  	     90.0  	     
109.3  	     111.2  	     97.0  	     92.5  	     97.4  	     98.2  	     92.4  	     92.4  	     
112.9  	     115.5  	     100.2  	     95.1  	     100.6  	     101.4  	     95.2  	     95.0  	     
118.0  	     119.9  	     102.6  	     97.7  	     103.7  	     104.5  	     97.8  	     97.7  	     
118.3  	     120.0  	     102.7  	     97.8  	     104.0  	     104.8  	     97.9  	     97.8  	     
120.1  	     124.2  	     105.7  	     100.5  	     107.0  	     107.8  	     100.6  	     100.4  	     
124.4  	     128.4  	     107.8  	     103.0  	     110.2  	     111.0  	     103.2  	     103.0  	     
131.4  	     132.6  	     111.2  	     105.5  	     113.7  	     114.6  	     106.3  	     106.2  	     
135.9  	     137.0  	     113.7  	     108.3  	     117.1  	     117.9  	     109.3  	     109.2  	     
140.4  	     141.2  	     116.8  	     110.9  	     120.4  	     121.3  	     112.4  	     112.3  	     
144.5  	     145.5  	     120.0  	     114.2  	     123.8  	     124.8  	     115.6  	     115.4  	     
149.1  	     149.8  	     123.2  	     117.1  	     127.2  	     128.2  	     119.0  	     118.7  	     
153.1  	     153.7  	     125.8  	     119.8  	     130.4  	     131.3  	     122.0  	     121.9  	     
153.6  	     154.3  	     125.9  	     120.1  	     130.9  	     131.9  	     122.5  	     122.3  	     
156.9  	     157.5  	     128.1  	     122.5  	     133.5  	     134.4  	     125.2  	     125.0  	     
160.4  	     161.1  	     131.0  	     125.5  	     136.6  	     137.5  	     128.0  	     128.0  	     
163.9  	     164.6  	     133.3  	     128.2  	     139.3  	     140.3  	     130.8  	     130.7  	     
167.2  	     168.0  	     135.4  	     131.1  	     142.5  	     143.4  	     133.6  	     133.4  	     
170.4  	     171.3  	     137.9  	     133.8  	     145.2  	     146.1  	     136.5  	     136.3  	     
173.7  	     174.7  	     140.2  	     136.3  	     147.9  	     148.7  	     139.3  	     138.9  	     
176.9  	     177.7  	     142.4  	     138.9  	     150.5  	     151.5  	     141.8  	     141.7  	     
179.9  	     180.8  	     144.6  	     141.5  	     153.2  	     154.1  	     144.7  	     144.3  	     
182.7  	     183.6  	     146.8  	     143.9  	     155.7  	     156.6  	     147.2  	     146.8  	     
185.6  	     186.4  	     149.3  	     146.6  	     158.1  	     159.2  	     149.9  	     149.4  	     
188.2  	     189.1  	     151.5  	     149.1  	     160.5  	     161.6  	     152.5  	     151.8  	     
190.8  	     191.6  	     153.2  	     151.2  	     163.0  	     164.0  	     154.8  	     154.3  	     
193.4  	     194.1  	     155.5  	     153.5  	     165.3  	     166.3  	     157.0  	     156.7  	     
195.7  	     196.5  	     158.0  	     156.0  	     167.5  	     168.5  	     159.4  	     158.9  	     
198.1  	     198.9  	     160.0  	     158.3  	     169.7  	     170.7  	     161.6  	     161.1  	     
200.3  	     201.2  	     162.3  	     160.5  	     171.7  	     172.8  	     163.6  	     163.2  	     
202.1  	     203.1  	     164.1  	     162.2  	     173.8  	     174.9  	     165.8  	     165.5  	     
200.0  	     205.2  	     166.2  	     164.8  	     175.9  	     176.8  	     167.6  	     167.5  	     
204.3  	     207.1  	     168.0  	     166.4  	     178.0  	     178.9  	     169.7  	     169.7  	     
208.2  	     208.8  	     169.9  	     168.4  	     179.9  	     180.9  	     171.4  	     171.6  	     
210.0  	     210.7  	     172.3  	     170.6  	     181.7  	     182.6  	     173.6  	     173.5  	     
211.8  	     212.4  	     174.0  	     172.5  	     183.7  	     184.5  	     175.4  	     175.4  	     
213.4  	     214.0  	     175.8  	     174.1  	     185.4  	     186.2  	     177.2  	     177.3  	     
215.0  	     215.6  	     177.6  	     176.3  	     187.3  	     187.9  	     179.3  	     179.1  	     
216.8  	     217.2  	     179.4  	     178.1  	     189.0  	     189.6  	     180.9  	     181.0  	     
218.1  	     218.6  	     181.2  	     179.7  	     190.6  	     191.2  	     182.7  	     182.6  	     
219.6  	     220.0  	     182.9  	     181.3  	     192.0  	     192.7  	     184.4  	     184.3  	     
219.5  	     219.9  	     182.9  	     181.3  	     192.1  	     192.7  	     184.4  	     184.3  	     
221.1  	     221.6  	     184.8  	     183.3  	     193.9  	     194.9  	     186.4  	     186.3  	     
219.8  	     223.0  	     186.6  	     185.1  	     195.7  	     196.5  	     187.9  	     187.8  	     
219.3  	     223.0  	     186.7  	     185.1  	     195.7  	     196.6  	     188.0  	     188.0  	     
223.9  	     224.3  	     188.4  	     186.9  	     197.5  	     198.3  	     189.7  	     189.5  	     
225.7  	     226.0  	     190.7  	     189.2  	     199.6  	     200.4  	     191.7  	     191.5  	     
225.6  	     228.4  	     193.6  	     191.8  	     202.0  	     202.9  	     194.0  	     193.6  	     
228.9  	     231.4  	     196.2  	     194.2  	     204.5  	     205.3  	     196.4  	     196.0  	     
234.5  	     235.0  	     199.4  	     198.0  	     207.6  	     208.5  	     198.9  	     198.6  	     
238.4  	     238.6  	     202.5  	     200.9  	     210.8  	     211.8  	     201.9  	     201.3  	     
242.8  	     242.9  	     206.9  	     205.0  	     214.1  	     215.0  	     204.9  	     204.4  	     
247.3  	     248.7  	     210.5  	     208.8  	     217.9  	     218.8  	     208.5  	     207.8  	     
252.3  	     254.4  	     215.5  	     213.3  	     221.7  	     222.2  	     211.8  	     211.5  	     
257.2  	     260.1  	     220.0  	     217.5  	     225.5  	     226.0  	     215.8  	     215.3  	     
262.6  	     265.6  	     224.1  	     221.9  	     229.8  	     230.4  	     219.9  	     219.8  	     
268.0  	     271.7  	     228.3  	     226.3  	     234.2  	     234.8  	     224.1  	     224.6  	     
273.6  	     277.6  	     233.8  	     231.5  	     238.7  	     239.3  	     228.6  	     229.0  	     
279.4  	     283.3  	     239.1  	     236.7  	     243.0  	     243.7  	     233.7  	     234.3  	     
285.6  	     289.4  	     244.1  	     241.3  	     248.5  	     249.3  	     238.6  	     239.7  	     
291.5  	     295.4  	     249.5  	     246.9  	     253.6  	     254.5  	     243.4  	     244.3  	     
297.3  	     301.9  	     255.5  	     252.4  	     258.6  	     259.4  	     248.8  	     249.8  	     
300.2  	     307.7  	     260.4  	     257.4  	     263.6  	     264.6  	     253.7  	     255.6  	     
308.6  	     313.2  	     265.3  	     262.3  	     268.8  	     269.5  	     258.7  	     260.7  	     
313.7  	     318.0  	     270.2  	     267.2  	     273.8  	     274.5  	     263.8  	     265.5  	     
318.2  	     322.4  	     275.6  	     272.0  	     278.5  	     279.4  	     268.1  	     270.4  	     
323.0  	     326.7  	     279.1  	     276.2  	     282.9  	     283.8  	     272.9  	     274.8  	     
326.8  	     330.3  	     283.1  	     280.5  	     286.8  	     287.7  	     277.1  	     279.3  	     
330.1  	     333.2  	     286.3  	     284.0  	     291.0  	     291.8  	     281.0  	     283.2  	     
332.9  	     335.7  	     290.1  	     287.8  	     294.4  	     295.1  	     284.9  	     287.0  	     
335.7  	     338.0  	     292.9  	     290.9  	     297.9  	     298.7  	     288.2  	     290.3  	     
337.5  	     340.0  	     296.2  	     293.9  	     300.8  	     301.4  	     291.3  	     293.7  	     
337.4  	     339.9  	     296.3  	     294.3  	     300.9  	     301.4  	     291.6  	     293.4  	     
339.7  	     341.5  	     299.1  	     296.9  	     304.0  	     304.3  	     294.8  	     296.6  	     
339.2  	     342.8  	     301.5  	     299.5  	     306.8  	     307.0  	     297.6  	     299.3  	     
342.5  	     344.2  	     303.9  	     302.0  	     309.4  	     309.6  	     300.4  	     301.9  	     
343.5  	     345.6  	     306.2  	     304.2  	     312.0  	     312.1  	     302.8  	     304.4  	     
345.5  	     346.5  	     308.6  	     306.6  	     314.4  	     314.3  	     305.3  	     306.9  	     
346.7  	     347.4  	     310.4  	     308.6  	     316.4  	     316.2  	     307.8  	     308.8  	     
347.2  	     348.0  	     312.3  	     310.5  	     318.6  	     318.2  	     310.0  	     311.0  	     
348.2  	     348.8  	     314.4  	     312.5  	     320.5  	     320.0  	     312.1  	     313.2  	     
348.6  	     349.3  	     316.1  	     314.5  	     322.3  	     321.8  	     314.1  	     314.8  	     
349.5  	     350.0  	     317.8  	     316.2  	     323.9  	     323.3  	     316.0  	     316.9  	     
350.2  	     350.5  	     319.3  	     317.7  	     325.6  	     324.9  	     318.0  	     319.0  	     
350.5  	     350.9  	     320.8  	     319.2  	     327.2  	     326.5  	     319.6  	     320.5  	     
351.0  	     351.4  	     322.2  	     320.8  	     328.7  	     327.9  	     321.1  	     322.0  	     
351.5  	     351.4  	     323.6  	     322.2  	     329.9  	     329.0  	     322.9  	     323.5  	     
351.7  	     351.8  	     324.9  	     323.4  	     331.4  	     330.4  	     324.1  	     324.9  	     
352.1  	     352.1  	     326.2  	     324.7  	     332.5  	     331.5  	     325.3  	     325.9  	     
352.2  	     352.2  	     327.3  	     326.0  	     333.7  	     332.6  	     326.8  	     327.1  	     
352.5  	     352.2  	     328.5  	     327.1  	     334.8  	     333.8  	     327.9  	     328.4  	     
352.6  	     352.6  	     329.7  	     328.3  	     335.8  	     334.7  	     329.0  	     329.8  	     
352.8  	     352.7  	     330.5  	     329.0  	     336.9  	     335.6  	     330.3  	     330.9  	     
352.9  	     352.8  	     331.5  	     330.3  	     337.8  	     336.6  	     331.5  	     331.6  	     
352.9  	     352.8  	     332.5  	     331.3  	     338.7  	     337.4  	     332.5  	     332.8  	     
353.0  	     353.0  	     333.4  	     332.1  	     339.5  	     338.2  	     333.4  	     333.9  	     
353.1  	     353.0  	     334.2  	     332.7  	     340.2  	     338.9  	     334.4  	     334.7  	     
353.1  	     353.1  	     335.2  	     333.7  	     341.0  	     339.7  	     335.2  	     335.8  	     
353.2  	     353.2  	     335.9  	     334.7  	     341.7  	     340.3  	     336.1  	     336.6  	     
353.3  	     353.1  	     336.6  	     335.3  	     342.3  	     341.0  	     336.8  	     337.0  	     
353.4  	     353.0  	     337.5  	     336.0  	     342.9  	     341.5  	     337.7  	     338.0  	     
353.3  	     353.0  	     338.0  	     336.8  	     343.4  	     342.0  	     338.3  	     338.7  	     
353.3  	     353.1  	     338.6  	     337.6  	     343.9  	     342.6  	     339.1  	     339.0  	     
352.5  	     352.7  	     339.3  	     338.3  	     344.4  	     343.1  	     339.7  	     340.1  	     
352.5  	     353.0  	     339.8  	     338.6  	     344.9  	     343.4  	     340.3  	     340.3  	     
352.5  	     353.1  	     340.7  	     339.4  	     345.4  	     343.9  	     340.9  	     340.8  	     
352.8  	     353.3  	     341.3  	     340.1  	     345.7  	     344.3  	     341.5  	     341.8  	     
353.1  	     353.1  	     341.4  	     340.3  	     345.8  	     344.4  	     341.5  	     341.5  	     
352.7  	     353.2  	     341.7  	     340.5  	     346.1  	     344.7  	     341.9  	     342.0  	     
352.8  	     353.3  	     342.1  	     341.2  	     346.6  	     345.1  	     342.5  	     342.5  	     
352.9  	     353.1  	     342.5  	     341.4  	     346.9  	     345.4  	     343.2  	     343.4  	     
353.0  	     353.1  	     342.9  	     341.9  	     347.3  	     345.7  	     343.7  	     343.7  	     
353.2  	     353.1  	     343.4  	     342.4  	     347.5  	     346.0  	     344.1  	     344.3  	     
353.2  	     353.2  	     343.8  	     342.9  	     347.9  	     346.3  	     344.6  	     344.7  	     
353.3  	     353.1  	     344.3  	     343.3  	     348.1  	     346.5  	     344.9  	     345.2  	     
353.1  	     353.2  	     344.6  	     343.7  	     348.4  	     346.9  	     345.2  	     345.2  	     
353.3  	     353.2  	     345.1  	     344.1  	     348.8  	     347.2  	     345.5  	     345.9  	     
352.7  	     353.0  	     345.4  	     344.5  	     349.1  	     347.4  	     345.9  	     346.0  	     
352.5  	     353.0  	     345.6  	     344.8  	     349.3  	     347.6  	     346.2  	     346.5  	     
351.9  	     353.1  	     346.0  	     345.0  	     349.4  	     347.9  	     346.6  	     346.8  	     
352.6  	     353.1  	     346.3  	     345.5  	     349.7  	     348.0  	     346.8  	     347.3  	     
352.8  	     353.1  	     346.8  	     345.7  	     349.8  	     348.2  	     347.0  	     347.3  	     
352.5  	     352.9  	     347.0  	     345.9  	     350.0  	     348.4  	     347.4  	     347.2  	     
352.5  	     353.1  	     347.2  	     346.2  	     350.1  	     348.5  	     347.6  	     347.6  	     
352.2  	     353.0  	     347.5  	     346.4  	     350.3  	     348.6  	     347.8  	     348.0  	     
352.6  	     353.1  	     347.6  	     346.7  	     350.3  	     348.7  	     348.1  	     348.3  	     
351.8  	     353.0  	     347.8  	     346.9  	     350.5  	     348.9  	     348.3  	     348.4  	     
352.1  	     352.9  	     348.0  	     347.2  	     350.7  	     349.1  	     348.4  	     348.4  	     
352.2  	     353.0  	     348.3  	     347.0  	     350.8  	     349.1  	     348.6  	     348.5  	     
351.8  	     353.0  	     348.5  	     347.4  	     351.0  	     349.4  	     348.8  	     348.9  	     
352.1  	     353.0  	     348.6  	     347.7  	     351.1  	     349.5  	     348.9  	     349.1  	     
352.3  	     353.0  	     348.8  	     348.0  	     351.1  	     349.4  	     349.1  	     349.0  	     
352.1  	     352.8  	     349.0  	     348.0  	     351.3  	     349.5  	     349.2  	     349.2  	     
352.6  	     353.0  	     349.1  	     348.2  	     351.3  	     349.8  	     349.5  	     349.5  	     
352.2  	     353.0  	     349.2  	     348.5  	     351.4  	     349.7  	     349.5  	     349.7  	     
352.1  	     352.8  	     349.4  	     348.5  	     351.5  	     349.8  	     349.6  	     349.9  	     
351.8  	     352.9  	     349.5  	     348.7  	     351.5  	     349.8  	     349.7  	     349.9  	     
352.3  	     353.0  	     349.7  	     348.9  	     351.5  	     349.9  	     349.9  	     350.1  	     
351.9  	     353.0  	     349.8  	     349.0  	     351.6  	     349.9  	     350.0  	     350.2  	     
351.8  	     352.8  	     349.9  	     349.2  	     351.7  	     349.9  	     350.1  	     349.9  	     
352.1  	     352.9  	     349.9  	     349.3  	     351.7  	     350.0  	     350.2  	     350.3  	     
352.1  	     352.9  	     350.0  	     349.4  	     351.8  	     350.1  	     350.3  	     350.4  	     
352.0  	     352.8  	     350.1  	     349.2  	     351.8  	     350.3  	     350.4  	     350.4  	     
352.1  	     352.9  	     350.2  	     349.6  	     351.9  	     350.3  	     350.5  	     350.2  	     
352.2  	     352.7  	     350.4  	     349.5  	     352.0  	     350.3  	     350.5  	     350.7  	     
352.1  	     352.6  	     350.2  	     349.5  	     351.9  	     350.2  	     350.7  	     350.7  	     
352.1  	     352.7  	     350.4  	     349.7  	     351.9  	     350.3  	     350.7  	     350.3  	     
352.8  	     352.8  	     350.5  	     349.7  	     352.0  	     350.5  	     350.7  	     350.4  	     
352.7  	     352.5  	     350.6  	     349.8  	     352.2  	     350.5  	     350.8  	     350.6  	     
352.9  	     352.7  	     350.7  	     349.9  	     352.2  	     350.5  	     351.0  	     350.9  	     
352.9  	     352.9  	     350.6  	     350.0  	     352.2  	     350.5  	     351.0  	     350.6  	     
352.9  	     352.8  	     350.8  	     350.1  	     352.1  	     350.5  	     351.0  	     351.0  	     
352.6  	     352.7  	     350.8  	     350.1  	     352.2  	     350.5  	     351.0  	     351.1  	     
352.6  	     352.7  	     350.8  	     350.1  	     352.2  	     350.6  	     351.1  	     351.1  	     
352.3  	     352.7  	     350.7  	     350.2  	     352.3  	     350.6  	     351.2  	     350.9  	     
352.7  	     352.7  	     350.9  	     350.1  	     352.3  	     350.6  	     351.2  	     350.9  	     
352.8  	     352.5  	     350.9  	     350.2  	     352.3  	     350.6  	     351.1  	     350.9  	     
352.8  	     352.7  	     351.1  	     350.3  	     352.3  	     350.6  	     351.2  	     351.3  	     
352.8  	     352.6  	     351.0  	     350.4  	     352.4  	     350.7  	     351.2  	     350.9  	     
352.8  	     352.7  	     351.1  	     350.1  	     352.4  	     350.7  	     351.2  	     351.2  	     
352.8  	     352.7  	     351.1  	     350.4  	     352.4  	     350.7  	     351.3  	     351.0  	     
352.7  	     352.7  	     351.2  	     350.5  	     352.4  	     350.8  	     351.3  	     351.2  	     
352.8  	     352.6  	     351.2  	     350.4  	     352.4  	     350.8  	     351.4  	     351.5  	     
352.8  	     352.7  	     351.3  	     350.5  	     352.4  	     350.7  	     351.4  	     351.2  	     
352.8  	     352.7  	     351.2  	     350.5  	     352.4  	     350.7  	     351.4  	     351.5  	     
352.8  	     352.7  	     351.2  	     350.6  	     352.4  	     350.7  	     351.5  	     351.3  	     
352.7  	     352.6  	     351.3  	     350.7  	     352.4  	     350.8  	     351.4  	     351.2  	     
352.7  	     352.7  	     351.4  	     350.7  	     352.5  	     350.7  	     351.5  	     351.2  	     
352.7  	     352.7  	     351.2  	     350.6  	     352.4  	     350.7  	     351.6  	     351.2  	     
352.8  	     352.7  	     351.3  	     350.7  	     352.4  	     350.8  	     351.6  	     351.7  	     
352.7  	     352.6  	     351.4  	     350.7  	     352.4  	     350.8  	     351.5  	     351.7  	     
351.1  	     352.6  	     351.4  	     350.7  	     352.4  	     350.9  	     351.6  	     351.5  	     
351.6  	     352.6  	     351.3  	     350.5  	     352.3  	     350.6  	     351.5  	     351.7  	     
351.4  	     352.5  	     351.4  	     350.6  	     352.4  	     350.8  	     351.5  	     351.3  	     
351.2  	     352.6  	     351.4  	     350.8  	     352.3  	     350.7  	     351.5  	     351.0  	     
350.6  	     352.5  	     351.4  	     350.8  	     352.3  	     350.7  	     351.5  	     351.6  	     
348.9  	     352.5  	     351.5  	     350.6  	     352.4  	     350.7  	     351.4  	     351.5  	     
349.4  	     352.5  	     351.5  	     350.9  	     352.3  	     350.7  	     351.4  	     351.2  	     
349.2  	     352.5  	     351.5  	     350.8  	     352.4  	     350.8  	     351.5  	     351.2  	     
349.5  	     352.4  	     351.4  	     350.7  	     352.4  	     350.9  	     351.4  	     351.6  	     
348.6  	     352.4  	     351.4  	     350.7  	     352.4  	     350.8  	     351.5  	     351.2  	     
348.7  	     352.4  	     351.4  	     350.6  	     352.4  	     350.8  	     351.5  	     351.2  	     
352.6  	     352.5  	     351.4  	     350.7  	     352.4  	     350.8  	     351.4  	     351.6  	     
352.6  	     352.5  	     351.4  	     350.7  	     352.4  	     350.8  	     351.5  	     351.2  	     
352.5  	     352.4  	     351.5  	     350.7  	     352.4  	     350.8  	     351.4  	     351.3  	     
352.6  	     352.5  	     351.4  	     350.5  	     352.4  	     350.7  	     351.5  	     351.8  	     
352.6  	     352.5  	     351.5  	     350.7  	     352.4  	     350.8  	     351.5  	     351.2  	     
352.5  	     352.4  	     351.5  	     350.8  	     352.4  	     350.8  	     351.6  	     351.2  	     
352.5  	     352.4  	     351.5  	     350.9  	     352.3  	     350.8  	     351.5  	     351.5  	     
352.4  	     352.6  	     351.5  	     350.8  	     352.4  	     350.8  	     351.6  	     351.2  	     
352.5  	     352.5  	     351.4  	     350.8  	     352.2  	     350.7  	     351.4  	     351.6  	     
352.4  	     352.4  	     351.5  	     350.9  	     352.3  	     350.8  	     351.5  	     351.2  	     
352.4  	     352.5  	     351.4  	     350.9  	     352.3  	     350.7  	     351.5  	     351.7  	     
352.3  	     352.4  	     351.4  	     350.7  	     352.2  	     350.6  	     351.5  	     351.7  	     
352.2  	     352.4  	     351.4  	     350.7  	     352.4  	     350.8  	     351.5  	     351.7  	     
352.5  	     352.4  	     351.4  	     350.8  	     352.2  	     350.8  	     351.5  	     351.3  	     
352.3  	     352.4  	     351.4  	     350.7  	     352.3  	     350.7  	     351.5  	     351.3  	     
352.2  	     352.3  	     351.5  	     350.8  	     352.3  	     350.7  	     351.5  	     351.2  	     
352.4  	     352.4  	     351.5  	     350.7  	     352.4  	     350.8  	     351.4  	     351.2  	     
352.5  	     352.5  	     351.5  	     350.8  	     352.3  	     350.7  	     351.4  	     351.2  	     
352.5  	     352.3  	     351.5  	     350.8  	     352.4  	     350.8  	     351.3  	     351.5  	     
352.5  	     352.4  	     351.5  	     350.8  	     352.4  	     350.8  	     351.4  	     351.3  	     
352.5  	     352.4  	     351.6  	     350.6  	     352.4  	     350.8  	     351.4  	     351.3  	     
352.5  	     352.5  	     351.5  	     350.9  	     352.3  	     350.8  	     351.4  	     351.8  	     
352.4  	     352.4  	     351.5  	     350.9  	     352.3  	     350.8  	     351.5  	     351.3  	     
352.4  	     352.5  	     351.5  	     350.7  	     352.4  	     350.8  	     351.4  	     351.6  	     
352.5  	     352.5  	     351.5  	     350.9  	     352.3  	     350.8  	     351.5  	     351.6  	     
352.4  	     352.4  	     351.5  	     350.9  	     352.3  	     350.8  	     351.5  	     351.7  	     
352.5  	     352.1  	     351.4  	     350.8  	     352.3  	     350.8  	     351.5  	     351.2  	     
352.5  	     352.3  	     351.5  	     350.8  	     352.4  	     350.8  	     351.5  	     351.5  	     
352.5  	     352.5  	     351.5  	     350.9  	     352.2  	     350.7  	     351.4  	     351.6  	     
352.5  	     352.4  	     351.5  	     350.9  	     352.2  	     350.8  	     351.4  	     351.3  	     
352.4  	     352.4  	     351.5  	     350.9  	     352.3  	     350.8  	     351.4  	     351.3  	     
352.5  	     352.5  	     351.5  	     350.9  	     352.2  	     350.7  	     351.3  	     351.5  	     
352.5  	     352.5  	     351.5  	     350.6  	     352.2  	     350.6  	     351.5  	     351.3  	     
352.3  	     352.4  	     351.4  	     350.7  	     352.3  	     350.8  	     351.4  	     351.5  	     
352.3  	     352.4  	     351.4  	     350.8  	     352.2  	     350.7  	     351.4  	     351.1  	     
352.3  	     352.2  	     351.4  	     350.8  	     352.3  	     350.7  	     351.3  	     351.2  	     
352.4  	     352.4  	     351.4  	     350.8  	     352.3  	     350.7  	     351.3  	     351.2  	     
352.3  	     352.2  	     351.4  	     350.8  	     352.3  	     350.8  	     351.3  	     351.6  	     
352.4  	     352.3  	     351.4  	     350.8  	     352.4  	     350.7  	     351.4  	     351.6  	     
352.4  	     352.3  	     351.4  	     350.8  	     352.2  	     350.6  	     351.3  	     351.6  	     
352.4  	     352.5  	     351.4  	     350.6  	     352.2  	     350.6  	     351.4  	     351.1  	     
352.4  	     352.4  	     351.5  	     350.7  	     352.2  	     350.6  	     351.4  	     351.2  	     
352.4  	     352.2  	     351.4  	     350.8  	     352.2  	     350.7  	     351.4  	     351.3  	     
352.3  	     352.3  	     351.5  	     350.8  	     352.2  	     350.7  	     351.3  	     351.6  	     
352.3  	     352.3  	     351.4  	     350.7  	     352.0  	     350.6  	     351.3  	     351.3  	     
352.3  	     352.2  	     351.3  	     350.8  	     352.2  	     350.6  	     351.3  	     351.2  	     
352.3  	     352.3  	     351.4  	     350.7  	     352.2  	     350.7  	     351.4  	     351.2  	     
352.4  	     352.3  	     351.4  	     350.7  	     352.1  	     350.6  	     351.4  	     351.3  	     
352.2  	     352.0  	     351.4  	     350.7  	     352.1  	     350.5  	     351.4  	     351.2  	     
340.8  	     351.7  	     350.9  	     350.1  	     351.8  	     350.1  	     351.2  	     351.2  	     
351.4  	     351.3  	     350.7  	     350.3  	     351.7  	     350.0  	     351.1  	     351.2  	     
349.4  	     349.7  	     349.9  	     349.6  	     351.0  	     349.2  	     350.5  	     350.5  	     
348.9  	     348.1  	     348.9  	     348.7  	     350.0  	     348.3  	     350.1  	     349.9  	     
347.3  	     346.3  	     348.0  	     347.7  	     349.0  	     347.2  	     349.4  	     349.0  	     
343.1  	     344.0  	     346.8  	     346.6  	     347.9  	     345.8  	     348.6  	     348.4  	     
343.4  	     342.0  	     345.5  	     345.4  	     346.8  	     344.7  	     347.8  	     347.5  	     
341.2  	     339.8  	     344.1  	     344.3  	     345.5  	     343.3  	     346.7  	     346.0  	     
339.0  	     337.5  	     342.8  	     343.2  	     344.0  	     341.9  	     345.6  	     345.1  	     
335.9  	     334.7  	     341.4  	     341.6  	     342.5  	     340.1  	     344.6  	     343.4  	     
332.7  	     331.7  	     339.5  	     340.0  	     340.6  	     338.1  	     343.0  	     342.2  	     
330.2  	     328.3  	     337.5  	     338.3  	     338.6  	     336.1  	     341.5  	     340.4  	     
329.1  	     327.5  	     337.0  	     337.5  	     338.2  	     335.5  	     340.9  	     339.9  	     
327.5  	     325.1  	     335.6  	     336.1  	     336.7  	     333.8  	     339.9  	     338.9  	     
324.1  	     321.4  	     333.1  	     334.0  	     334.6  	     331.8  	     338.2  	     337.0  	     
320.6  	     317.5  	     331.1  	     331.7  	     332.2  	     329.4  	     335.9  	     334.7  	     
314.7  	     314.2  	     328.5  	     329.4  	     329.7  	     326.7  	     334.0  	     332.8  	     
312.6  	     310.2  	     326.3  	     327.4  	     327.3  	     324.2  	     331.8  	     330.0  	     
307.4  	     305.9  	     323.5  	     324.5  	     324.4  	     321.2  	     329.4  	     327.8  	     
305.2  	     301.8  	     320.7  	     321.8  	     321.8  	     318.5  	     326.8  	     325.3  	     
297.8  	     297.9  	     317.6  	     318.9  	     318.8  	     315.4  	     324.2  	     322.3  	     
293.6  	     293.4  	     315.0  	     316.3  	     315.9  	     312.4  	     321.2  	     319.6  	     
292.7  	     289.1  	     311.8  	     313.1  	     312.9  	     309.4  	     318.6  	     316.9  	     
285.4  	     284.6  	     308.9  	     310.3  	     309.7  	     306.0  	     315.8  	     313.8  	     
283.8  	     280.2  	     304.8  	     306.6  	     306.5  	     302.9  	     312.7  	     310.7  	     
276.4  	     275.7  	     301.5  	     303.0  	     303.3  	     299.6  	     309.3  	     307.4  	     
274.2  	     271.2  	     298.1  	     299.8  	     299.9  	     296.1  	     306.1  	     303.9  	     
270.6  	     266.7  	     294.9  	     296.5  	     296.7  	     292.9  	     303.0  	     300.9  	     
266.2  	     262.5  	     291.6  	     293.0  	     293.3  	     289.4  	     299.6  	     297.5  	     
258.6  	     258.1  	     287.8  	     289.2  	     289.7  	     285.9  	     296.2  	     294.2  	     
257.7  	     254.0  	     284.1  	     286.0  	     286.8  	     282.9  	     292.8  	     291.2  	     
253.6  	     249.9  	     280.8  	     282.6  	     283.6  	     279.6  	     289.4  	     287.5  	     
248.4  	     245.8  	     277.5  	     279.4  	     279.9  	     275.9  	     285.8  	     284.3  	     
245.6  	     242.0  	     274.3  	     275.8  	     276.5  	     272.7  	     282.7  	     280.6  	     
241.7  	     238.2  	     270.7  	     272.4  	     273.0  	     269.3  	     278.8  	     277.2  	     
237.7  	     234.4  	     267.5  	     269.1  	     269.5  	     265.7  	     275.5  	     273.7  	     
234.1  	     230.7  	     264.6  	     265.9  	     266.0  	     262.2  	     272.1  	     269.9  	     
230.4  	     227.1  	     260.7  	     262.2  	     262.9  	     259.0  	     268.5  	     266.8  	     
226.9  	     223.6  	     257.5  	     258.9  	     259.7  	     255.8  	     265.2  	     263.5  	     
223.3  	     220.1  	     254.3  	     255.7  	     256.4  	     252.6  	     261.9  	     260.2  	     
219.8  	     216.7  	     250.7  	     252.6  	     252.9  	     249.1  	     258.7  	     256.8  	     
216.5  	     213.5  	     247.4  	     248.9  	     249.8  	     246.1  	     255.1  	     253.8  	     
213.0  	     210.2  	     244.9  	     245.8  	     246.7  	     243.1  	     251.8  	     250.1  	     
209.7  	     206.9  	     241.5  	     242.7  	     243.1  	     239.7  	     248.4  	     247.2  	     
206.8  	     204.1  	     238.6  	     239.8  	     240.1  	     236.7  	     245.1  	     243.7  	     
203.7  	     201.0  	     235.5  	     236.4  	     237.3  	     234.0  	     241.8  	     240.7  	     
200.8  	     198.3  	     232.4  	     233.6  	     234.1  	     230.9  	     238.9  	     237.3  	     
198.0  	     195.5  	     229.8  	     231.0  	     230.7  	     227.8  	     235.5  	     234.2  	     
195.2  	     192.8  	     226.4  	     227.7  	     227.9  	     224.8  	     232.7  	     231.4  	     
192.5  	     190.1  	     223.9  	     225.1  	     225.1  	     222.1  	     229.6  	     227.9  	     
189.8  	     187.6  	     220.8  	     222.2  	     222.3  	     219.5  	     226.5  	     225.4  	     
187.2  	     185.0  	     218.5  	     219.3  	     219.4  	     216.4  	     223.5  	     222.6  	     
184.8  	     182.6  	     215.6  	     216.4  	     216.7  	     214.1  	     220.8  	     219.7  	     
182.3  	     180.2  	     212.9  	     214.2  	     213.9  	     211.2  	     217.9  	     216.9  	     
179.9  	     178.0  	     210.5  	     211.5  	     211.3  	     208.6  	     215.2  	     214.1  	     
177.7  	     175.9  	     207.6  	     208.5  	     208.3  	     205.8  	     212.5  	     211.7  	     
175.4  	     173.5  	     205.4  	     206.2  	     205.9  	     203.7  	     209.7  	     208.8  	     
173.3  	     171.4  	     202.5  	     203.6  	     203.2  	     200.9  	     207.1  	     206.0  	     
171.2  	     169.6  	     200.6  	     201.4  	     200.6  	     198.4  	     204.5  	     203.4  	     
169.2  	     167.5  	     198.0  	     199.1  	     198.2  	     196.1  	     202.0  	     200.9  	     
167.1  	     165.5  	     195.5  	     196.4  	     195.7  	     193.9  	     199.3  	     198.7  	     
165.2  	     163.5  	     193.5  	     194.4  	     193.3  	     191.4  	     196.9  	     196.0  	     
163.4  	     161.9  	     191.3  	     192.0  	     190.9  	     189.0  	     194.6  	     193.7  	     
161.7  	     159.9  	     189.2  	     189.9  	     188.7  	     186.8  	     192.2  	     191.4  	     
160.0  	     158.4  	     187.1  	     187.9  	     186.3  	     184.7  	     190.1  	     189.4  	     
158.2  	     156.6  	     184.9  	     185.6  	     184.0  	     182.5  	     187.8  	     187.1  	     
156.5  	     155.1  	     182.9  	     183.6  	     182.0  	     180.4  	     185.5  	     185.1  	     
154.9  	     153.6  	     181.0  	     181.6  	     179.6  	     178.2  	     183.6  	     182.7  	     
153.4  	     152.0  	     178.8  	     179.4  	     177.6  	     176.1  	     181.3  	     180.5  	     
151.8  	     151.1  	     176.9  	     177.7  	     175.7  	     174.3  	     179.3  	     178.8  	     
151.4  	     150.0  	     176.2  	     177.1  	     174.9  	     173.5  	     178.5  	     178.0  	     
150.5  	     149.3  	     175.0  	     175.8  	     173.5  	     172.3  	     177.3  	     176.7  	     
149.1  	     147.8  	     173.1  	     173.8  	     171.6  	     170.3  	     175.5  	     174.8  	     
147.6  	     146.2  	     171.3  	     171.8  	     169.9  	     168.7  	     173.5  	     173.0  	     
146.3  	     145.0  	     169.6  	     170.2  	     168.2  	     167.0  	     171.8  	     171.1  	     
145.0  	     143.8  	     167.7  	     168.6  	     166.2  	     165.0  	     169.8  	     169.5  	     
143.6  	     142.5  	     166.1  	     166.7  	     164.4  	     163.3  	     167.9  	     167.4  	     
142.3  	     141.2  	     164.8  	     165.4  	     162.8  	     161.9  	     166.4  	     166.0  	     
141.1  	     140.2  	     163.0  	     163.5  	     161.2  	     160.1  	     164.6  	     164.2  	     
139.9  	     139.0  	     161.5  	     162.0  	     159.4  	     158.5  	     163.0  	     162.6  	     
138.9  	     137.8  	     160.0  	     160.3  	     157.9  	     157.1  	     161.4  	     160.8  	     
137.7  	     136.8  	     158.6  	     159.0  	     156.4  	     155.4  	     159.8  	     159.3  	     
136.6  	     135.7  	     157.3  	     157.7  	     154.9  	     153.9  	     158.3  	     157.6  	     
135.6  	     134.7  	     155.8  	     156.2  	     153.6  	     152.6  	     156.5  	     156.3  	     
134.7  	     133.8  	     154.3  	     154.8  	     151.9  	     151.1  	     155.2  	     155.0  	     
133.6  	     132.7  	     153.0  	     153.4  	     150.6  	     149.7  	     153.7  	     153.4  	     
132.7  	     131.7  	     152.0  	     152.3  	     149.2  	     148.5  	     152.4  	     152.0  	     
131.8  	     130.9  	     150.4  	     150.9  	     147.9  	     147.2  	     151.0  	     150.8  	     
130.9  	     130.3  	     149.3  	     149.7  	     146.7  	     145.9  	     149.5  	     149.5  	     
130.4  	     129.9  	     148.5  	     148.9  	     145.9  	     145.1  	     148.8  	     148.9  	     
130.2  	     129.4  	     147.9  	     148.3  	     145.3  	     144.6  	     148.3  	     148.3  	     
128.8  	     128.2  	     146.6  	     147.0  	     143.7  	     143.1  	     146.9  	     146.5  	     
127.6  	     126.7  	     145.3  	     145.7  	     142.2  	     141.5  	     145.5  	     145.2  	     
126.3  	     125.2  	     143.7  	     144.1  	     140.9  	     140.3  	     144.3  	     144.0  	     
124.9  	     123.9  	     142.3  	     142.9  	     139.7  	     138.8  	     143.1  	     142.9  	     
123.8  	     122.5  	     141.4  	     141.7  	     138.4  	     137.5  	     141.7  	     141.5  	     
122.5  	     121.5  	     140.1  	     140.7  	     137.3  	     136.7  	     140.8  	     140.5  	     
121.4  	     120.3  	     139.2  	     139.6  	     136.3  	     135.5  	     139.7  	     139.2  	     
120.2  	     119.2  	     138.5  	     138.8  	     135.4  	     134.5  	     138.7  	     138.5  	     
119.1  	     118.0  	     137.2  	     137.6  	     134.7  	     133.8  	     137.8  	     137.6  	     
118.0  	     117.2  	     136.6  	     136.9  	     133.7  	     132.8  	     136.8  	     136.6  	     
117.3  	     116.4  	     136.0  	     136.1  	     132.9  	     132.2  	     136.0  	     135.7  	     
116.4  	     115.8  	     135.4  	     135.4  	     132.5  	     131.6  	     135.2  	     134.9  	     
115.9  	     115.1  	     134.8  	     135.0  	     131.9  	     131.2  	     134.3  	     134.2  	     
115.6  	     114.9  	     134.4  	     134.6  	     131.7  	     131.0  	     134.2  	     134.2  	     