
G49-PTC3  	G49-PTC5  	G49-PTC6  	G49-PTC8  	G49-PTC11  	G49-PTC32  	G49-PTC34  	G49-PTC36  	
Deg.F  	     Deg.F  	     Deg.F  	     Deg.F  	     Deg.F  	     Deg.F  	     Deg.F  	     Deg.F  	     
70.1  	     70.1  	     70.0  	     70.9  	     69.2  	     70.4  	     68.9  	     67.2  	     
70.1  	     70.1  	     70.0  	     70.9  	     69.2  	     70.4  	     68.9  	     67.2  	     
70.1  	     70.1  	     70.0  	     70.9  	     69.2  	     70.4  	     68.9  	     67.2  	     
70.7  	     70.5  	     70.4  	     71.2  	     69.5  	     70.7  	     69.0  	     67.4  	     
71.1  	     71.0  	     70.6  	     71.5  	     69.6  	     71.1  	     69.2  	     67.5  	     
71.3  	     71.1  	     70.7  	     71.8  	     69.8  	     71.3  	     69.4  	     67.8  	     
71.4  	     71.2  	     70.9  	     72.1  	     70.0  	     71.7  	     69.6  	     68.1  	     
71.7  	     71.2  	     71.0  	     72.4  	     70.1  	     71.9  	     69.7  	     68.3  	     
71.8  	     71.5  	     71.2  	     72.6  	     70.1  	     72.2  	     69.8  	     68.3  	     
71.8  	     71.7  	     71.4  	     72.8  	     70.3  	     72.4  	     70.1  	     68.6  	     
72.1  	     71.8  	     71.5  	     73.1  	     70.4  	     72.7  	     70.3  	     68.7  	     
72.5  	     72.1  	     71.7  	     73.3  	     70.4  	     72.8  	     70.4  	     68.8  	     
72.6  	     72.0  	     71.9  	     73.6  	     70.6  	     73.1  	     70.4  	     69.0  	     
72.8  	     72.4  	     72.0  	     73.8  	     70.7  	     73.2  	     70.6  	     69.2  	     
73.0  	     72.6  	     72.3  	     74.1  	     70.7  	     73.5  	     70.7  	     69.3  	     
73.2  	     72.8  	     72.4  	     74.2  	     70.9  	     73.6  	     70.9  	     69.4  	     
73.5  	     73.0  	     72.7  	     74.4  	     70.9  	     73.9  	     70.9  	     69.5  	     
73.7  	     73.2  	     72.8  	     74.5  	     71.0  	     73.9  	     71.2  	     69.7  	     
73.7  	     73.2  	     72.8  	     74.5  	     71.0  	     73.9  	     71.2  	     69.7  	     
73.8  	     73.3  	     73.0  	     74.7  	     71.1  	     74.3  	     71.3  	     70.0  	     
74.0  	     73.5  	     73.2  	     74.9  	     71.2  	     74.4  	     71.5  	     70.1  	     
74.2  	     73.6  	     73.4  	     75.1  	     71.4  	     74.5  	     71.6  	     70.3  	     
74.4  	     73.9  	     73.4  	     75.3  	     71.4  	     74.8  	     71.8  	     70.3  	     
74.7  	     74.0  	     73.6  	     75.5  	     71.6  	     75.0  	     72.1  	     70.6  	     
74.5  	     73.9  	     73.6  	     75.5  	     71.6  	     75.1  	     72.0  	     70.6  	     
74.9  	     74.2  	     73.9  	     75.6  	     71.8  	     75.3  	     72.1  	     70.8  	     
75.6  	     74.6  	     74.2  	     76.1  	     72.1  	     75.7  	     72.5  	     71.1  	     
76.4  	     75.4  	     74.9  	     76.7  	     72.7  	     76.1  	     72.8  	     71.4  	     
78.1  	     76.9  	     76.1  	     78.2  	     73.4  	     77.4  	     73.1  	     72.1  	     
80.5  	     79.0  	     77.8  	     80.3  	     74.5  	     79.3  	     73.7  	     72.7  	     
83.1  	     81.7  	     79.9  	     83.3  	     76.1  	     82.0  	     74.9  	     74.2  	     
85.3  	     84.7  	     82.4  	     87.0  	     77.8  	     85.4  	     76.4  	     76.0  	     
88.5  	     87.3  	     85.2  	     90.8  	     79.8  	     89.0  	     78.3  	     78.0  	     
92.1  	     90.3  	     87.8  	     94.8  	     81.7  	     93.0  	     80.5  	     80.4  	     
95.7  	     92.7  	     89.9  	     99.1  	     83.9  	     97.2  	     82.8  	     82.9  	     
99.7  	     95.8  	     92.9  	     103.8  	     86.3  	     101.6  	     85.6  	     85.8  	     
104.0  	     99.0  	     95.8  	     108.8  	     88.8  	     106.2  	     88.4  	     88.8  	     
108.6  	     102.4  	     99.1  	     113.7  	     91.3  	     110.9  	     91.3  	     92.1  	     
113.1  	     106.2  	     102.5  	     118.7  	     94.0  	     115.7  	     94.4  	     95.5  	     
114.3  	     106.4  	     103.1  	     120.0  	     94.5  	     117.1  	     95.1  	     96.4  	     
117.7  	     109.7  	     106.0  	     124.1  	     96.8  	     120.8  	     97.3  	     98.7  	     
122.4  	     113.3  	     109.6  	     129.1  	     99.6  	     125.6  	     100.6  	     102.4  	     
127.2  	     116.4  	     113.3  	     134.2  	     102.1  	     130.5  	     104.0  	     106.0  	     
131.9  	     121.1  	     117.0  	     139.5  	     105.0  	     136.0  	     107.7  	     110.1  	     
137.0  	     124.9  	     120.8  	     144.8  	     108.2  	     141.0  	     111.4  	     114.0  	     
142.0  	     129.0  	     125.2  	     150.0  	     111.1  	     146.6  	     115.3  	     118.0  	     
146.9  	     133.1  	     128.8  	     155.3  	     114.0  	     152.0  	     119.4  	     122.5  	     
152.2  	     137.7  	     133.2  	     160.6  	     117.4  	     156.9  	     123.6  	     126.7  	     
157.0  	     142.0  	     137.4  	     166.0  	     120.9  	     162.3  	     127.4  	     131.0  	     
160.5  	     145.3  	     140.3  	     169.8  	     123.3  	     166.1  	     130.4  	     134.2  	     
161.9  	     146.3  	     141.5  	     171.4  	     124.1  	     167.6  	     131.5  	     135.3  	     
166.4  	     150.3  	     145.5  	     176.5  	     127.0  	     173.0  	     135.7  	     139.6  	     
170.9  	     154.5  	     149.4  	     181.3  	     130.3  	     177.6  	     140.0  	     143.6  	     
175.0  	     158.0  	     153.3  	     185.4  	     132.8  	     181.8  	     143.6  	     147.8  	     
178.8  	     161.5  	     156.9  	     189.2  	     135.5  	     185.6  	     147.6  	     151.6  	     
182.3  	     164.9  	     160.3  	     193.0  	     137.8  	     188.9  	     151.2  	     155.2  	     
186.2  	     168.3  	     164.0  	     196.3  	     140.5  	     192.5  	     154.6  	     158.7  	     
189.3  	     171.0  	     167.3  	     199.4  	     143.1  	     195.5  	     157.9  	     161.8  	     
192.8  	     174.2  	     170.3  	     202.5  	     145.6  	     198.7  	     161.2  	     165.4  	     
196.0  	     177.3  	     173.7  	     205.4  	     148.2  	     201.2  	     164.3  	     168.4  	     
199.2  	     180.1  	     176.5  	     208.0  	     150.4  	     204.2  	     167.2  	     171.2  	     
202.2  	     183.1  	     179.9  	     210.5  	     152.7  	     206.6  	     170.4  	     174.2  	     
205.0  	     186.0  	     182.7  	     212.6  	     155.1  	     208.6  	     172.9  	     176.9  	     
207.7  	     188.6  	     185.6  	     214.7  	     157.1  	     211.0  	     175.8  	     179.6  	     
210.5  	     191.4  	     188.4  	     216.8  	     159.5  	     212.9  	     178.2  	     182.1  	     
212.7  	     193.7  	     190.8  	     218.7  	     161.7  	     214.6  	     180.8  	     184.5  	     
212.7  	     193.7  	     190.8  	     218.7  	     161.7  	     214.6  	     180.8  	     184.5  	     
215.4  	     196.6  	     193.9  	     220.6  	     163.7  	     216.7  	     183.5  	     187.3  	     
217.6  	     199.2  	     196.2  	     222.1  	     166.0  	     218.4  	     185.7  	     189.6  	     
217.6  	     199.2  	     196.2  	     222.1  	     166.0  	     218.4  	     185.7  	     189.6  	     
219.8  	     201.7  	     198.9  	     224.0  	     168.5  	     219.9  	     187.8  	     191.6  	     
223.0  	     205.2  	     202.4  	     226.5  	     171.3  	     222.4  	     190.1  	     194.0  	     
226.6  	     209.5  	     206.1  	     229.8  	     174.4  	     225.7  	     193.0  	     196.6  	     
230.6  	     214.0  	     210.6  	     233.9  	     178.3  	     229.9  	     196.4  	     200.1  	     
235.2  	     218.7  	     215.1  	     238.4  	     181.5  	     234.6  	     199.7  	     203.9  	     
240.1  	     223.1  	     219.5  	     243.1  	     185.3  	     239.7  	     203.7  	     208.2  	     
245.5  	     228.1  	     224.8  	     248.0  	     189.6  	     244.8  	     207.8  	     212.9  	     
251.0  	     233.1  	     229.6  	     253.6  	     193.8  	     250.1  	     212.3  	     217.7  	     
256.9  	     238.1  	     235.6  	     259.4  	     198.1  	     256.0  	     217.3  	     222.5  	     
262.9  	     243.0  	     241.2  	     265.5  	     203.2  	     261.7  	     222.7  	     228.0  	     
268.7  	     249.1  	     247.2  	     271.3  	     207.3  	     267.7  	     228.0  	     234.2  	     
275.1  	     255.1  	     253.3  	     277.8  	     212.7  	     274.0  	     233.5  	     240.1  	     
281.7  	     261.7  	     260.1  	     284.3  	     218.6  	     280.6  	     239.4  	     246.1  	     
288.3  	     267.8  	     266.3  	     290.6  	     224.0  	     286.7  	     245.3  	     251.6  	     
295.3  	     274.3  	     272.9  	     297.1  	     229.8  	     293.2  	     252.0  	     257.7  	     
301.7  	     280.5  	     279.1  	     304.1  	     235.3  	     299.8  	     258.4  	     264.0  	     
308.3  	     286.7  	     285.4  	     310.3  	     240.6  	     306.0  	     264.5  	     269.7  	     
314.6  	     292.5  	     291.2  	     316.8  	     246.6  	     312.7  	     270.9  	     275.7  	     
321.1  	     299.2  	     297.7  	     323.0  	     251.5  	     318.8  	     276.6  	     281.6  	     
326.8  	     304.9  	     303.1  	     328.7  	     257.5  	     324.6  	     282.0  	     287.4  	     
330.8  	     308.9  	     307.2  	     332.9  	     261.9  	     329.0  	     287.3  	     292.8  	     
334.6  	     312.6  	     311.0  	     335.9  	     266.2  	     331.6  	     291.4  	     296.6  	     
337.7  	     316.5  	     314.7  	     338.6  	     270.4  	     334.2  	     295.4  	     300.5  	     
339.4  	     318.5  	     316.7  	     339.8  	     272.8  	     335.5  	     297.5  	     302.4  	     
340.7  	     319.9  	     318.0  	     340.8  	     274.2  	     336.3  	     299.5  	     304.0  	     
343.3  	     323.0  	     321.0  	     342.6  	     277.7  	     338.5  	     302.6  	     307.3  	     
345.4  	     325.7  	     323.5  	     344.3  	     281.2  	     340.0  	     305.8  	     310.2  	     
346.7  	     327.9  	     325.7  	     344.8  	     284.2  	     341.0  	     308.2  	     312.6  	     
348.2  	     330.0  	     327.7  	     345.5  	     287.3  	     341.9  	     310.5  	     314.5  	     
349.4  	     331.9  	     329.7  	     346.1  	     289.9  	     342.8  	     313.1  	     316.5  	     
350.3  	     333.7  	     331.5  	     346.9  	     292.4  	     343.5  	     315.1  	     318.6  	     
351.2  	     335.4  	     333.1  	     347.2  	     295.0  	     344.0  	     317.0  	     320.5  	     
351.7  	     336.9  	     334.4  	     347.6  	     297.4  	     344.6  	     318.8  	     322.0  	     
352.1  	     338.1  	     335.5  	     347.8  	     299.6  	     344.9  	     320.2  	     323.3  	     
352.5  	     339.3  	     337.0  	     347.9  	     301.7  	     345.3  	     321.5  	     324.6  	     
352.9  	     340.4  	     338.1  	     347.9  	     304.0  	     346.0  	     322.8  	     325.7  	     
353.1  	     341.4  	     338.9  	     348.1  	     306.0  	     346.0  	     324.1  	     326.8  	     
353.3  	     342.2  	     339.9  	     348.1  	     307.9  	     346.4  	     325.3  	     327.7  	     
353.4  	     342.8  	     340.6  	     348.2  	     309.8  	     346.7  	     326.5  	     328.9  	     
353.5  	     343.8  	     341.4  	     348.3  	     311.4  	     347.2  	     327.5  	     329.9  	     
353.6  	     344.6  	     342.2  	     348.3  	     313.1  	     347.5  	     328.5  	     330.6  	     
353.6  	     345.2  	     342.8  	     348.4  	     314.9  	     347.6  	     329.2  	     331.4  	     
353.6  	     345.8  	     343.2  	     348.5  	     316.6  	     348.0  	     330.2  	     332.3  	     
353.6  	     346.4  	     343.8  	     348.5  	     317.9  	     347.7  	     330.6  	     332.6  	     
353.6  	     346.5  	     344.4  	     348.5  	     319.2  	     348.1  	     331.3  	     333.1  	     
353.6  	     347.2  	     344.8  	     348.5  	     320.7  	     348.4  	     332.2  	     333.9  	     
353.7  	     347.7  	     345.2  	     348.6  	     321.8  	     348.6  	     332.7  	     334.6  	     
353.6  	     348.1  	     345.7  	     348.8  	     323.0  	     348.6  	     333.4  	     334.9  	     
353.7  	     348.7  	     346.0  	     348.8  	     324.5  	     348.8  	     334.0  	     335.7  	     
353.6  	     349.0  	     346.4  	     349.0  	     325.6  	     349.3  	     334.8  	     336.2  	     
353.6  	     349.2  	     346.7  	     349.0  	     326.7  	     349.5  	     335.3  	     336.7  	     
353.6  	     349.5  	     346.9  	     349.0  	     327.9  	     349.5  	     335.8  	     337.3  	     
353.6  	     349.7  	     347.2  	     349.1  	     329.0  	     349.6  	     336.4  	     337.8  	     
353.4  	     349.7  	     347.4  	     349.1  	     329.7  	     349.8  	     337.1  	     338.1  	     
353.5  	     350.2  	     347.5  	     349.1  	     330.7  	     349.9  	     337.6  	     338.8  	     
353.3  	     350.3  	     347.9  	     349.2  	     331.5  	     350.1  	     338.2  	     339.1  	     
353.4  	     350.3  	     348.0  	     349.3  	     332.6  	     350.2  	     338.6  	     339.6  	     
353.5  	     350.8  	     348.2  	     349.4  	     333.4  	     350.3  	     338.9  	     339.9  	     
353.4  	     350.9  	     348.3  	     349.4  	     334.3  	     350.6  	     339.6  	     340.3  	     
353.3  	     350.7  	     348.6  	     349.5  	     335.1  	     350.2  	     339.7  	     340.5  	     
353.4  	     351.1  	     348.6  	     349.6  	     335.8  	     350.5  	     340.1  	     340.8  	     
353.3  	     351.2  	     348.8  	     349.6  	     336.6  	     350.7  	     340.4  	     341.2  	     
353.3  	     351.3  	     348.9  	     349.7  	     337.3  	     350.5  	     340.9  	     341.4  	     
353.2  	     351.4  	     348.9  	     349.8  	     337.9  	     350.5  	     341.2  	     341.9  	     
353.2  	     351.5  	     349.1  	     349.8  	     338.6  	     350.4  	     341.6  	     342.1  	     
353.2  	     351.6  	     349.2  	     349.8  	     339.2  	     350.6  	     341.6  	     342.4  	     
353.2  	     351.7  	     349.3  	     349.9  	     339.7  	     350.6  	     341.9  	     342.6  	     
353.2  	     351.6  	     349.3  	     350.0  	     340.4  	     350.6  	     342.2  	     342.8  	     
353.2  	     351.8  	     349.4  	     350.0  	     340.9  	     350.8  	     342.6  	     343.0  	     
353.2  	     351.8  	     349.4  	     349.9  	     341.2  	     350.8  	     342.6  	     343.5  	     
353.2  	     351.8  	     349.6  	     350.0  	     341.8  	     351.0  	     343.1  	     343.6  	     
353.1  	     352.0  	     349.5  	     350.1  	     342.3  	     351.0  	     343.4  	     343.9  	     
353.2  	     351.9  	     349.6  	     350.0  	     342.9  	     351.0  	     343.5  	     344.0  	     
353.1  	     352.0  	     349.6  	     350.2  	     343.3  	     350.8  	     343.8  	     344.4  	     
353.2  	     352.2  	     349.8  	     350.2  	     343.8  	     350.9  	     343.9  	     344.4  	     
353.2  	     352.1  	     349.8  	     350.2  	     344.0  	     351.1  	     344.0  	     344.6  	     
353.2  	     352.1  	     349.8  	     350.2  	     344.1  	     351.3  	     344.1  	     344.7  	     
353.2  	     352.2  	     349.6  	     350.2  	     344.4  	     351.2  	     344.4  	     344.9  	     
353.2  	     352.3  	     349.8  	     350.2  	     344.8  	     351.2  	     344.5  	     345.1  	     
353.2  	     352.2  	     349.9  	     350.2  	     345.2  	     351.0  	     344.7  	     345.0  	     
353.1  	     352.2  	     349.9  	     350.2  	     345.6  	     350.9  	     344.9  	     345.2  	     
353.0  	     352.2  	     349.8  	     350.2  	     345.9  	     351.0  	     344.8  	     345.2  	     
353.0  	     352.2  	     349.9  	     350.3  	     346.2  	     350.9  	     345.0  	     345.4  	     
353.0  	     352.3  	     349.9  	     350.2  	     346.6  	     351.0  	     345.2  	     345.6  	     
353.0  	     352.1  	     349.9  	     350.2  	     346.9  	     351.2  	     345.5  	     345.7  	     
353.0  	     352.3  	     350.1  	     350.3  	     347.2  	     351.0  	     345.6  	     345.7  	     
353.0  	     352.3  	     350.0  	     350.3  	     347.3  	     350.9  	     345.6  	     346.1  	     
353.0  	     352.2  	     349.9  	     350.2  	     347.6  	     351.2  	     345.9  	     345.9  	     
353.0  	     352.3  	     349.8  	     350.3  	     348.0  	     351.0  	     346.0  	     346.1  	     
353.0  	     352.3  	     350.0  	     350.2  	     348.2  	     351.1  	     346.0  	     346.3  	     
353.0  	     352.3  	     349.9  	     350.3  	     348.5  	     351.0  	     346.2  	     346.5  	     
352.9  	     352.3  	     349.9  	     350.3  	     348.6  	     351.1  	     346.3  	     346.6  	     
352.8  	     352.3  	     349.9  	     350.3  	     348.9  	     350.9  	     346.2  	     346.5  	     
352.9  	     352.3  	     350.0  	     350.3  	     349.1  	     350.8  	     346.2  	     346.5  	     
352.9  	     352.3  	     349.9  	     350.4  	     349.3  	     350.8  	     346.3  	     346.6  	     
352.9  	     352.0  	     349.9  	     350.4  	     349.5  	     351.1  	     346.3  	     346.7  	     
352.7  	     352.2  	     349.9  	     350.3  	     349.6  	     350.9  	     346.4  	     346.8  	     
352.8  	     352.2  	     350.0  	     350.3  	     349.8  	     350.8  	     346.7  	     346.8  	     
352.8  	     352.1  	     349.9  	     350.3  	     350.0  	     351.2  	     346.6  	     347.0  	     
352.7  	     352.3  	     349.7  	     350.4  	     350.1  	     351.2  	     346.6  	     346.8  	     
352.8  	     352.3  	     350.0  	     350.4  	     350.2  	     351.0  	     346.7  	     347.1  	     
352.9  	     352.3  	     350.0  	     350.4  	     350.5  	     350.9  	     346.9  	     347.1  	     
352.8  	     352.4  	     350.1  	     350.5  	     350.6  	     351.2  	     347.0  	     347.3  	     
352.8  	     352.3  	     350.0  	     350.5  	     350.6  	     351.2  	     346.9  	     347.4  	     
352.8  	     352.1  	     350.1  	     350.4  	     350.8  	     351.0  	     347.1  	     347.2  	     
352.9  	     352.3  	     349.9  	     350.4  	     351.0  	     351.0  	     347.0  	     347.4  	     
352.8  	     352.3  	     350.0  	     350.4  	     351.0  	     351.1  	     347.2  	     347.5  	     
352.8  	     352.3  	     349.9  	     350.3  	     351.1  	     350.8  	     347.0  	     347.2  	     
352.7  	     352.3  	     350.0  	     350.4  	     351.2  	     350.9  	     347.0  	     347.3  	     
352.8  	     352.1  	     349.9  	     350.3  	     351.3  	     351.0  	     347.2  	     347.5  	     
352.7  	     352.3  	     349.8  	     350.5  	     351.5  	     351.0  	     347.2  	     347.3  	     
352.7  	     352.3  	     349.9  	     350.4  	     351.6  	     350.9  	     347.2  	     347.5  	     
352.6  	     352.1  	     349.9  	     350.5  	     351.6  	     351.0  	     347.3  	     347.6  	     
352.7  	     352.1  	     349.9  	     350.3  	     351.8  	     351.0  	     347.6  	     347.8  	     
352.6  	     352.1  	     349.9  	     350.4  	     351.8  	     351.0  	     347.5  	     347.8  	     
352.7  	     352.1  	     349.7  	     350.3  	     351.9  	     350.9  	     347.4  	     347.9  	     
352.6  	     352.1  	     349.9  	     350.3  	     352.0  	     351.1  	     347.5  	     347.8  	     
352.6  	     352.1  	     349.9  	     350.4  	     352.1  	     351.1  	     347.4  	     347.8  	     
352.6  	     352.1  	     349.9  	     350.4  	     352.2  	     351.0  	     347.6  	     348.0  	     
352.7  	     352.2  	     349.9  	     350.5  	     352.2  	     351.2  	     347.6  	     347.8  	     
352.7  	     352.1  	     349.9  	     350.4  	     352.3  	     351.1  	     347.6  	     348.0  	     
352.6  	     352.1  	     349.9  	     350.5  	     352.2  	     351.0  	     347.5  	     348.0  	     
352.7  	     352.2  	     349.9  	     350.6  	     352.4  	     350.8  	     347.7  	     347.8  	     
352.7  	     352.1  	     349.9  	     350.5  	     352.5  	     351.0  	     347.7  	     347.8  	     
352.7  	     352.1  	     349.9  	     350.5  	     352.5  	     350.9  	     347.7  	     348.0  	     
352.6  	     352.2  	     349.9  	     350.5  	     352.5  	     350.9  	     347.7  	     348.0  	     
352.7  	     352.1  	     349.9  	     350.5  	     352.7  	     350.9  	     347.5  	     347.9  	     
352.6  	     352.1  	     349.9  	     350.5  	     352.7  	     351.1  	     347.7  	     348.0  	     
352.6  	     352.0  	     349.9  	     350.4  	     352.7  	     350.9  	     347.7  	     348.0  	     
352.4  	     352.0  	     349.7  	     350.3  	     352.7  	     350.7  	     347.8  	     348.0  	     
352.2  	     351.8  	     349.6  	     350.2  	     352.7  	     350.7  	     347.5  	     347.8  	     
352.2  	     351.8  	     349.6  	     350.0  	     352.7  	     350.6  	     347.7  	     347.8  	     
352.4  	     352.0  	     349.6  	     350.2  	     352.7  	     350.8  	     347.6  	     347.8  	     
352.4  	     352.0  	     349.7  	     350.2  	     352.8  	     350.7  	     347.7  	     348.0  	     
352.5  	     352.0  	     349.7  	     350.3  	     352.8  	     350.8  	     347.7  	     347.9  	     
352.5  	     352.0  	     349.8  	     350.2  	     352.8  	     350.8  	     347.8  	     348.0  	     
352.5  	     351.8  	     349.7  	     350.3  	     352.9  	     350.9  	     347.9  	     348.0  	     
352.4  	     352.0  	     349.8  	     350.2  	     352.9  	     350.9  	     347.8  	     348.0  	     
352.4  	     352.0  	     349.8  	     350.4  	     353.1  	     350.7  	     348.0  	     348.1  	     
352.4  	     352.0  	     349.8  	     350.4  	     353.2  	     350.8  	     347.9  	     348.1  	     
352.4  	     351.9  	     349.7  	     350.3  	     353.1  	     350.9  	     347.8  	     348.1  	     
352.4  	     352.0  	     349.7  	     350.3  	     353.2  	     350.8  	     347.9  	     348.0  	     
352.3  	     351.9  	     349.7  	     350.3  	     353.1  	     350.8  	     347.9  	     348.1  	     
352.4  	     351.9  	     349.8  	     350.2  	     353.0  	     350.6  	     347.8  	     348.0  	     
352.4  	     351.8  	     349.8  	     350.2  	     353.0  	     350.7  	     347.8  	     348.0  	     
352.4  	     351.8  	     349.6  	     350.1  	     353.1  	     350.5  	     347.7  	     347.9  	     
352.3  	     351.9  	     349.7  	     350.2  	     353.1  	     350.5  	     347.6  	     347.9  	     
352.4  	     351.8  	     349.7  	     350.2  	     353.1  	     350.4  	     347.6  	     347.8  	     
352.2  	     351.8  	     349.6  	     350.1  	     353.1  	     350.6  	     347.7  	     347.9  	     
352.2  	     351.7  	     349.6  	     350.1  	     353.0  	     350.5  	     348.0  	     348.2  	     
352.2  	     351.7  	     349.6  	     350.0  	     352.9  	     350.8  	     348.0  	     348.1  	     
352.1  	     351.7  	     349.6  	     350.1  	     353.0  	     350.7  	     348.0  	     348.1  	     
352.0  	     351.6  	     349.5  	     350.0  	     353.1  	     350.5  	     348.0  	     348.1  	     
352.0  	     351.6  	     349.2  	     350.0  	     353.1  	     350.5  	     348.0  	     348.0  	     
352.1  	     351.7  	     349.5  	     350.1  	     353.1  	     350.7  	     348.1  	     348.3  	     
352.1  	     351.6  	     349.4  	     350.0  	     353.0  	     350.8  	     348.1  	     348.2  	     
352.0  	     351.5  	     349.2  	     350.0  	     353.0  	     350.7  	     348.0  	     348.1  	     
351.8  	     351.4  	     349.2  	     349.7  	     352.9  	     350.4  	     347.9  	     348.0  	     
351.7  	     351.3  	     349.2  	     349.7  	     352.9  	     350.5  	     347.9  	     347.8  	     
351.8  	     351.4  	     349.3  	     349.7  	     353.0  	     350.6  	     347.7  	     348.1  	     
352.0  	     351.4  	     349.4  	     349.8  	     353.0  	     350.3  	     347.9  	     347.9  	     
351.8  	     351.4  	     349.2  	     349.7  	     353.1  	     350.2  	     347.7  	     347.9  	     
351.9  	     351.4  	     349.2  	     349.7  	     353.0  	     350.3  	     347.7  	     347.7  	     
351.8  	     351.3  	     349.2  	     349.8  	     353.0  	     350.2  	     347.9  	     347.8  	     
351.8  	     351.4  	     349.0  	     349.8  	     353.0  	     350.2  	     347.7  	     347.8  	     
351.9  	     351.5  	     349.3  	     349.8  	     353.0  	     350.5  	     347.9  	     347.9  	     
351.8  	     351.4  	     349.3  	     349.8  	     353.0  	     350.4  	     347.9  	     347.9  	     
351.8  	     351.4  	     349.3  	     349.9  	     353.0  	     350.6  	     347.8  	     347.9  	     
351.8  	     351.4  	     349.3  	     349.8  	     353.0  	     350.5  	     347.8  	     347.8  	     
351.9  	     351.3  	     349.4  	     349.8  	     353.0  	     350.5  	     347.8  	     347.8  	     
351.9  	     351.4  	     349.2  	     349.9  	     353.1  	     350.1  	     347.8  	     348.0  	     
351.9  	     351.4  	     349.2  	     349.8  	     353.0  	     350.3  	     347.8  	     347.8  	     
351.8  	     351.4  	     349.3  	     349.9  	     353.0  	     350.2  	     347.8  	     348.0  	     
351.8  	     351.4  	     349.2  	     349.8  	     353.1  	     350.4  	     347.8  	     347.8  	     
351.8  	     351.3  	     349.2  	     349.8  	     352.9  	     350.3  	     347.5  	     347.8  	     
351.9  	     351.5  	     349.2  	     349.8  	     353.0  	     350.3  	     347.7  	     347.9  	     
352.0  	     351.4  	     349.2  	     349.9  	     353.0  	     350.4  	     347.8  	     347.8  	     
351.8  	     351.4  	     349.3  	     349.8  	     353.0  	     350.4  	     347.6  	     347.7  	     
351.9  	     351.5  	     349.3  	     349.8  	     353.0  	     350.4  	     347.6  	     347.8  	     
351.9  	     351.4  	     349.1  	     349.9  	     353.0  	     350.3  	     347.7  	     347.7  	     
351.9  	     351.4  	     349.3  	     349.9  	     353.1  	     350.2  	     347.8  	     347.7  	     
351.7  	     351.3  	     349.1  	     349.8  	     353.0  	     350.3  	     347.5  	     347.6  	     
351.7  	     351.2  	     349.0  	     349.6  	     352.9  	     349.8  	     347.4  	     347.6  	     
351.7  	     351.3  	     349.1  	     349.6  	     352.9  	     349.8  	     347.5  	     347.6  	     
351.7  	     351.3  	     349.1  	     349.6  	     353.0  	     349.9  	     347.7  	     347.5  	     
351.8  	     351.3  	     349.2  	     349.6  	     353.0  	     350.2  	     347.5  	     347.6  	     
351.8  	     351.2  	     349.2  	     349.6  	     352.9  	     350.3  	     347.8  	     347.7  	     
351.8  	     351.4  	     349.2  	     349.7  	     352.9  	     350.3  	     347.7  	     347.8  	     
351.8  	     351.3  	     349.2  	     349.7  	     352.9  	     350.6  	     347.9  	     347.9  	     
351.8  	     351.3  	     349.2  	     349.8  	     352.9  	     350.1  	     347.7  	     347.8  	     
351.9  	     351.4  	     348.9  	     349.7  	     352.9  	     350.4  	     347.6  	     347.8  	     
351.7  	     351.3  	     349.1  	     349.8  	     352.9  	     350.5  	     347.7  	     348.0  	     
351.7  	     351.2  	     349.1  	     349.8  	     353.1  	     350.5  	     347.7  	     347.7  	     
351.8  	     351.3  	     349.1  	     349.8  	     352.9  	     350.6  	     347.8  	     347.9  	     
351.7  	     351.3  	     349.1  	     349.9  	     352.9  	     350.2  	     347.9  	     347.7  	     
351.8  	     351.3  	     349.1  	     349.8  	     353.0  	     350.4  	     347.7  	     347.8  	     
351.8  	     351.3  	     349.2  	     349.8  	     353.0  	     350.5  	     347.8  	     347.8  	     
351.8  	     351.1  	     349.1  	     349.8  	     353.0  	     350.1  	     347.9  	     347.8  	     
351.8  	     351.3  	     349.2  	     349.9  	     352.9  	     350.1  	     347.6  	     347.8  	     
351.7  	     351.2  	     349.0  	     349.8  	     353.0  	     350.3  	     347.9  	     347.8  	     
350.8  	     350.4  	     348.2  	     349.1  	     352.5  	     349.3  	     347.3  	     347.3  	     
349.3  	     348.9  	     346.6  	     347.4  	     351.8  	     347.7  	     346.5  	     346.6  	     
347.4  	     347.3  	     345.0  	     345.4  	     350.8  	     345.6  	     345.6  	     345.5  	     
345.3  	     345.7  	     343.3  	     343.1  	     349.8  	     343.5  	     344.2  	     344.2  	     
343.2  	     344.1  	     341.7  	     341.1  	     348.7  	     341.2  	     342.9  	     342.8  	     
342.9  	     343.9  	     341.6  	     340.8  	     348.5  	     341.0  	     342.7  	     342.6  	     
340.7  	     342.3  	     339.9  	     338.4  	     347.4  	     338.7  	     341.2  	     340.8  	     
337.8  	     339.7  	     337.5  	     335.6  	     345.8  	     336.0  	     339.6  	     339.0  	     
334.7  	     337.5  	     334.9  	     332.3  	     344.4  	     332.5  	     337.5  	     337.0  	     
331.0  	     334.7  	     332.4  	     328.7  	     342.4  	     329.1  	     335.3  	     334.6  	     
328.5  	     332.5  	     330.1  	     325.9  	     341.0  	     326.3  	     333.6  	     332.4  	     
327.5  	     331.8  	     329.4  	     325.0  	     340.2  	     325.6  	     333.1  	     331.9  	     
323.8  	     328.7  	     326.3  	     321.0  	     338.2  	     321.8  	     330.4  	     329.5  	     
319.4  	     325.2  	     323.0  	     317.1  	     335.9  	     317.8  	     327.6  	     326.4  	     
315.0  	     321.9  	     319.6  	     312.8  	     333.5  	     313.4  	     324.5  	     323.1  	     
310.4  	     318.3  	     315.9  	     308.4  	     330.8  	     309.4  	     321.7  	     319.7  	     
305.8  	     314.9  	     312.6  	     303.8  	     328.0  	     304.9  	     318.2  	     316.1  	     
301.2  	     311.0  	     308.8  	     299.3  	     325.0  	     300.4  	     314.8  	     312.6  	     
295.6  	     306.9  	     304.6  	     294.7  	     322.3  	     295.7  	     311.2  	     308.8  	     
290.7  	     302.8  	     300.5  	     289.7  	     319.0  	     291.0  	     307.6  	     305.0  	     
285.5  	     298.7  	     296.6  	     284.8  	     315.7  	     286.3  	     303.7  	     301.0  	     
280.2  	     294.4  	     292.3  	     280.1  	     312.6  	     281.1  	     299.9  	     297.1  	     
275.1  	     290.2  	     288.1  	     275.1  	     309.0  	     276.7  	     295.9  	     292.9  	     
269.7  	     286.0  	     284.0  	     270.4  	     305.4  	     271.9  	     291.9  	     288.6  	     
264.6  	     281.5  	     279.9  	     265.5  	     302.3  	     267.3  	     287.7  	     284.5  	     
259.0  	     277.4  	     275.3  	     261.1  	     298.6  	     262.7  	     283.7  	     280.2  	     
253.9  	     272.9  	     271.1  	     256.1  	     294.9  	     257.2  	     279.4  	     275.6  	     
248.9  	     269.0  	     267.0  	     251.4  	     291.7  	     252.9  	     275.2  	     271.5  	     
243.9  	     264.7  	     263.0  	     246.8  	     287.6  	     248.6  	     271.2  	     267.3  	     
239.4  	     261.1  	     259.4  	     242.4  	     284.3  	     244.0  	     267.1  	     263.1  	     
234.8  	     256.8  	     255.0  	     237.9  	     280.8  	     240.0  	     263.4  	     259.4  	     
230.3  	     252.8  	     251.1  	     233.7  	     277.3  	     235.1  	     259.4  	     255.3  	     
226.1  	     248.9  	     247.1  	     229.5  	     273.7  	     232.0  	     255.6  	     251.5  	     
221.7  	     245.1  	     243.5  	     225.7  	     270.2  	     228.3  	     251.7  	     247.6  	     
217.8  	     241.3  	     239.8  	     221.9  	     266.7  	     224.1  	     248.1  	     244.1  	     
214.0  	     237.2  	     235.7  	     218.3  	     263.3  	     220.6  	     244.5  	     240.3  	     
210.3  	     233.7  	     231.8  	     214.6  	     260.0  	     217.2  	     240.9  	     236.6  	     
206.3  	     230.2  	     228.9  	     211.3  	     256.6  	     213.3  	     237.3  	     233.4  	     
202.9  	     226.5  	     225.3  	     207.8  	     253.2  	     210.4  	     234.0  	     229.6  	     
199.5  	     223.3  	     222.1  	     204.7  	     249.8  	     207.2  	     230.7  	     226.5  	     
196.2  	     220.1  	     218.9  	     201.6  	     246.8  	     204.0  	     227.4  	     223.4  	     
193.1  	     216.7  	     215.7  	     198.5  	     243.4  	     201.2  	     224.1  	     219.9  	     
190.3  	     213.7  	     212.4  	     195.8  	     240.3  	     198.6  	     221.4  	     217.0  	     
187.5  	     210.8  	     209.3  	     193.0  	     237.2  	     195.8  	     218.2  	     214.0  	     
184.5  	     207.4  	     206.2  	     190.3  	     234.4  	     192.8  	     215.1  	     210.9  	     
181.9  	     204.5  	     203.5  	     187.5  	     230.8  	     189.9  	     212.2  	     207.8  	     
179.4  	     201.7  	     200.7  	     185.1  	     227.8  	     187.5  	     209.7  	     205.0  	     
176.8  	     198.9  	     197.6  	     182.5  	     225.2  	     184.9  	     206.7  	     202.2  	     
174.5  	     196.0  	     195.1  	     180.1  	     222.8  	     182.6  	     203.7  	     199.6  	     
172.2  	     193.5  	     192.5  	     177.9  	     219.7  	     180.1  	     201.5  	     197.0  	     
170.0  	     190.9  	     189.9  	     175.5  	     216.8  	     177.7  	     198.7  	     194.1  	     
168.0  	     188.3  	     187.5  	     173.3  	     214.3  	     175.3  	     196.1  	     191.7  	     
165.8  	     185.6  	     184.9  	     171.2  	     211.4  	     173.3  	     193.7  	     189.2  	     
163.9  	     183.3  	     182.5  	     169.1  	     208.8  	     171.5  	     191.0  	     186.8  	     
161.9  	     181.0  	     180.2  	     167.0  	     206.2  	     169.1  	     188.6  	     184.4  	     
160.0  	     178.8  	     178.0  	     165.2  	     203.5  	     166.7  	     186.4  	     182.1  	     
158.2  	     176.6  	     175.8  	     163.3  	     201.2  	     165.4  	     184.3  	     179.8  	     
156.5  	     174.3  	     173.7  	     161.7  	     198.8  	     163.6  	     182.3  	     177.8  	     
154.8  	     172.2  	     171.6  	     159.9  	     196.5  	     161.7  	     179.8  	     175.6  	     
153.2  	     170.2  	     169.4  	     158.2  	     193.9  	     159.8  	     178.1  	     173.5  	     
151.7  	     168.3  	     167.7  	     156.5  	     192.1  	     158.5  	     175.8  	     171.6  	     
150.3  	     166.2  	     165.7  	     155.0  	     189.8  	     156.5  	     174.0  	     169.8  	     
150.0  	     165.9  	     165.4  	     154.8  	     189.6  	     156.7  	     173.8  	     169.4  	     
148.8  	     164.4  	     163.8  	     153.4  	     187.5  	     154.9  	     172.1  	     167.9  	     
147.3  	     162.6  	     162.0  	     151.8  	     185.3  	     153.7  	     170.1  	     166.0  	     
145.9  	     160.8  	     160.3  	     150.4  	     183.4  	     152.3  	     168.3  	     164.4  	     
144.6  	     159.1  	     158.6  	     149.0  	     181.3  	     150.6  	     166.6  	     162.6  	     
143.4  	     157.5  	     157.0  	     147.7  	     179.2  	     149.3  	     164.8  	     160.9  	     
142.1  	     155.7  	     155.4  	     146.3  	     177.5  	     147.6  	     162.9  	     159.0  	     
140.9  	     154.3  	     154.0  	     145.0  	     175.4  	     146.3  	     161.4  	     157.5  	     
139.8  	     152.8  	     152.1  	     143.7  	     173.4  	     145.1  	     159.9  	     156.0  	     
138.7  	     151.4  	     151.0  	     142.4  	     171.7  	     144.1  	     158.3  	     154.3  	     
137.7  	     149.9  	     149.5  	     141.3  	     170.0  	     142.7  	     156.7  	     152.8  	     
136.4  	     148.4  	     148.1  	     140.3  	     168.1  	     141.4  	     155.2  	     151.6  	     
135.3  	     147.1  	     146.8  	     139.1  	     166.5  	     140.2  	     153.8  	     150.0  	     
134.4  	     145.8  	     145.4  	     138.0  	     164.8  	     139.1  	     152.4  	     148.8  	     
133.5  	     144.5  	     144.2  	     137.0  	     163.1  	     138.0  	     150.8  	     147.4  	     
132.5  	     143.3  	     143.0  	     135.9  	     161.5  	     137.0  	     149.7  	     146.0  	     
131.7  	     142.2  	     141.7  	     135.0  	     160.1  	     135.8  	     148.5  	     144.9  	     
130.8  	     141.0  	     140.6  	     134.0  	     158.6  	     135.1  	     147.3  	     143.7  	     
130.0  	     139.8  	     139.5  	     133.1  	     157.1  	     134.1  	     146.0  	     142.4  	     
129.1  	     138.8  	     138.3  	     132.2  	     155.7  	     133.0  	     144.5  	     141.1  	     
128.3  	     137.6  	     137.4  	     131.3  	     154.1  	     132.1  	     143.6  	     140.1  	     
127.5  	     136.6  	     136.3  	     130.5  	     152.8  	     131.4  	     142.4  	     138.9  	     
126.7  	     135.5  	     135.0  	     129.6  	     151.5  	     131.0  	     141.4  	     137.9  	     
126.1  	     134.4  	     134.2  	     128.8  	     150.0  	     129.6  	     140.4  	     137.2  	     
125.4  	     133.6  	     133.5  	     128.2  	     148.9  	     129.0  	     139.6  	     136.2  	     
125.4  	     133.5  	     133.3  	     128.0  	     148.7  	     128.9  	     139.4  	     136.1  	     
124.2  	     132.1  	     131.9  	     126.9  	     147.4  	     127.4  	     137.9  	     134.9  	     
122.7  	     130.9  	     130.5  	     125.5  	     146.0  	     126.2  	     136.8  	     133.3  	     
121.3  	     129.3  	     128.9  	     124.1  	     144.9  	     124.7  	     135.5  	     131.9  	     
119.9  	     128.1  	     127.9  	     122.8  	     143.7  	     123.6  	     134.2  	     130.7  	     
118.7  	     126.8  	     126.7  	     121.5  	     142.7  	     122.1  	     133.1  	     129.8  	     
117.7  	     125.7  	     125.7  	     120.2  	     141.7  	     121.2  	     132.1  	     128.5  	     
116.5  	     124.8  	     124.8  	     119.0  	     140.6  	     119.5  	     131.0  	     127.6  	     
115.5  	     123.7  	     123.8  	     117.9  	     139.8  	     118.9  	     130.2  	     126.6  	     
114.5  	     122.9  	     122.9  	     117.0  	     139.0  	     118.3  	     129.3  	     125.9  	     
113.7  	     122.0  	     122.2  	     115.8  	     138.3  	     116.8  	     128.5  	     125.0  	     
113.1  	     121.3  	     121.5  	     115.0  	     137.7  	     115.9  	     127.9  	     124.3  	     
112.5  	     120.9  	     121.0  	     114.3  	     137.3  	     115.4  	     127.2  	     123.8  	     
112.0  	     120.3  	     120.5  	     113.7  	     136.8  	     114.8  	     126.8  	     123.4  	     
111.7  	     120.0  	     120.1  	     113.4  	     136.6  	     114.4  	     126.5  	     123.1  	     