
G49-PTC5  	G49-PTC22  	G49-PTC23  	G49-PTC25  	G49-PTC29  	G49-PTC30  	G49-PTC40  	G49-PTC44  	
Deg.F  	     Deg.F  	     Deg.F  	     Deg.F  	     Deg.F  	     Deg.F  	     Deg.F  	     Deg.F  	     
72.2  	     72.7  	     72.0  	     73.0  	     73.0  	     73.2  	     71.8  	     70.6  	     
72.2  	     72.7  	     72.0  	     73.0  	     73.0  	     73.2  	     71.8  	     70.6  	     
72.2  	     72.7  	     72.0  	     73.0  	     73.0  	     73.2  	     71.7  	     70.6  	     
72.3  	     72.8  	     72.1  	     73.0  	     73.1  	     73.2  	     71.9  	     70.7  	     
72.3  	     72.8  	     72.3  	     73.1  	     73.1  	     72.9  	     72.0  	     71.0  	     
72.3  	     72.8  	     72.4  	     73.2  	     73.2  	     73.4  	     72.0  	     71.1  	     
72.3  	     72.8  	     72.5  	     73.3  	     73.3  	     73.3  	     72.1  	     71.2  	     
72.6  	     73.0  	     72.4  	     73.4  	     73.3  	     73.3  	     72.1  	     71.4  	     
72.6  	     73.0  	     72.6  	     73.5  	     73.3  	     73.2  	     72.2  	     71.5  	     
72.8  	     73.0  	     72.7  	     73.5  	     73.2  	     73.1  	     72.2  	     71.6  	     
72.7  	     73.3  	     72.8  	     73.7  	     73.5  	     73.5  	     72.3  	     71.7  	     
73.0  	     73.2  	     72.8  	     73.7  	     73.6  	     73.4  	     72.4  	     72.0  	     
73.2  	     73.3  	     72.8  	     73.8  	     73.6  	     73.5  	     72.5  	     72.0  	     
73.2  	     73.4  	     72.9  	     74.0  	     73.7  	     73.7  	     72.6  	     72.0  	     
73.3  	     73.4  	     73.1  	     74.1  	     73.8  	     73.7  	     72.6  	     72.2  	     
73.6  	     73.6  	     73.2  	     74.3  	     73.9  	     73.8  	     72.7  	     72.3  	     
73.6  	     73.7  	     73.2  	     74.3  	     74.0  	     74.1  	     72.7  	     72.5  	     
73.9  	     73.8  	     73.3  	     74.5  	     74.1  	     73.9  	     72.8  	     72.6  	     
73.8  	     73.6  	     73.3  	     74.5  	     74.2  	     74.2  	     72.8  	     72.5  	     
74.0  	     73.8  	     73.4  	     74.6  	     74.1  	     74.1  	     72.9  	     72.6  	     
74.3  	     73.9  	     73.5  	     74.7  	     74.4  	     74.2  	     73.0  	     72.8  	     
74.3  	     73.9  	     73.6  	     74.8  	     74.3  	     74.1  	     73.1  	     72.9  	     
74.3  	     74.2  	     73.6  	     74.9  	     74.5  	     74.3  	     73.2  	     73.2  	     
74.4  	     74.3  	     73.8  	     75.0  	     74.5  	     74.5  	     73.3  	     73.1  	     
74.6  	     74.3  	     73.7  	     75.1  	     74.6  	     74.4  	     73.3  	     73.1  	     
74.8  	     74.7  	     74.2  	     75.2  	     74.7  	     74.6  	     73.4  	     73.9  	     
75.2  	     75.0  	     74.8  	     75.6  	     75.1  	     74.8  	     73.6  	     74.7  	     
75.9  	     75.5  	     75.3  	     76.5  	     75.3  	     75.1  	     73.9  	     75.7  	     
76.8  	     76.2  	     76.2  	     77.4  	     76.2  	     75.6  	     74.4  	     77.5  	     
78.4  	     77.2  	     77.2  	     79.0  	     77.2  	     76.2  	     75.1  	     80.0  	     
80.2  	     78.3  	     78.1  	     80.9  	     78.6  	     77.1  	     75.9  	     83.1  	     
82.5  	     79.5  	     79.2  	     83.1  	     80.4  	     78.4  	     77.1  	     86.2  	     
85.0  	     81.0  	     80.8  	     85.7  	     82.5  	     79.7  	     78.3  	     89.8  	     
87.6  	     82.5  	     82.2  	     88.5  	     85.0  	     81.3  	     79.6  	     92.7  	     
90.3  	     83.9  	     83.8  	     91.6  	     87.0  	     82.6  	     81.1  	     96.1  	     
93.4  	     85.7  	     85.6  	     94.8  	     89.7  	     84.5  	     82.8  	     99.0  	     
96.1  	     87.4  	     87.5  	     98.3  	     92.1  	     86.4  	     84.8  	     101.9  	     
99.5  	     89.3  	     89.1  	     101.6  	     94.6  	     87.6  	     86.5  	     105.9  	     
102.4  	     91.4  	     91.1  	     105.0  	     97.3  	     88.7  	     88.9  	     109.3  	     
105.9  	     93.3  	     93.3  	     108.7  	     100.1  	     91.8  	     90.9  	     112.9  	     
109.6  	     95.6  	     95.5  	     112.5  	     103.0  	     93.9  	     93.2  	     116.1  	     
111.2  	     96.8  	     96.7  	     114.5  	     104.6  	     95.1  	     94.4  	     117.8  	     
113.1  	     97.7  	     97.6  	     116.5  	     106.2  	     96.3  	     95.6  	     119.8  	     
116.5  	     100.1  	     100.1  	     120.9  	     110.1  	     103.3  	     98.2  	     123.7  	     
120.0  	     102.6  	     102.4  	     125.1  	     112.8  	     101.8  	     100.8  	     127.5  	     
124.2  	     105.2  	     105.0  	     129.3  	     115.9  	     104.1  	     103.6  	     131.4  	     
127.6  	     107.4  	     107.1  	     133.5  	     119.3  	     106.3  	     106.2  	     135.3  	     
131.7  	     110.2  	     109.8  	     137.8  	     122.7  	     113.1  	     109.4  	     139.3  	     
135.7  	     112.7  	     112.4  	     141.9  	     126.2  	     111.9  	     112.2  	     143.9  	     
139.7  	     115.7  	     115.4  	     146.2  	     129.5  	     114.6  	     115.5  	     147.9  	     
143.8  	     118.2  	     117.5  	     150.6  	     133.0  	     117.5  	     118.9  	     152.1  	     
147.6  	     121.3  	     120.7  	     154.7  	     136.8  	     120.7  	     122.1  	     156.3  	     
151.6  	     124.5  	     123.8  	     159.0  	     140.2  	     123.6  	     125.4  	     159.3  	     
155.5  	     126.9  	     126.0  	     162.8  	     144.0  	     126.8  	     128.4  	     163.0  	     
156.6  	     128.1  	     127.1  	     164.2  	     145.1  	     128.1  	     129.7  	     163.9  	     
159.3  	     129.8  	     128.9  	     166.4  	     147.2  	     129.8  	     131.8  	     165.8  	     
163.2  	     132.9  	     131.8  	     170.4  	     150.5  	     133.1  	     135.3  	     169.0  	     
166.8  	     135.0  	     133.9  	     173.9  	     153.6  	     135.8  	     138.5  	     171.6  	     
170.3  	     138.0  	     136.8  	     177.2  	     156.7  	     138.7  	     141.8  	     174.4  	     
173.8  	     140.5  	     139.3  	     180.5  	     159.8  	     141.6  	     145.0  	     176.9  	     
177.1  	     143.2  	     141.7  	     183.6  	     162.6  	     144.3  	     148.1  	     179.9  	     
180.6  	     145.8  	     144.3  	     186.8  	     165.2  	     147.2  	     151.0  	     182.4  	     
183.6  	     148.1  	     146.8  	     189.8  	     167.8  	     150.2  	     154.4  	     185.2  	     
186.5  	     150.2  	     148.8  	     192.3  	     170.7  	     152.8  	     157.1  	     187.0  	     
189.5  	     152.8  	     151.5  	     195.2  	     173.1  	     155.4  	     160.0  	     189.4  	     
192.6  	     155.2  	     153.6  	     197.8  	     175.8  	     158.2  	     162.9  	     191.4  	     
195.1  	     157.3  	     156.0  	     200.1  	     178.2  	     160.7  	     165.9  	     193.2  	     
197.6  	     160.1  	     158.4  	     202.6  	     180.7  	     163.2  	     168.7  	     195.1  	     
200.2  	     162.1  	     160.4  	     204.7  	     183.0  	     165.8  	     171.2  	     197.1  	     
202.8  	     164.2  	     162.6  	     207.0  	     186.6  	     168.2  	     173.7  	     198.5  	     
204.9  	     166.4  	     164.7  	     208.9  	     187.5  	     170.6  	     176.2  	     200.5  	     
207.1  	     168.5  	     166.8  	     210.7  	     189.6  	     172.9  	     179.0  	     202.1  	     
209.3  	     170.6  	     169.0  	     212.6  	     191.6  	     175.2  	     181.4  	     203.6  	     
211.2  	     172.9  	     170.9  	     214.3  	     193.5  	     177.4  	     183.7  	     204.9  	     
213.0  	     174.6  	     172.5  	     216.1  	     195.3  	     179.7  	     186.2  	     206.2  	     
213.6  	     175.3  	     173.3  	     216.7  	     195.8  	     180.4  	     186.8  	     206.9  	     
215.3  	     176.8  	     174.7  	     217.9  	     197.8  	     182.4  	     188.8  	     207.8  	     
216.9  	     179.0  	     176.7  	     219.7  	     199.6  	     184.3  	     191.2  	     209.4  	     
217.2  	     179.5  	     177.3  	     220.0  	     200.0  	     184.9  	     191.8  	     209.5  	     
218.5  	     181.1  	     178.8  	     221.0  	     201.2  	     186.5  	     193.4  	     210.5  	     
220.5  	     183.1  	     180.9  	     222.7  	     203.1  	     188.7  	     195.5  	     212.9  	     
222.9  	     185.9  	     183.5  	     224.9  	     204.9  	     191.1  	     198.1  	     215.0  	     
225.4  	     188.5  	     185.9  	     227.3  	     207.6  	     193.3  	     200.9  	     218.4  	     
228.0  	     191.4  	     188.5  	     230.0  	     210.5  	     196.0  	     203.8  	     222.2  	     
231.3  	     194.3  	     191.3  	     233.2  	     213.9  	     199.0  	     206.8  	     226.3  	     
234.5  	     197.2  	     193.8  	     236.5  	     217.1  	     201.7  	     209.8  	     230.7  	     
237.6  	     200.9  	     197.2  	     240.2  	     221.2  	     204.8  	     213.3  	     235.4  	     
241.4  	     204.4  	     200.6  	     244.0  	     225.1  	     208.4  	     216.8  	     240.6  	     
245.6  	     208.3  	     204.9  	     248.1  	     229.0  	     211.9  	     220.1  	     245.5  	     
249.6  	     212.8  	     209.4  	     252.1  	     233.4  	     215.7  	     224.1  	     250.6  	     
254.1  	     217.2  	     213.5  	     256.4  	     237.9  	     219.5  	     228.3  	     255.4  	     
258.5  	     221.5  	     218.2  	     260.8  	     242.3  	     223.6  	     233.0  	     259.7  	     
262.8  	     226.1  	     223.0  	     265.7  	     247.1  	     228.2  	     237.2  	     265.0  	     
267.0  	     230.1  	     227.4  	     269.8  	     251.9  	     232.0  	     241.9  	     268.7  	     
271.3  	     235.1  	     232.6  	     274.3  	     257.0  	     236.0  	     246.8  	     274.6  	     
276.0  	     239.4  	     236.6  	     279.1  	     261.7  	     240.6  	     251.5  	     278.1  	     
280.1  	     243.7  	     240.7  	     283.7  	     265.5  	     245.0  	     255.8  	     283.3  	     
284.7  	     247.9  	     244.8  	     288.3  	     271.0  	     250.5  	     260.8  	     287.8  	     
289.0  	     251.8  	     249.1  	     292.7  	     275.3  	     254.1  	     265.1  	     292.7  	     
293.5  	     256.5  	     253.6  	     297.5  	     279.9  	     257.8  	     269.9  	     297.2  	     
298.3  	     261.1  	     257.9  	     302.1  	     284.5  	     262.6  	     274.4  	     301.5  	     
302.7  	     265.5  	     262.6  	     306.6  	     289.3  	     266.5  	     278.9  	     306.2  	     
307.0  	     269.0  	     266.2  	     310.9  	     293.9  	     271.5  	     283.6  	     310.5  	     
312.0  	     274.2  	     271.4  	     315.6  	     298.1  	     275.5  	     289.9  	     315.3  	     
316.2  	     278.0  	     275.1  	     319.8  	     302.8  	     280.7  	     294.0  	     319.5  	     
320.7  	     282.5  	     279.8  	     323.7  	     307.1  	     285.2  	     299.3  	     322.9  	     
324.2  	     285.7  	     282.7  	     327.2  	     310.6  	     289.7  	     303.1  	     325.4  	     
327.3  	     289.8  	     286.6  	     330.2  	     313.9  	     293.8  	     305.5  	     326.4  	     
330.0  	     292.5  	     289.6  	     332.8  	     316.8  	     297.6  	     308.9  	     328.1  	     
332.7  	     295.7  	     293.2  	     335.3  	     319.3  	     301.4  	     312.0  	     329.2  	     
332.9  	     296.1  	     293.6  	     335.5  	     319.6  	     301.8  	     312.3  	     329.3  	     
334.7  	     298.4  	     296.1  	     337.3  	     321.6  	     304.7  	     314.6  	     330.3  	     
336.8  	     301.3  	     298.8  	     339.4  	     323.9  	     307.8  	     317.2  	     331.4  	     
338.4  	     304.1  	     301.7  	     341.2  	     326.3  	     312.3  	     319.7  	     332.2  	     
340.2  	     306.6  	     304.3  	     342.8  	     328.2  	     313.8  	     321.9  	     333.1  	     
341.5  	     308.9  	     306.6  	     344.5  	     330.0  	     316.7  	     324.1  	     334.1  	     
342.9  	     310.9  	     308.8  	     345.8  	     331.8  	     320.2  	     325.9  	     335.0  	     
344.0  	     313.0  	     311.0  	     346.9  	     333.4  	     321.7  	     327.9  	     336.0  	     
344.8  	     314.5  	     313.0  	     347.9  	     334.8  	     323.7  	     329.5  	     336.5  	     
345.8  	     316.6  	     315.1  	     348.7  	     336.5  	     325.9  	     331.1  	     336.8  	     
346.5  	     318.2  	     316.5  	     349.5  	     337.3  	     327.9  	     332.6  	     337.0  	     
347.1  	     320.0  	     318.2  	     350.2  	     338.6  	     330.0  	     333.5  	     337.6  	     
347.7  	     321.6  	     320.2  	     350.9  	     339.6  	     331.7  	     334.7  	     337.3  	     
348.2  	     323.2  	     321.6  	     351.5  	     340.7  	     333.4  	     335.8  	     338.4  	     
348.7  	     324.5  	     323.1  	     352.1  	     341.6  	     334.8  	     336.7  	     338.7  	     
349.2  	     325.9  	     324.5  	     352.5  	     342.7  	     336.1  	     337.6  	     339.2  	     
349.6  	     327.3  	     325.9  	     353.0  	     343.6  	     337.4  	     338.2  	     340.4  	     
349.9  	     328.6  	     327.3  	     353.4  	     344.5  	     338.7  	     339.0  	     340.1  	     
350.4  	     330.0  	     328.7  	     353.6  	     345.3  	     339.9  	     339.8  	     340.5  	     
350.5  	     330.9  	     329.6  	     353.8  	     345.9  	     340.8  	     340.4  	     340.7  	     
350.7  	     331.7  	     330.6  	     353.9  	     346.6  	     341.9  	     340.9  	     340.7  	     
350.9  	     332.7  	     331.7  	     354.1  	     347.1  	     342.7  	     341.5  	     341.1  	     
351.1  	     333.7  	     332.7  	     354.4  	     347.7  	     343.6  	     342.0  	     341.3  	     
351.2  	     334.6  	     333.6  	     354.7  	     348.4  	     344.4  	     342.5  	     341.7  	     
351.3  	     335.3  	     334.5  	     354.9  	     348.7  	     345.1  	     343.0  	     342.1  	     
351.4  	     336.3  	     335.4  	     355.0  	     349.4  	     345.9  	     343.5  	     342.3  	     
351.5  	     336.9  	     336.1  	     354.9  	     349.9  	     346.4  	     343.9  	     342.3  	     
351.3  	     337.7  	     337.0  	     355.0  	     350.2  	     347.0  	     344.0  	     342.3  	     
351.4  	     338.4  	     337.5  	     354.8  	     350.3  	     347.4  	     344.3  	     342.5  	     
351.1  	     338.9  	     338.2  	     355.1  	     350.8  	     348.0  	     344.6  	     343.1  	     
351.5  	     339.7  	     338.9  	     355.1  	     351.1  	     347.5  	     344.9  	     343.1  	     
351.6  	     340.3  	     339.6  	     355.2  	     351.6  	     348.9  	     345.1  	     343.4  	     
351.5  	     341.1  	     340.2  	     355.2  	     351.7  	     349.2  	     345.4  	     343.4  	     
351.6  	     341.6  	     340.7  	     355.3  	     352.2  	     349.6  	     345.6  	     343.1  	     
351.7  	     342.1  	     341.2  	     355.5  	     352.6  	     350.0  	     345.8  	     343.9  	     
351.8  	     342.4  	     341.7  	     355.4  	     352.6  	     350.4  	     345.9  	     344.1  	     
351.9  	     342.9  	     342.3  	     355.4  	     352.9  	     350.7  	     346.0  	     344.3  	     
351.9  	     343.3  	     342.7  	     355.4  	     353.0  	     351.0  	     346.3  	     344.5  	     
352.0  	     343.7  	     343.1  	     355.4  	     353.4  	     351.3  	     346.4  	     344.7  	     
351.9  	     344.1  	     343.6  	     355.6  	     353.8  	     351.7  	     346.6  	     344.9  	     
352.0  	     344.4  	     343.9  	     355.5  	     353.7  	     351.8  	     346.8  	     345.1  	     
351.9  	     344.8  	     344.3  	     355.5  	     354.0  	     352.0  	     346.8  	     345.2  	     
352.0  	     345.3  	     344.7  	     355.6  	     354.2  	     352.3  	     347.0  	     345.4  	     
352.1  	     345.5  	     345.1  	     355.5  	     354.1  	     352.2  	     347.3  	     345.4  	     
352.1  	     345.6  	     345.1  	     355.5  	     354.2  	     352.4  	     347.2  	     345.5  	     
352.0  	     345.9  	     345.3  	     355.5  	     354.4  	     352.5  	     347.4  	     345.7  	     
352.2  	     346.2  	     345.7  	     355.6  	     354.4  	     352.7  	     347.6  	     345.9  	     
352.2  	     346.5  	     346.0  	     355.6  	     354.7  	     352.9  	     347.8  	     346.1  	     
352.4  	     346.8  	     346.3  	     355.7  	     354.7  	     353.0  	     347.9  	     346.3  	     
352.3  	     347.1  	     346.7  	     355.8  	     355.0  	     352.4  	     348.0  	     346.5  	     
352.5  	     347.3  	     346.9  	     355.8  	     355.1  	     353.3  	     348.3  	     346.6  	     
352.4  	     347.6  	     347.1  	     356.0  	     355.2  	     353.6  	     348.3  	     346.6  	     
352.6  	     347.7  	     347.4  	     356.0  	     355.3  	     353.7  	     348.4  	     346.9  	     
352.5  	     347.8  	     347.4  	     355.9  	     354.6  	     353.7  	     348.4  	     347.1  	     
352.5  	     347.9  	     347.6  	     355.9  	     355.4  	     353.9  	     348.4  	     346.7  	     
352.6  	     348.2  	     347.7  	     355.9  	     356.4  	     354.1  	     348.5  	     346.8  	     
352.5  	     348.4  	     347.9  	     356.1  	     355.6  	     354.1  	     348.6  	     347.0  	     
352.7  	     348.7  	     348.2  	     356.1  	     355.7  	     354.3  	     348.7  	     347.1  	     
352.6  	     348.8  	     348.4  	     356.1  	     355.8  	     354.3  	     348.8  	     347.1  	     
352.7  	     349.0  	     348.6  	     356.0  	     355.7  	     354.4  	     348.8  	     347.6  	     
352.7  	     349.1  	     348.7  	     356.0  	     355.7  	     354.4  	     348.9  	     347.6  	     
353.0  	     349.4  	     348.9  	     356.1  	     355.8  	     354.4  	     348.8  	     347.5  	     
352.7  	     349.5  	     349.1  	     356.1  	     355.9  	     354.5  	     348.9  	     348.0  	     
352.6  	     349.6  	     349.1  	     356.1  	     356.0  	     354.7  	     349.0  	     347.8  	     
352.7  	     349.7  	     349.2  	     356.1  	     356.0  	     354.7  	     348.7  	     347.6  	     
352.6  	     349.7  	     349.4  	     356.1  	     356.0  	     354.3  	     348.7  	     347.5  	     
352.6  	     349.8  	     349.4  	     356.0  	     355.9  	     354.9  	     348.7  	     347.7  	     
352.7  	     350.0  	     349.7  	     356.2  	     356.3  	     354.9  	     348.8  	     347.5  	     
352.8  	     350.0  	     349.7  	     356.1  	     355.9  	     354.9  	     348.8  	     348.0  	     
352.7  	     350.1  	     349.9  	     356.1  	     355.7  	     354.9  	     348.6  	     347.5  	     
352.7  	     350.2  	     349.9  	     356.1  	     356.1  	     355.1  	     349.1  	     347.9  	     
352.8  	     350.2  	     350.1  	     356.0  	     356.5  	     355.0  	     348.7  	     347.9  	     
352.9  	     350.3  	     350.1  	     356.0  	     356.2  	     355.1  	     349.1  	     347.8  	     
353.0  	     350.3  	     350.1  	     356.1  	     356.1  	     355.1  	     349.1  	     348.1  	     
352.9  	     350.6  	     350.3  	     356.1  	     356.3  	     355.2  	     348.9  	     348.3  	     
353.0  	     350.7  	     350.4  	     356.2  	     356.2  	     355.2  	     349.1  	     348.0  	     
352.9  	     350.6  	     350.5  	     356.0  	     356.2  	     355.2  	     349.1  	     348.2  	     
352.8  	     350.6  	     350.5  	     356.2  	     356.4  	     355.3  	     349.1  	     348.4  	     
352.8  	     350.7  	     350.6  	     356.2  	     356.4  	     355.3  	     349.1  	     348.2  	     
352.8  	     350.7  	     350.6  	     356.0  	     356.2  	     355.3  	     349.0  	     348.3  	     
352.8  	     350.8  	     350.7  	     356.2  	     356.5  	     355.4  	     349.0  	     348.1  	     
352.8  	     351.0  	     350.8  	     356.1  	     356.3  	     355.3  	     349.0  	     348.2  	     
352.7  	     351.1  	     350.9  	     356.1  	     356.3  	     355.3  	     349.1  	     348.6  	     
352.9  	     351.0  	     351.0  	     356.0  	     356.3  	     355.4  	     349.0  	     348.2  	     
352.9  	     351.0  	     350.9  	     356.1  	     356.4  	     355.4  	     349.1  	     348.3  	     
352.8  	     351.0  	     350.9  	     355.9  	     356.2  	     355.4  	     349.2  	     348.5  	     
352.9  	     351.0  	     350.9  	     355.8  	     356.2  	     355.4  	     349.1  	     348.1  	     
352.8  	     351.0  	     350.9  	     355.9  	     356.2  	     355.4  	     349.2  	     348.0  	     
353.0  	     351.1  	     351.0  	     355.9  	     356.2  	     355.4  	     349.0  	     348.2  	     
353.0  	     351.2  	     351.1  	     355.9  	     356.1  	     355.4  	     349.2  	     348.6  	     
353.1  	     351.2  	     351.0  	     355.9  	     356.3  	     355.4  	     349.2  	     348.5  	     
353.0  	     351.2  	     350.9  	     355.9  	     356.3  	     355.4  	     349.2  	     348.6  	     
353.0  	     351.2  	     351.1  	     355.9  	     356.3  	     355.5  	     349.1  	     348.4  	     
352.9  	     351.2  	     351.2  	     355.9  	     356.4  	     355.6  	     349.2  	     348.5  	     
352.8  	     351.2  	     351.1  	     355.9  	     356.3  	     355.4  	     349.2  	     348.7  	     
352.8  	     351.4  	     351.3  	     355.9  	     356.3  	     355.6  	     349.1  	     349.1  	     
352.8  	     351.4  	     351.4  	     356.1  	     356.3  	     355.4  	     349.3  	     348.8  	     
353.0  	     351.5  	     351.4  	     356.0  	     356.4  	     355.7  	     349.3  	     348.7  	     
353.1  	     351.5  	     351.4  	     355.9  	     356.3  	     355.1  	     349.4  	     348.9  	     
353.1  	     351.6  	     351.4  	     356.0  	     356.3  	     355.6  	     349.4  	     348.6  	     
353.1  	     351.6  	     351.4  	     355.9  	     356.4  	     355.5  	     349.2  	     348.3  	     
353.1  	     351.6  	     351.4  	     355.9  	     356.4  	     355.5  	     349.2  	     348.9  	     
353.1  	     351.6  	     351.5  	     355.9  	     356.3  	     355.5  	     349.0  	     348.8  	     
353.1  	     351.6  	     351.5  	     355.8  	     356.3  	     355.5  	     349.1  	     348.9  	     
353.0  	     351.5  	     351.4  	     355.9  	     356.3  	     355.5  	     349.2  	     348.8  	     
353.1  	     351.7  	     351.5  	     356.1  	     356.4  	     355.5  	     349.2  	     348.7  	     
353.2  	     351.6  	     351.5  	     356.0  	     356.3  	     355.5  	     349.2  	     349.2  	     
353.1  	     351.6  	     351.5  	     355.9  	     356.3  	     355.5  	     349.1  	     348.7  	     
353.1  	     351.6  	     351.6  	     356.0  	     356.4  	     355.5  	     349.2  	     348.9  	     
353.2  	     351.6  	     351.5  	     355.8  	     356.2  	     355.5  	     349.2  	     348.9  	     
353.2  	     351.8  	     351.7  	     356.0  	     356.2  	     355.5  	     349.1  	     349.2  	     
353.2  	     351.7  	     351.6  	     355.9  	     356.2  	     355.5  	     349.2  	     348.9  	     
353.0  	     351.5  	     351.4  	     355.9  	     356.2  	     355.5  	     349.3  	     348.7  	     
353.1  	     351.5  	     351.4  	     355.9  	     356.3  	     355.5  	     349.1  	     348.3  	     
353.0  	     351.6  	     351.5  	     355.7  	     356.2  	     355.4  	     349.4  	     348.7  	     
353.1  	     351.7  	     351.5  	     355.9  	     356.2  	     355.4  	     349.2  	     348.9  	     
353.1  	     351.6  	     351.6  	     355.9  	     356.2  	     355.4  	     349.2  	     349.0  	     
353.0  	     351.8  	     351.7  	     356.1  	     356.3  	     355.5  	     349.4  	     349.4  	     
353.2  	     351.9  	     351.8  	     356.0  	     356.3  	     355.6  	     349.3  	     349.1  	     
353.2  	     351.8  	     351.8  	     356.0  	     356.3  	     355.6  	     349.2  	     349.1  	     
353.1  	     351.7  	     351.7  	     355.8  	     356.3  	     355.6  	     349.2  	     348.7  	     
353.1  	     351.7  	     351.6  	     355.8  	     356.2  	     355.5  	     349.2  	     348.9  	     
353.1  	     351.7  	     351.6  	     355.9  	     356.0  	     355.4  	     349.3  	     349.0  	     
353.1  	     351.7  	     351.7  	     355.8  	     356.2  	     355.6  	     349.3  	     348.9  	     
353.1  	     351.8  	     351.7  	     356.0  	     356.3  	     355.5  	     349.2  	     348.9  	     
353.2  	     351.8  	     351.6  	     356.1  	     356.3  	     355.6  	     349.3  	     349.4  	     
353.2  	     351.9  	     351.8  	     355.9  	     356.8  	     355.6  	     349.2  	     349.8  	     
353.3  	     351.9  	     351.8  	     356.1  	     356.4  	     355.6  	     349.0  	     349.0  	     
353.3  	     351.9  	     351.8  	     356.0  	     356.2  	     355.6  	     349.2  	     349.2  	     
353.4  	     351.9  	     351.8  	     356.0  	     356.3  	     355.4  	     349.1  	     349.2  	     
353.5  	     351.9  	     351.8  	     356.0  	     356.3  	     355.6  	     349.2  	     349.0  	     
353.5  	     351.9  	     351.9  	     356.0  	     356.2  	     355.7  	     349.3  	     349.1  	     
353.3  	     351.9  	     351.8  	     355.9  	     356.3  	     355.6  	     349.4  	     348.8  	     
353.3  	     351.8  	     351.8  	     355.9  	     354.4  	     355.4  	     349.1  	     349.0  	     
353.3  	     351.9  	     351.8  	     355.7  	     356.1  	     355.3  	     349.1  	     349.0  	     
353.2  	     352.0  	     351.8  	     355.8  	     356.0  	     355.3  	     349.3  	     349.2  	     
353.2  	     352.0  	     351.8  	     355.9  	     356.1  	     355.3  	     349.2  	     349.3  	     
353.2  	     351.9  	     351.9  	     355.9  	     356.2  	     355.3  	     349.2  	     349.3  	     
353.2  	     351.9  	     351.9  	     355.9  	     356.2  	     354.4  	     349.4  	     349.3  	     
353.3  	     352.0  	     351.8  	     356.0  	     355.9  	     355.4  	     349.1  	     349.5  	     
353.4  	     351.9  	     351.9  	     355.9  	     356.4  	     355.5  	     349.2  	     349.1  	     
353.2  	     351.9  	     351.8  	     355.8  	     356.3  	     355.4  	     349.2  	     349.3  	     
353.1  	     351.9  	     351.7  	     355.9  	     356.1  	     355.4  	     349.2  	     348.9  	     
353.3  	     351.8  	     351.8  	     355.9  	     356.3  	     355.4  	     349.1  	     348.8  	     
353.2  	     352.0  	     351.8  	     356.0  	     356.2  	     355.4  	     349.4  	     349.3  	     
353.2  	     351.9  	     351.8  	     356.0  	     356.3  	     355.4  	     349.6  	     349.2  	     
353.3  	     352.0  	     351.9  	     356.1  	     356.3  	     355.6  	     349.4  	     349.4  	     
353.1  	     351.9  	     351.8  	     355.9  	     356.3  	     355.5  	     349.4  	     349.4  	     
353.1  	     351.7  	     351.8  	     355.9  	     356.2  	     355.3  	     349.3  	     349.0  	     
353.1  	     351.7  	     351.7  	     355.8  	     356.1  	     355.4  	     349.3  	     349.5  	     
353.0  	     351.8  	     351.7  	     355.9  	     356.1  	     355.4  	     349.2  	     349.2  	     
353.1  	     352.0  	     351.8  	     355.9  	     356.1  	     355.4  	     349.3  	     349.2  	     
353.0  	     351.7  	     351.8  	     355.8  	     356.1  	     355.4  	     349.2  	     349.2  	     
353.0  	     351.9  	     351.8  	     356.0  	     356.7  	     355.4  	     349.2  	     348.9  	     
353.0  	     351.8  	     351.8  	     355.9  	     356.1  	     355.4  	     349.3  	     349.1  	     
352.9  	     351.9  	     351.8  	     355.9  	     355.5  	     355.4  	     349.2  	     349.3  	     
353.0  	     351.9  	     351.8  	     355.8  	     356.1  	     355.3  	     349.3  	     349.2  	     
353.1  	     351.7  	     351.6  	     355.8  	     356.1  	     355.4  	     349.3  	     349.0  	     
353.1  	     351.9  	     351.7  	     355.9  	     356.1  	     355.4  	     349.3  	     349.0  	     
353.1  	     351.9  	     351.8  	     355.9  	     356.1  	     355.5  	     349.2  	     349.3  	     
353.0  	     351.9  	     351.8  	     355.9  	     356.2  	     355.3  	     349.2  	     349.4  	     
353.1  	     351.9  	     351.8  	     355.9  	     356.1  	     355.3  	     349.3  	     349.3  	     
353.2  	     351.9  	     351.8  	     355.9  	     356.1  	     355.4  	     349.3  	     349.2  	     
353.0  	     351.9  	     351.8  	     355.8  	     356.2  	     355.4  	     349.3  	     349.2  	     
353.0  	     351.9  	     351.8  	     355.9  	     356.1  	     355.4  	     349.3  	     349.1  	     
353.1  	     351.9  	     351.9  	     355.8  	     356.0  	     355.4  	     349.3  	     349.2  	     
353.2  	     351.9  	     351.9  	     355.9  	     356.1  	     355.4  	     349.4  	     349.1  	     
353.2  	     352.0  	     351.9  	     355.9  	     356.1  	     355.4  	     349.4  	     349.2  	     
353.2  	     351.9  	     351.9  	     355.9  	     356.1  	     355.3  	     349.4  	     349.4  	     
353.0  	     351.7  	     351.7  	     355.7  	     356.0  	     355.4  	     349.3  	     348.9  	     
352.8  	     351.4  	     351.4  	     355.4  	     355.6  	     355.2  	     349.1  	     348.4  	     
352.1  	     351.0  	     351.0  	     354.8  	     355.4  	     355.1  	     348.4  	     347.1  	     
350.0  	     348.3  	     348.5  	     352.2  	     353.7  	     354.4  	     346.5  	     343.1  	     
349.9  	     348.2  	     348.4  	     352.2  	     353.5  	     354.3  	     346.4  	     342.7  	     
347.3  	     345.6  	     346.3  	     349.5  	     350.8  	     353.0  	     343.6  	     337.4  	     
344.7  	     343.6  	     344.4  	     347.1  	     348.7  	     351.5  	     341.3  	     333.3  	     
342.2  	     342.1  	     343.0  	     345.0  	     346.4  	     350.2  	     339.2  	     330.4  	     
339.9  	     340.6  	     341.6  	     342.8  	     344.5  	     348.6  	     337.2  	     327.9  	     
337.4  	     339.2  	     340.3  	     340.8  	     342.6  	     347.3  	     335.2  	     326.1  	     
334.4  	     336.9  	     337.9  	     337.7  	     340.1  	     345.6  	     333.2  	     323.0  	     
330.5  	     333.6  	     334.9  	     333.9  	     336.8  	     343.4  	     329.6  	     317.4  	     
326.5  	     330.6  	     332.0  	     330.3  	     333.4  	     341.0  	     326.7  	     312.4  	     
326.4  	     330.5  	     331.9  	     330.2  	     333.4  	     340.9  	     326.8  	     312.2  	     
322.6  	     327.7  	     329.4  	     326.8  	     329.9  	     338.4  	     322.6  	     308.3  	     
318.4  	     324.7  	     326.6  	     322.6  	     326.1  	     334.4  	     319.6  	     304.0  	     
314.2  	     321.6  	     323.4  	     318.9  	     322.8  	     333.4  	     315.8  	     299.2  	     
310.0  	     318.6  	     320.6  	     315.0  	     319.2  	     330.5  	     311.5  	     295.0  	     
305.3  	     315.3  	     317.3  	     310.3  	     315.3  	     327.4  	     307.6  	     290.3  	     
300.9  	     312.3  	     314.4  	     306.3  	     310.9  	     324.2  	     303.5  	     285.8  	     
295.9  	     308.9  	     311.1  	     301.8  	     307.4  	     321.2  	     299.7  	     281.7  	     
291.5  	     305.5  	     307.8  	     297.6  	     303.0  	     317.8  	     295.4  	     277.2  	     
286.7  	     302.3  	     304.3  	     293.0  	     299.2  	     314.5  	     291.0  	     272.6  	     
282.0  	     298.9  	     301.1  	     288.4  	     294.8  	     310.9  	     287.2  	     268.2  	     
277.3  	     295.3  	     297.2  	     284.0  	     290.6  	     307.7  	     283.0  	     264.0  	     
272.6  	     291.4  	     293.8  	     279.5  	     286.6  	     303.9  	     278.6  	     259.7  	     
268.3  	     287.7  	     290.2  	     275.1  	     282.3  	     300.4  	     274.4  	     255.7  	     
263.9  	     284.5  	     286.8  	     270.5  	     278.5  	     296.7  	     270.4  	     251.4  	     
259.5  	     281.5  	     283.7  	     266.5  	     274.1  	     292.8  	     266.1  	     247.6  	     
255.3  	     277.8  	     279.8  	     262.0  	     270.0  	     289.1  	     262.1  	     243.8  	     
250.9  	     274.1  	     276.4  	     257.7  	     266.3  	     285.3  	     258.3  	     239.9  	     
246.6  	     271.3  	     273.4  	     253.9  	     262.3  	     281.5  	     254.4  	     236.2  	     
242.4  	     268.1  	     270.3  	     249.5  	     258.5  	     277.8  	     250.1  	     233.2  	     
238.4  	     264.4  	     266.6  	     245.7  	     254.8  	     274.0  	     246.4  	     229.5  	     
234.5  	     261.1  	     263.2  	     241.7  	     251.0  	     270.4  	     242.7  	     226.2  	     
230.6  	     258.4  	     260.1  	     238.0  	     248.1  	     266.9  	     238.8  	     222.7  	     
227.2  	     254.8  	     256.7  	     234.1  	     243.5  	     263.0  	     235.3  	     219.1  	     
223.6  	     251.5  	     253.1  	     230.5  	     239.9  	     259.5  	     231.9  	     216.3  	     
220.2  	     248.5  	     250.2  	     226.9  	     236.4  	     255.9  	     228.4  	     213.1  	     
216.7  	     245.2  	     247.0  	     223.4  	     233.1  	     252.3  	     224.7  	     209.9  	     
213.5  	     241.7  	     243.5  	     220.0  	     229.6  	     248.7  	     221.7  	     207.1  	     
210.1  	     238.9  	     240.8  	     216.7  	     226.6  	     245.5  	     218.2  	     204.4  	     
207.1  	     235.9  	     237.5  	     213.4  	     223.4  	     242.1  	     215.0  	     201.7  	     
204.2  	     233.2  	     234.8  	     210.1  	     220.3  	     238.7  	     212.2  	     198.9  	     
201.3  	     230.0  	     231.1  	     207.0  	     217.0  	     235.4  	     209.3  	     196.0  	     
198.3  	     227.1  	     228.7  	     203.9  	     214.1  	     232.2  	     206.3  	     193.4  	     
195.7  	     224.5  	     225.9  	     201.1  	     211.1  	     228.8  	     203.4  	     190.9  	     
192.9  	     221.6  	     222.8  	     198.3  	     207.9  	     225.8  	     200.7  	     188.6  	     
190.4  	     219.0  	     220.3  	     195.5  	     205.3  	     222.7  	     197.8  	     186.4  	     
187.7  	     216.1  	     217.5  	     192.7  	     202.5  	     219.6  	     195.3  	     184.0  	     
185.2  	     213.6  	     214.6  	     190.1  	     199.9  	     216.7  	     192.6  	     181.6  	     
182.8  	     211.0  	     212.1  	     187.8  	     197.1  	     213.5  	     190.2  	     179.5  	     
180.5  	     208.2  	     209.2  	     184.9  	     194.6  	     210.7  	     187.5  	     177.5  	     
178.1  	     206.1  	     207.0  	     182.7  	     192.0  	     208.1  	     185.1  	     175.3  	     
175.6  	     203.3  	     204.3  	     180.3  	     188.9  	     205.3  	     182.7  	     173.5  	     
173.6  	     201.1  	     202.1  	     178.1  	     187.1  	     202.5  	     180.7  	     171.5  	     
171.9  	     198.4  	     199.5  	     175.8  	     184.7  	     200.0  	     178.5  	     169.3  	     
169.6  	     196.0  	     197.0  	     173.6  	     182.6  	     197.0  	     176.2  	     167.0  	     
167.6  	     193.8  	     194.5  	     171.5  	     180.4  	     194.7  	     174.5  	     165.1  	     
166.0  	     191.4  	     192.3  	     169.4  	     178.1  	     192.2  	     172.1  	     164.4  	     
164.0  	     189.3  	     190.1  	     167.5  	     176.0  	     189.8  	     169.8  	     161.6  	     
162.3  	     187.1  	     187.9  	     165.6  	     173.9  	     187.3  	     168.4  	     160.0  	     
160.5  	     184.8  	     185.3  	     163.7  	     171.9  	     185.1  	     166.1  	     158.0  	     
159.0  	     183.0  	     183.5  	     162.0  	     170.1  	     182.8  	     164.6  	     157.3  	     
157.3  	     180.6  	     181.3  	     160.2  	     168.4  	     180.7  	     162.9  	     155.5  	     
156.0  	     178.6  	     179.3  	     158.6  	     166.5  	     178.5  	     161.1  	     153.7  	     
155.4  	     178.0  	     178.6  	     158.0  	     165.8  	     177.9  	     160.6  	     154.1  	     
154.2  	     176.6  	     177.1  	     157.0  	     164.7  	     176.6  	     159.6  	     152.3  	     
152.9  	     174.9  	     175.4  	     155.4  	     163.0  	     174.6  	     157.9  	     151.4  	     
151.4  	     173.0  	     173.5  	     153.9  	     161.4  	     172.5  	     156.4  	     150.2  	     
149.9  	     171.3  	     171.9  	     152.5  	     159.7  	     170.3  	     154.9  	     148.7  	     
148.7  	     169.5  	     169.9  	     151.1  	     158.4  	     168.8  	     153.4  	     147.6  	     
147.3  	     167.6  	     168.2  	     149.6  	     156.8  	     167.0  	     152.1  	     146.4  	     
146.1  	     166.3  	     166.7  	     148.2  	     155.2  	     165.0  	     150.4  	     145.3  	     
144.9  	     164.4  	     164.7  	     147.0  	     153.8  	     163.3  	     149.2  	     144.0  	     
143.7  	     162.8  	     163.3  	     145.8  	     152.0  	     161.6  	     148.0  	     143.0  	     
142.6  	     161.3  	     161.7  	     144.7  	     151.1  	     160.0  	     146.7  	     141.9  	     
141.8  	     159.9  	     160.1  	     143.4  	     149.9  	     158.4  	     145.6  	     140.7  	     
140.8  	     158.6  	     158.9  	     142.5  	     148.5  	     157.0  	     144.6  	     139.8  	     
139.6  	     157.1  	     157.5  	     141.6  	     147.4  	     155.6  	     143.3  	     138.8  	     
138.6  	     155.6  	     155.8  	     140.4  	     146.2  	     154.3  	     142.3  	     137.8  	     
137.8  	     154.3  	     154.6  	     139.3  	     145.1  	     152.8  	     141.2  	     136.9  	     
137.0  	     153.1  	     153.2  	     138.5  	     143.9  	     151.4  	     140.4  	     136.2  	     
136.0  	     151.6  	     152.0  	     137.5  	     142.9  	     150.1  	     139.3  	     135.1  	     
135.3  	     150.7  	     150.6  	     136.6  	     141.9  	     148.9  	     138.3  	     134.5  	     
134.4  	     149.5  	     149.5  	     135.7  	     140.9  	     147.7  	     137.4  	     133.6  	     
133.6  	     148.2  	     148.3  	     134.8  	     140.0  	     146.4  	     136.5  	     132.8  	     
132.8  	     147.1  	     147.2  	     133.9  	     139.1  	     145.4  	     135.6  	     132.0  	     
132.2  	     146.1  	     146.0  	     133.3  	     138.3  	     144.3  	     134.8  	     131.4  	     
131.5  	     144.8  	     144.9  	     132.5  	     137.1  	     143.2  	     134.0  	     130.6  	     
130.7  	     143.7  	     143.9  	     131.8  	     136.3  	     142.2  	     133.3  	     129.9  	     
130.3  	     142.7  	     142.9  	     131.2  	     135.6  	     141.1  	     132.4  	     129.4  	     
130.2  	     142.8  	     142.8  	     131.0  	     135.6  	     141.2  	     132.4  	     129.4  	     
129.2  	     141.3  	     141.3  	     130.1  	     134.6  	     140.0  	     131.4  	     128.1  	     
128.1  	     140.0  	     140.0  	     128.9  	     133.4  	     138.9  	     130.2  	     125.7  	     
126.8  	     138.3  	     138.6  	     127.8  	     132.1  	     137.7  	     128.9  	     124.1  	     
125.6  	     137.3  	     137.4  	     126.6  	     130.8  	     136.5  	     127.7  	     122.6  	     
124.4  	     135.8  	     136.0  	     125.2  	     129.7  	     135.5  	     126.7  	     121.0  	     
123.2  	     135.1  	     135.2  	     124.3  	     128.7  	     134.5  	     125.4  	     119.8  	     
122.2  	     134.0  	     134.0  	     123.3  	     127.8  	     133.6  	     124.5  	     118.9  	     
121.2  	     133.4  	     133.5  	     122.4  	     126.8  	     132.7  	     123.8  	     118.4  	     
120.4  	     132.7  	     132.8  	     121.6  	     126.0  	     131.9  	     123.1  	     117.9  	     
119.8  	     132.2  	     132.2  	     120.9  	     125.3  	     131.2  	     122.4  	     117.7  	     
119.3  	     131.9  	     131.9  	     120.3  	     125.0  	     130.4  	     121.8  	     117.6  	     
119.1  	     131.7  	     131.8  	     120.3  	     124.9  	     130.2  	     121.8  	     117.6  	     