
G49-PTC10  	G49-PTC13  	G49-PTC18  	G49-PTC31  	G49-PTC35  	G49-PTC38  	G49-PTC39  	G49-PTC44  	
Deg.F  	     Deg.F  	     Deg.F  	     Deg.F  	     Deg.F  	     Deg.F  	     Deg.F  	     Deg.F  	     
86.9  	     84.7  	     86.7  	     84.6  	     85.6  	     84.7  	     85.4  	     80.2  	     
86.9  	     84.7  	     86.7  	     84.6  	     85.6  	     84.7  	     85.4  	     80.2  	     
86.9  	     84.7  	     86.7  	     84.6  	     85.6  	     84.7  	     85.4  	     80.2  	     
87.1  	     84.9  	     87.1  	     84.7  	     85.6  	     85.0  	     85.9  	     80.4  	     
87.4  	     85.1  	     87.4  	     84.6  	     85.9  	     85.2  	     86.5  	     80.6  	     
87.6  	     85.2  	     87.7  	     85.4  	     86.1  	     85.4  	     86.7  	     80.9  	     
87.8  	     85.3  	     87.9  	     85.4  	     86.2  	     85.5  	     86.8  	     81.1  	     
88.0  	     85.4  	     88.0  	     85.6  	     86.3  	     85.6  	     86.9  	     81.2  	     
88.1  	     85.6  	     88.1  	     85.8  	     86.6  	     85.8  	     87.0  	     81.4  	     
88.4  	     85.7  	     88.4  	     86.0  	     86.8  	     85.9  	     87.1  	     81.6  	     
88.6  	     85.8  	     88.5  	     86.1  	     86.9  	     86.2  	     87.3  	     81.9  	     
88.7  	     86.0  	     88.7  	     86.4  	     87.2  	     86.3  	     87.5  	     81.9  	     
88.8  	     86.0  	     88.9  	     86.5  	     87.3  	     86.4  	     87.6  	     82.1  	     
89.1  	     86.1  	     88.9  	     86.6  	     87.4  	     86.5  	     87.7  	     82.3  	     
89.2  	     86.4  	     89.2  	     86.8  	     87.7  	     86.7  	     87.7  	     82.5  	     
89.5  	     86.3  	     89.3  	     86.8  	     87.9  	     86.8  	     87.9  	     82.7  	     
89.6  	     86.5  	     89.6  	     87.1  	     88.0  	     86.7  	     87.9  	     82.9  	     
89.8  	     86.6  	     89.7  	     87.1  	     88.1  	     86.9  	     88.0  	     83.1  	     
89.8  	     86.6  	     89.7  	     87.1  	     88.1  	     86.9  	     88.0  	     83.1  	     
89.9  	     86.8  	     89.9  	     87.3  	     88.3  	     87.1  	     88.1  	     83.3  	     
90.1  	     86.9  	     90.0  	     87.2  	     88.4  	     87.1  	     88.2  	     83.4  	     
90.3  	     87.1  	     90.2  	     87.5  	     88.6  	     87.2  	     88.2  	     83.5  	     
90.4  	     87.1  	     90.3  	     87.6  	     88.7  	     87.4  	     88.4  	     83.8  	     
90.5  	     87.2  	     90.4  	     87.7  	     88.8  	     87.4  	     88.5  	     83.8  	     
90.6  	     87.3  	     90.6  	     87.6  	     88.9  	     87.4  	     88.5  	     83.9  	     
90.9  	     87.6  	     90.8  	     88.0  	     88.9  	     87.6  	     89.0  	     83.9  	     
91.3  	     87.9  	     91.3  	     88.2  	     89.2  	     88.1  	     89.7  	     84.5  	     
91.7  	     88.2  	     92.0  	     88.6  	     89.6  	     88.7  	     90.3  	     84.7  	     
92.5  	     88.8  	     92.9  	     91.5  	     89.8  	     89.2  	     91.3  	     85.4  	     
93.5  	     89.5  	     94.4  	     90.4  	     90.3  	     90.3  	     92.7  	     86.2  	     
94.6  	     90.6  	     96.1  	     91.7  	     90.9  	     91.5  	     94.3  	     87.4  	     
96.4  	     91.8  	     98.4  	     93.4  	     91.9  	     93.0  	     96.0  	     88.9  	     
97.9  	     93.2  	     101.0  	     95.1  	     93.2  	     94.9  	     98.2  	     90.6  	     
99.9  	     94.6  	     103.5  	     97.3  	     94.7  	     96.6  	     99.8  	     92.6  	     
102.2  	     96.5  	     106.4  	     99.4  	     96.4  	     98.7  	     102.3  	     94.7  	     
104.7  	     98.2  	     109.1  	     102.0  	     98.2  	     100.7  	     104.8  	     96.7  	     
105.9  	     98.9  	     110.3  	     102.8  	     98.9  	     101.3  	     105.2  	     97.5  	     
107.3  	     99.9  	     112.2  	     104.2  	     100.2  	     102.9  	     106.9  	     99.1  	     
110.2  	     102.1  	     115.3  	     107.7  	     102.4  	     105.1  	     109.5  	     101.5  	     
113.1  	     104.3  	     118.8  	     109.4  	     104.7  	     107.5  	     111.5  	     104.1  	     
116.4  	     106.9  	     122.3  	     112.3  	     107.2  	     110.1  	     114.4  	     106.9  	     
119.5  	     109.3  	     125.9  	     115.1  	     109.6  	     112.8  	     117.2  	     109.8  	     
123.1  	     112.0  	     129.4  	     118.4  	     112.2  	     115.4  	     119.7  	     112.8  	     
126.5  	     114.6  	     133.2  	     121.4  	     114.8  	     118.5  	     122.8  	     116.0  	     
129.9  	     117.3  	     137.0  	     124.4  	     117.6  	     121.7  	     126.2  	     119.5  	     
133.6  	     120.5  	     141.1  	     127.6  	     120.8  	     124.5  	     128.3  	     122.9  	     
137.1  	     123.6  	     145.3  	     130.8  	     123.5  	     127.5  	     131.7  	     126.3  	     
140.7  	     126.5  	     149.3  	     134.0  	     126.5  	     130.9  	     134.9  	     129.7  	     
144.3  	     129.1  	     153.0  	     137.6  	     129.7  	     134.2  	     138.7  	     133.3  	     
148.3  	     132.3  	     156.8  	     140.8  	     133.1  	     137.8  	     142.4  	     136.8  	     
149.8  	     133.7  	     158.5  	     142.1  	     134.8  	     139.3  	     144.0  	     138.6  	     
151.7  	     135.4  	     160.3  	     143.9  	     136.4  	     140.4  	     144.6  	     140.3  	     
155.5  	     138.3  	     163.6  	     147.1  	     139.9  	     143.0  	     147.0  	     143.7  	     
159.3  	     141.2  	     166.8  	     150.0  	     143.4  	     146.1  	     150.2  	     146.9  	     
162.6  	     144.3  	     170.1  	     153.1  	     146.8  	     148.7  	     152.2  	     150.4  	     
166.4  	     147.2  	     173.5  	     155.9  	     150.2  	     150.9  	     154.2  	     153.7  	     
169.7  	     149.9  	     176.2  	     158.6  	     153.2  	     153.6  	     157.1  	     156.8  	     
173.5  	     152.5  	     179.4  	     161.3  	     156.3  	     156.3  	     159.9  	     159.9  	     
177.1  	     155.6  	     182.6  	     164.1  	     159.6  	     159.3  	     162.8  	     162.9  	     
180.3  	     158.4  	     185.4  	     166.9  	     162.7  	     161.7  	     165.0  	     166.1  	     
182.9  	     160.6  	     188.1  	     169.3  	     165.8  	     164.4  	     167.8  	     169.1  	     
185.7  	     163.4  	     190.7  	     172.1  	     168.6  	     166.7  	     169.7  	     171.9  	     
188.6  	     165.8  	     193.4  	     174.7  	     171.8  	     169.2  	     172.3  	     174.6  	     
191.4  	     168.0  	     195.9  	     176.8  	     174.6  	     171.2  	     174.0  	     177.3  	     
194.9  	     170.1  	     198.1  	     179.0  	     177.4  	     173.3  	     175.9  	     179.9  	     
197.3  	     172.4  	     200.3  	     181.2  	     180.0  	     175.6  	     178.1  	     182.5  	     
199.9  	     174.3  	     202.6  	     183.4  	     182.6  	     177.8  	     180.1  	     185.0  	     
202.2  	     176.4  	     204.6  	     185.6  	     185.3  	     179.7  	     181.6  	     187.4  	     
204.8  	     178.5  	     206.8  	     187.6  	     187.6  	     181.8  	     183.4  	     189.5  	     
206.5  	     180.2  	     208.6  	     189.6  	     189.8  	     183.7  	     185.4  	     191.7  	     
208.7  	     182.2  	     210.4  	     191.6  	     192.3  	     185.7  	     187.1  	     193.9  	     
210.6  	     184.1  	     212.3  	     193.4  	     194.2  	     187.4  	     188.8  	     196.0  	     
212.4  	     185.7  	     214.1  	     195.3  	     196.4  	     189.2  	     190.7  	     198.2  	     
214.1  	     187.4  	     215.7  	     197.0  	     198.4  	     191.1  	     192.5  	     200.0  	     
215.7  	     188.8  	     217.2  	     198.8  	     200.3  	     192.7  	     194.0  	     201.8  	     
217.2  	     190.5  	     218.7  	     200.3  	     201.9  	     194.4  	     195.7  	     203.6  	     
218.6  	     192.5  	     220.0  	     201.7  	     203.6  	     196.0  	     197.1  	     205.1  	     
218.6  	     192.2  	     220.2  	     202.0  	     204.0  	     196.2  	     197.4  	     205.3  	     
220.4  	     194.0  	     221.8  	     204.4  	     205.7  	     197.9  	     199.2  	     207.1  	     
221.8  	     195.3  	     223.0  	     205.3  	     207.1  	     199.5  	     200.7  	     208.5  	     
222.0  	     195.4  	     223.2  	     205.1  	     207.4  	     199.7  	     201.1  	     208.6  	     
223.3  	     197.0  	     224.8  	     207.1  	     209.1  	     201.4  	     202.7  	     210.3  	     
225.4  	     199.0  	     226.7  	     208.8  	     210.8  	     203.5  	     204.9  	     212.1  	     
227.7  	     201.1  	     229.1  	     211.2  	     212.6  	     205.6  	     206.9  	     214.2  	     
230.1  	     203.3  	     231.7  	     213.8  	     214.5  	     208.1  	     209.8  	     216.6  	     
233.0  	     205.7  	     234.8  	     216.7  	     216.7  	     210.6  	     212.3  	     219.0  	     
236.8  	     208.4  	     238.4  	     219.9  	     219.2  	     213.2  	     215.4  	     222.0  	     
240.5  	     211.2  	     241.9  	     223.2  	     222.0  	     216.3  	     218.9  	     224.9  	     
244.2  	     214.3  	     245.9  	     227.0  	     225.1  	     219.2  	     221.8  	     228.4  	     
248.3  	     217.7  	     249.7  	     230.5  	     228.6  	     222.1  	     225.3  	     231.9  	     
252.2  	     221.3  	     254.4  	     234.6  	     232.2  	     224.5  	     230.1  	     235.7  	     
256.5  	     225.0  	     258.6  	     238.8  	     236.0  	     228.6  	     232.9  	     243.1  	     
260.9  	     229.1  	     263.0  	     243.4  	     240.0  	     232.6  	     238.0  	     247.8  	     
265.7  	     233.5  	     267.9  	     247.9  	     244.3  	     236.1  	     241.5  	     248.3  	     
269.9  	     237.9  	     272.7  	     252.6  	     248.8  	     239.7  	     245.1  	     246.6  	     
275.1  	     241.9  	     276.9  	     257.0  	     253.3  	     244.0  	     249.8  	     257.7  	     
279.9  	     246.3  	     282.2  	     261.9  	     257.8  	     248.3  	     254.0  	     257.0  	     
285.0  	     251.0  	     287.1  	     266.4  	     262.4  	     252.7  	     258.8  	     266.8  	     
289.5  	     254.8  	     292.0  	     270.8  	     267.1  	     257.2  	     263.4  	     271.4  	     
294.1  	     259.7  	     296.4  	     275.3  	     271.7  	     261.3  	     267.6  	     276.5  	     
299.0  	     263.9  	     301.8  	     280.2  	     276.7  	     265.5  	     271.7  	     281.3  	     
303.9  	     268.4  	     306.7  	     284.6  	     281.6  	     269.8  	     276.1  	     286.1  	     
308.9  	     273.3  	     311.6  	     289.2  	     286.2  	     275.1  	     281.1  	     291.0  	     
313.2  	     277.6  	     315.4  	     293.4  	     290.9  	     279.3  	     285.8  	     295.5  	     
317.3  	     282.4  	     319.1  	     297.6  	     295.2  	     282.6  	     289.4  	     299.6  	     
321.0  	     286.0  	     323.1  	     301.6  	     299.7  	     286.8  	     293.4  	     303.9  	     
324.1  	     290.1  	     326.7  	     305.5  	     304.0  	     291.0  	     297.8  	     307.9  	     
327.9  	     293.7  	     329.5  	     309.0  	     307.9  	     295.1  	     301.8  	     311.6  	     
330.9  	     297.6  	     332.5  	     312.4  	     311.6  	     298.2  	     304.7  	     314.9  	     
333.4  	     300.8  	     335.1  	     315.7  	     315.4  	     302.0  	     308.2  	     318.1  	     
335.6  	     303.6  	     337.4  	     318.7  	     318.5  	     305.3  	     311.3  	     320.9  	     
338.0  	     306.2  	     339.0  	     320.5  	     321.5  	     308.2  	     313.9  	     323.3  	     
339.1  	     308.1  	     340.0  	     322.0  	     323.3  	     309.8  	     315.5  	     324.7  	     
339.8  	     308.9  	     340.4  	     322.9  	     324.2  	     310.7  	     316.1  	     325.6  	     
341.6  	     311.9  	     342.3  	     325.2  	     326.6  	     313.6  	     319.1  	     327.7  	     
343.3  	     313.9  	     343.7  	     327.0  	     329.2  	     316.1  	     321.0  	     329.7  	     
344.7  	     316.3  	     344.9  	     328.8  	     331.2  	     318.1  	     323.0  	     331.4  	     
346.2  	     318.5  	     346.2  	     330.7  	     333.3  	     320.3  	     324.6  	     333.0  	     
346.9  	     320.0  	     346.9  	     332.1  	     335.0  	     322.1  	     326.6  	     334.4  	     
347.8  	     322.0  	     347.7  	     333.7  	     336.6  	     323.9  	     328.0  	     335.6  	     
348.8  	     323.5  	     348.6  	     335.0  	     338.0  	     325.7  	     329.7  	     336.8  	     
349.6  	     325.1  	     349.3  	     336.6  	     339.4  	     327.4  	     331.2  	     337.9  	     
350.2  	     326.5  	     349.9  	     337.5  	     340.5  	     328.9  	     332.4  	     338.8  	     
350.8  	     328.0  	     350.2  	     338.5  	     341.4  	     330.2  	     333.5  	     339.6  	     
351.3  	     329.1  	     350.7  	     339.4  	     342.4  	     331.5  	     335.0  	     340.3  	     
351.8  	     330.4  	     351.1  	     340.4  	     343.3  	     332.8  	     336.1  	     341.1  	     
352.1  	     331.5  	     351.4  	     341.1  	     344.1  	     333.9  	     337.0  	     341.6  	     
352.5  	     332.6  	     351.7  	     342.0  	     344.7  	     335.1  	     338.0  	     342.2  	     
352.7  	     333.7  	     352.0  	     342.8  	     345.4  	     336.1  	     338.9  	     342.5  	     
353.1  	     334.5  	     352.2  	     343.5  	     346.2  	     337.0  	     339.7  	     343.1  	     
353.2  	     335.5  	     352.4  	     344.2  	     346.8  	     338.0  	     340.4  	     343.5  	     
353.3  	     336.3  	     352.5  	     344.8  	     347.2  	     338.7  	     341.2  	     343.9  	     
353.6  	     337.3  	     352.8  	     345.5  	     347.7  	     339.4  	     341.9  	     344.0  	     
353.7  	     338.1  	     352.8  	     346.0  	     348.1  	     340.0  	     342.3  	     344.4  	     
353.7  	     339.0  	     352.9  	     346.5  	     348.4  	     340.7  	     342.9  	     344.7  	     
353.7  	     339.6  	     353.1  	     347.0  	     349.0  	     341.4  	     343.4  	     344.8  	     
353.8  	     340.4  	     353.2  	     347.4  	     349.3  	     341.9  	     344.1  	     345.0  	     
354.0  	     341.1  	     353.3  	     347.8  	     349.5  	     342.4  	     344.7  	     345.2  	     
354.0  	     341.6  	     353.2  	     348.2  	     349.8  	     343.0  	     345.2  	     345.4  	     
354.0  	     342.1  	     353.4  	     348.6  	     350.1  	     343.5  	     345.6  	     345.6  	     
354.1  	     342.6  	     353.4  	     348.9  	     350.4  	     344.0  	     346.0  	     345.8  	     
354.1  	     343.1  	     353.5  	     349.3  	     350.7  	     344.6  	     346.4  	     345.8  	     
354.0  	     343.6  	     353.5  	     349.6  	     350.9  	     345.0  	     346.8  	     346.0  	     
353.9  	     344.2  	     353.6  	     349.9  	     351.1  	     345.3  	     347.2  	     346.1  	     
354.0  	     344.6  	     353.6  	     350.1  	     351.3  	     345.8  	     347.5  	     346.3  	     
353.9  	     345.1  	     353.6  	     350.4  	     351.5  	     346.0  	     347.8  	     346.3  	     
354.0  	     345.4  	     353.6  	     350.6  	     351.8  	     346.4  	     348.1  	     346.4  	     
354.2  	     345.9  	     353.7  	     350.8  	     351.8  	     346.6  	     348.3  	     346.5  	     
354.1  	     346.2  	     353.6  	     350.9  	     352.0  	     347.1  	     348.6  	     346.6  	     
354.0  	     346.6  	     353.5  	     351.1  	     352.1  	     347.2  	     348.8  	     346.6  	     
353.9  	     346.7  	     353.4  	     351.3  	     352.3  	     347.6  	     348.9  	     346.6  	     
353.9  	     347.0  	     353.5  	     351.3  	     352.4  	     347.7  	     349.2  	     346.5  	     
353.9  	     347.3  	     353.4  	     351.4  	     352.5  	     347.8  	     349.3  	     346.6  	     
353.8  	     347.6  	     353.6  	     351.6  	     352.6  	     348.2  	     349.7  	     346.6  	     
353.8  	     347.9  	     353.5  	     351.7  	     352.5  	     348.4  	     349.8  	     346.8  	     
353.7  	     348.1  	     353.5  	     351.8  	     352.7  	     348.5  	     350.0  	     346.8  	     
353.7  	     348.3  	     353.6  	     351.8  	     352.6  	     348.5  	     350.0  	     346.8  	     
353.7  	     348.4  	     353.4  	     351.8  	     352.8  	     348.7  	     350.0  	     346.8  	     
353.5  	     348.6  	     353.3  	     352.0  	     352.8  	     348.9  	     350.2  	     346.9  	     
353.7  	     348.8  	     353.4  	     352.1  	     352.9  	     349.0  	     350.4  	     346.9  	     
353.8  	     349.0  	     353.5  	     352.2  	     353.0  	     349.2  	     350.5  	     347.0  	     
353.7  	     349.2  	     353.4  	     352.3  	     353.1  	     349.4  	     350.7  	     347.0  	     
353.6  	     349.4  	     353.5  	     352.3  	     353.1  	     349.5  	     350.7  	     347.0  	     
353.5  	     349.4  	     353.3  	     352.4  	     353.2  	     349.6  	     350.9  	     346.9  	     
353.3  	     349.7  	     353.3  	     352.5  	     353.3  	     349.6  	     350.9  	     347.0  	     
353.4  	     349.8  	     353.3  	     352.5  	     353.3  	     349.7  	     351.0  	     347.0  	     
353.4  	     349.9  	     353.4  	     352.6  	     353.3  	     349.9  	     351.1  	     346.9  	     
353.4  	     350.0  	     353.3  	     352.6  	     353.4  	     349.9  	     351.2  	     347.0  	     
353.4  	     350.2  	     353.4  	     352.7  	     353.4  	     350.1  	     351.2  	     347.0  	     
353.4  	     350.3  	     353.3  	     352.7  	     353.5  	     350.1  	     351.3  	     347.0  	     
353.2  	     350.3  	     353.4  	     352.7  	     353.4  	     350.1  	     351.3  	     346.9  	     
353.3  	     350.5  	     353.2  	     352.6  	     353.4  	     350.2  	     351.4  	     346.8  	     
353.3  	     350.7  	     353.3  	     352.8  	     353.4  	     350.3  	     351.5  	     347.0  	     
353.3  	     350.8  	     353.3  	     352.7  	     353.4  	     350.3  	     351.5  	     346.9  	     
353.3  	     350.9  	     353.4  	     352.7  	     353.5  	     350.4  	     351.5  	     347.0  	     
353.3  	     351.0  	     353.3  	     352.8  	     353.5  	     350.5  	     351.7  	     347.0  	     
353.3  	     351.0  	     353.3  	     352.8  	     353.7  	     350.6  	     351.7  	     346.8  	     
353.2  	     351.1  	     353.3  	     352.9  	     353.6  	     350.6  	     351.7  	     347.0  	     
353.1  	     351.3  	     353.3  	     352.8  	     353.6  	     350.6  	     351.7  	     347.0  	     
353.3  	     351.3  	     353.3  	     352.9  	     353.6  	     350.6  	     351.7  	     346.9  	     
353.2  	     351.3  	     353.4  	     352.8  	     353.6  	     350.8  	     351.9  	     346.8  	     
353.6  	     351.4  	     353.3  	     353.0  	     353.8  	     350.8  	     351.9  	     346.9  	     
353.2  	     351.4  	     353.3  	     353.0  	     353.7  	     350.8  	     351.9  	     346.9  	     
353.2  	     351.4  	     353.2  	     352.9  	     353.8  	     350.9  	     351.9  	     346.9  	     
353.2  	     351.4  	     353.2  	     352.9  	     353.7  	     350.9  	     351.9  	     346.9  	     
353.0  	     351.5  	     353.2  	     353.0  	     353.7  	     350.8  	     351.9  	     346.8  	     
353.0  	     351.6  	     353.2  	     352.9  	     353.7  	     350.9  	     351.9  	     346.9  	     
353.0  	     351.6  	     353.2  	     353.0  	     353.7  	     350.9  	     352.0  	     346.8  	     
353.0  	     351.6  	     353.2  	     352.9  	     353.7  	     351.0  	     352.1  	     346.9  	     
353.0  	     351.8  	     353.3  	     353.0  	     353.7  	     351.0  	     352.1  	     346.9  	     
353.2  	     351.7  	     353.3  	     353.1  	     353.7  	     351.0  	     352.1  	     346.8  	     
353.2  	     351.7  	     353.2  	     353.0  	     353.8  	     351.1  	     352.2  	     346.9  	     
353.2  	     351.8  	     353.2  	     353.0  	     353.7  	     351.1  	     352.2  	     347.0  	     
353.2  	     351.8  	     353.2  	     353.0  	     353.7  	     351.2  	     352.2  	     346.9  	     
353.1  	     351.9  	     353.2  	     353.0  	     353.8  	     351.1  	     352.2  	     346.9  	     
353.2  	     351.9  	     353.2  	     353.0  	     353.7  	     351.1  	     352.2  	     346.9  	     
353.1  	     352.0  	     353.2  	     353.0  	     353.8  	     351.2  	     352.2  	     346.9  	     
353.0  	     352.0  	     353.3  	     353.1  	     353.8  	     351.2  	     352.1  	     346.9  	     
353.0  	     352.0  	     353.2  	     353.0  	     353.8  	     351.1  	     352.2  	     347.0  	     
353.1  	     352.0  	     353.1  	     353.1  	     353.8  	     351.2  	     352.2  	     347.0  	     
353.0  	     352.0  	     353.3  	     353.0  	     353.8  	     351.2  	     352.2  	     346.8  	     
353.2  	     352.0  	     353.1  	     353.0  	     353.8  	     351.3  	     352.2  	     346.8  	     
353.2  	     352.1  	     353.2  	     353.0  	     353.7  	     351.2  	     352.3  	     346.8  	     
353.1  	     352.1  	     353.2  	     352.9  	     353.7  	     351.3  	     352.4  	     346.8  	     
353.3  	     352.1  	     353.2  	     353.0  	     353.8  	     351.3  	     352.4  	     346.8  	     
353.2  	     352.1  	     353.1  	     352.9  	     353.8  	     351.3  	     352.2  	     346.8  	     
352.9  	     352.0  	     353.2  	     352.9  	     353.7  	     351.3  	     352.2  	     346.8  	     
353.0  	     352.1  	     353.1  	     353.0  	     353.8  	     351.3  	     352.3  	     346.7  	     
353.0  	     352.2  	     353.2  	     353.0  	     353.8  	     351.3  	     352.4  	     346.8  	     
352.9  	     352.2  	     353.1  	     353.0  	     353.7  	     351.4  	     352.2  	     346.8  	     
353.0  	     352.2  	     353.2  	     353.1  	     353.8  	     351.3  	     352.3  	     346.8  	     
352.9  	     352.2  	     353.2  	     353.2  	     353.9  	     351.3  	     352.3  	     346.8  	     
352.8  	     352.2  	     353.2  	     353.1  	     353.8  	     351.3  	     352.3  	     346.9  	     
352.8  	     352.2  	     353.0  	     353.0  	     353.7  	     351.3  	     352.4  	     346.8  	     
352.9  	     352.2  	     353.2  	     353.0  	     353.6  	     351.3  	     352.4  	     346.7  	     
353.0  	     352.2  	     353.2  	     352.9  	     353.7  	     351.3  	     352.4  	     346.7  	     
353.0  	     352.2  	     353.2  	     353.0  	     353.8  	     351.3  	     352.4  	     346.8  	     
352.8  	     352.3  	     353.2  	     353.0  	     353.7  	     351.4  	     352.4  	     346.9  	     
352.9  	     352.4  	     353.2  	     353.0  	     353.8  	     351.4  	     352.4  	     346.8  	     
353.2  	     352.3  	     353.3  	     353.0  	     353.8  	     351.4  	     352.4  	     346.8  	     
353.0  	     352.3  	     353.3  	     353.0  	     353.7  	     351.5  	     352.4  	     346.9  	     
353.1  	     352.3  	     353.2  	     353.0  	     353.7  	     351.4  	     352.4  	     346.9  	     
352.9  	     352.3  	     353.1  	     352.9  	     353.8  	     351.5  	     352.4  	     346.8  	     
353.0  	     352.4  	     353.2  	     352.9  	     353.7  	     351.5  	     352.4  	     346.7  	     
353.1  	     352.4  	     353.2  	     353.0  	     353.7  	     351.5  	     352.5  	     346.7  	     
352.9  	     352.3  	     353.2  	     353.0  	     353.7  	     351.5  	     352.5  	     346.7  	     
353.0  	     352.5  	     353.2  	     353.0  	     353.7  	     351.4  	     352.5  	     346.8  	     
353.1  	     352.4  	     353.1  	     353.0  	     353.7  	     351.5  	     352.5  	     346.8  	     
353.2  	     352.4  	     353.2  	     353.1  	     353.7  	     351.5  	     352.4  	     346.8  	     
353.2  	     352.4  	     353.1  	     353.1  	     353.8  	     351.4  	     352.4  	     346.9  	     
353.0  	     352.3  	     353.2  	     353.1  	     353.9  	     351.5  	     352.4  	     346.8  	     
353.2  	     352.5  	     353.2  	     353.0  	     353.8  	     351.4  	     352.5  	     346.8  	     
353.2  	     352.4  	     353.2  	     353.2  	     353.9  	     351.5  	     352.5  	     346.9  	     
353.2  	     352.5  	     353.3  	     353.0  	     353.7  	     351.5  	     352.4  	     346.8  	     
353.1  	     352.5  	     353.3  	     353.0  	     353.9  	     351.5  	     352.6  	     346.8  	     
353.0  	     352.5  	     353.2  	     353.0  	     353.8  	     351.5  	     352.4  	     346.9  	     
353.0  	     352.4  	     353.1  	     353.0  	     353.8  	     351.5  	     352.4  	     346.9  	     
353.0  	     352.4  	     353.1  	     353.0  	     353.8  	     351.5  	     352.4  	     346.9  	     
352.8  	     352.5  	     353.2  	     353.0  	     353.8  	     351.5  	     352.4  	     346.9  	     
353.1  	     352.5  	     353.3  	     353.0  	     353.7  	     351.6  	     352.4  	     346.9  	     
352.9  	     352.5  	     353.2  	     353.0  	     353.9  	     351.5  	     352.4  	     346.8  	     
353.1  	     352.4  	     353.2  	     353.0  	     353.8  	     351.5  	     352.5  	     346.8  	     
353.0  	     352.5  	     353.3  	     353.0  	     353.7  	     351.5  	     352.5  	     346.8  	     
353.1  	     352.4  	     353.2  	     353.0  	     353.8  	     351.6  	     352.6  	     346.9  	     
353.0  	     352.5  	     353.1  	     353.0  	     353.8  	     351.4  	     352.5  	     346.8  	     
353.2  	     352.4  	     353.2  	     353.0  	     353.7  	     351.5  	     352.5  	     346.8  	     
353.2  	     352.3  	     353.0  	     353.0  	     353.8  	     351.5  	     352.5  	     346.7  	     
353.2  	     352.4  	     353.2  	     353.0  	     353.8  	     351.6  	     352.6  	     346.8  	     
353.1  	     352.4  	     353.1  	     353.0  	     353.8  	     351.5  	     352.6  	     346.8  	     
353.0  	     352.3  	     353.1  	     353.0  	     353.8  	     351.5  	     352.6  	     346.7  	     
353.0  	     352.3  	     353.0  	     353.0  	     353.7  	     351.6  	     352.4  	     346.8  	     
353.0  	     352.4  	     353.0  	     352.9  	     353.7  	     351.6  	     352.5  	     346.8  	     
353.1  	     352.3  	     353.1  	     353.0  	     353.7  	     351.5  	     352.5  	     346.8  	     
353.0  	     352.5  	     353.0  	     353.0  	     353.8  	     351.5  	     352.5  	     346.8  	     
353.0  	     352.5  	     353.0  	     352.8  	     353.8  	     351.6  	     352.4  	     346.8  	     
352.8  	     352.5  	     353.0  	     353.1  	     353.7  	     351.5  	     352.6  	     346.7  	     
352.9  	     352.4  	     353.0  	     353.0  	     353.8  	     351.5  	     352.5  	     346.7  	     
352.8  	     352.4  	     353.0  	     352.9  	     353.7  	     351.5  	     352.5  	     346.8  	     
352.9  	     352.4  	     353.0  	     352.9  	     353.7  	     351.6  	     352.4  	     346.8  	     
352.9  	     352.4  	     353.1  	     353.0  	     353.7  	     351.5  	     352.5  	     346.8  	     
352.8  	     352.4  	     353.0  	     353.0  	     353.7  	     351.5  	     352.4  	     346.7  	     
352.9  	     352.5  	     353.1  	     353.0  	     353.8  	     351.5  	     352.3  	     346.9  	     
352.8  	     352.5  	     353.0  	     352.9  	     353.8  	     351.5  	     352.5  	     346.8  	     
352.9  	     352.4  	     353.1  	     353.0  	     353.7  	     351.5  	     352.5  	     346.8  	     
353.0  	     352.5  	     353.0  	     352.8  	     353.7  	     351.5  	     352.3  	     346.8  	     
352.8  	     352.4  	     353.0  	     353.0  	     353.7  	     351.5  	     352.4  	     346.8  	     
353.0  	     352.5  	     353.1  	     352.8  	     353.6  	     351.5  	     352.5  	     346.7  	     
353.0  	     352.5  	     353.1  	     353.0  	     353.7  	     351.5  	     352.4  	     346.7  	     
353.0  	     352.4  	     353.1  	     353.1  	     353.7  	     351.5  	     352.5  	     346.7  	     
353.0  	     352.5  	     353.1  	     352.8  	     353.7  	     351.5  	     352.4  	     346.6  	     
353.0  	     352.4  	     353.1  	     352.9  	     353.7  	     351.5  	     352.5  	     346.8  	     
353.0  	     352.5  	     353.2  	     353.0  	     353.7  	     351.5  	     352.6  	     346.8  	     
353.0  	     352.4  	     353.2  	     353.0  	     353.8  	     351.5  	     352.5  	     346.7  	     
352.9  	     352.5  	     353.0  	     353.0  	     353.8  	     351.5  	     352.4  	     346.7  	     
352.9  	     352.5  	     353.1  	     353.0  	     353.6  	     351.6  	     352.4  	     346.7  	     
352.9  	     352.4  	     353.0  	     352.8  	     353.7  	     351.4  	     352.3  	     346.7  	     
353.0  	     352.5  	     353.2  	     352.8  	     353.8  	     351.3  	     352.3  	     347.0  	     
353.0  	     352.5  	     353.1  	     352.9  	     353.8  	     351.5  	     352.3  	     346.7  	     
353.0  	     352.4  	     353.1  	     352.8  	     353.6  	     351.5  	     352.4  	     346.8  	     
353.0  	     352.5  	     353.1  	     353.0  	     353.5  	     351.3  	     352.4  	     346.8  	     
352.8  	     352.4  	     352.9  	     352.9  	     353.6  	     351.4  	     352.4  	     346.8  	     
352.7  	     352.2  	     352.8  	     352.7  	     353.7  	     351.5  	     352.1  	     346.6  	     
352.2  	     352.0  	     352.2  	     352.3  	     353.6  	     351.2  	     351.9  	     346.3  	     
351.4  	     351.4  	     351.3  	     351.8  	     353.3  	     350.8  	     351.1  	     345.8  	     
348.1  	     349.6  	     347.6  	     349.4  	     352.4  	     349.3  	     348.3  	     344.3  	     
345.4  	     348.6  	     344.4  	     346.8  	     351.3  	     348.0  	     346.4  	     342.2  	     
345.1  	     348.3  	     344.0  	     346.4  	     351.3  	     348.0  	     346.2  	     342.0  	     
342.8  	     346.6  	     341.1  	     343.9  	     349.8  	     346.4  	     344.4  	     339.8  	     
340.5  	     345.4  	     338.8  	     341.7  	     347.9  	     344.9  	     342.9  	     338.0  	     
338.5  	     343.6  	     336.8  	     339.6  	     346.0  	     343.3  	     341.6  	     336.0  	     
336.4  	     342.4  	     334.7  	     337.5  	     344.0  	     341.4  	     339.8  	     334.1  	     
333.1  	     340.0  	     331.3  	     334.8  	     341.7  	     339.3  	     337.1  	     331.6  	     
329.0  	     337.4  	     326.7  	     330.9  	     339.3  	     337.3  	     333.7  	     328.4  	     
325.0  	     334.7  	     322.8  	     326.9  	     336.3  	     334.7  	     330.7  	     325.3  	     
321.3  	     332.5  	     318.7  	     323.5  	     333.5  	     332.2  	     327.9  	     321.9  	     
321.1  	     332.3  	     318.4  	     323.2  	     333.1  	     332.0  	     327.8  	     321.8  	     
317.7  	     329.8  	     314.8  	     319.8  	     330.1  	     329.9  	     325.7  	     318.6  	     
313.4  	     327.2  	     310.5  	     316.0  	     326.6  	     326.9  	     322.3  	     315.0  	     
309.3  	     323.6  	     306.3  	     311.8  	     323.3  	     323.7  	     318.6  	     311.1  	     
304.9  	     321.1  	     302.0  	     308.0  	     319.7  	     320.8  	     315.7  	     307.4  	     
300.6  	     318.1  	     297.1  	     303.7  	     315.5  	     317.5  	     311.7  	     303.5  	     
296.3  	     315.1  	     292.8  	     299.6  	     311.9  	     314.1  	     308.6  	     299.3  	     
291.9  	     311.1  	     287.9  	     295.0  	     307.8  	     310.7  	     304.8  	     295.0  	     
287.6  	     307.8  	     283.3  	     290.8  	     303.6  	     307.1  	     301.2  	     290.7  	     
282.7  	     304.6  	     278.8  	     286.5  	     299.4  	     303.6  	     297.6  	     286.3  	     
278.5  	     300.8  	     274.3  	     281.8  	     295.0  	     300.0  	     293.9  	     282.2  	     
274.3  	     296.9  	     270.0  	     277.4  	     290.8  	     296.3  	     289.8  	     277.9  	     
269.7  	     293.6  	     265.7  	     273.2  	     286.4  	     292.8  	     286.3  	     273.6  	     
265.4  	     289.8  	     261.0  	     268.9  	     282.2  	     289.1  	     282.5  	     269.5  	     
261.3  	     286.3  	     256.9  	     264.7  	     278.0  	     285.3  	     278.7  	     265.3  	     
256.9  	     282.2  	     252.7  	     260.7  	     273.6  	     281.5  	     275.2  	     261.1  	     
253.1  	     278.7  	     248.7  	     256.4  	     269.3  	     277.9  	     271.4  	     257.0  	     
248.8  	     275.1  	     244.4  	     252.7  	     265.1  	     274.4  	     268.2  	     252.7  	     
244.9  	     271.3  	     240.4  	     248.7  	     261.1  	     270.6  	     263.9  	     248.6  	     
241.1  	     268.7  	     236.7  	     245.2  	     257.2  	     267.1  	     260.6  	     244.8  	     
237.0  	     264.4  	     232.8  	     241.4  	     253.4  	     263.7  	     257.7  	     240.8  	     
233.3  	     260.9  	     229.2  	     237.9  	     249.4  	     260.0  	     253.7  	     237.0  	     
229.7  	     257.6  	     225.8  	     234.3  	     245.7  	     256.8  	     250.7  	     233.4  	     
226.2  	     253.7  	     222.3  	     230.8  	     242.0  	     253.2  	     247.2  	     229.8  	     
223.1  	     251.1  	     218.7  	     227.5  	     238.2  	     249.7  	     243.4  	     226.3  	     
219.4  	     247.8  	     215.3  	     224.1  	     234.6  	     246.7  	     240.7  	     222.8  	     
216.0  	     244.7  	     212.2  	     221.0  	     231.3  	     243.1  	     237.1  	     219.4  	     
213.0  	     241.0  	     209.2  	     217.8  	     227.8  	     239.9  	     234.2  	     216.2  	     
209.9  	     237.8  	     206.3  	     214.7  	     224.5  	     236.8  	     231.2  	     213.0  	     
206.8  	     234.7  	     203.4  	     211.9  	     221.1  	     233.8  	     228.4  	     209.8  	     
204.2  	     231.5  	     200.5  	     208.9  	     218.0  	     230.6  	     225.3  	     206.7  	     
201.4  	     228.6  	     197.6  	     206.0  	     214.8  	     227.4  	     222.2  	     203.7  	     
198.6  	     226.1  	     195.0  	     203.3  	     211.8  	     224.5  	     219.6  	     200.9  	     
195.6  	     223.3  	     193.0  	     200.6  	     208.8  	     221.5  	     216.6  	     198.0  	     
193.1  	     220.2  	     190.1  	     197.8  	     206.0  	     218.7  	     213.7  	     195.1  	     
190.8  	     217.3  	     187.5  	     195.3  	     203.1  	     216.0  	     211.3  	     192.4  	     
188.2  	     214.6  	     185.6  	     192.9  	     200.4  	     213.1  	     208.8  	     189.8  	     
185.8  	     212.0  	     183.0  	     190.5  	     197.9  	     210.4  	     206.0  	     187.1  	     
183.6  	     209.1  	     180.5  	     188.2  	     195.4  	     207.7  	     203.3  	     184.8  	     
181.1  	     206.8  	     178.5  	     186.1  	     192.8  	     205.3  	     201.1  	     182.4  	     
178.9  	     204.4  	     176.4  	     183.7  	     190.5  	     202.7  	     198.6  	     180.1  	     
176.8  	     201.8  	     174.4  	     181.6  	     188.2  	     200.5  	     196.5  	     177.8  	     
175.0  	     199.3  	     172.6  	     179.4  	     186.0  	     197.6  	     193.8  	     175.7  	     
173.0  	     196.7  	     170.4  	     177.5  	     183.9  	     195.5  	     191.6  	     173.6  	     
171.1  	     194.7  	     168.6  	     175.5  	     181.7  	     193.1  	     189.7  	     171.5  	     
169.3  	     192.2  	     166.7  	     173.6  	     179.7  	     190.8  	     187.3  	     169.6  	     
167.5  	     190.1  	     165.0  	     171.9  	     177.6  	     188.5  	     185.0  	     167.7  	     
165.8  	     187.9  	     163.5  	     170.1  	     175.7  	     186.5  	     183.0  	     165.8  	     
164.0  	     185.8  	     161.9  	     168.3  	     173.7  	     184.3  	     181.0  	     163.9  	     
162.6  	     184.1  	     160.2  	     166.6  	     171.9  	     182.2  	     179.2  	     162.2  	     
161.1  	     181.5  	     158.7  	     165.0  	     170.0  	     180.3  	     177.2  	     160.5  	     
159.6  	     179.6  	     157.4  	     163.5  	     168.2  	     178.5  	     175.5  	     158.9  	     
158.1  	     177.7  	     155.8  	     162.0  	     166.6  	     176.5  	     173.5  	     157.3  	     
156.6  	     175.9  	     154.6  	     160.5  	     165.0  	     174.5  	     171.9  	     155.8  	     
155.3  	     174.1  	     153.4  	     159.2  	     163.5  	     172.9  	     170.2  	     154.3  	     
154.0  	     172.6  	     152.2  	     157.7  	     162.0  	     171.0  	     168.4  	     152.9  	     
152.7  	     170.9  	     151.1  	     156.3  	     160.4  	     169.4  	     167.0  	     151.5  	     
151.7  	     169.3  	     149.9  	     155.4  	     159.3  	     167.9  	     165.3  	     150.3  	     
151.6  	     168.9  	     149.7  	     155.1  	     159.0  	     167.8  	     165.3  	     150.0  	     
150.3  	     167.6  	     148.6  	     153.9  	     157.6  	     166.1  	     163.7  	     148.7  	     
149.2  	     166.0  	     147.5  	     152.5  	     156.3  	     164.4  	     162.2  	     147.5  	     
148.0  	     164.3  	     146.4  	     151.4  	     155.0  	     162.8  	     160.7  	     146.2  	     
147.0  	     162.8  	     145.5  	     150.2  	     153.7  	     161.5  	     159.5  	     145.1  	     
146.0  	     161.2  	     144.3  	     149.2  	     152.6  	     159.9  	     157.9  	     143.8  	     
145.0  	     159.8  	     143.5  	     148.0  	     151.3  	     158.5  	     156.6  	     142.7  	     
144.0  	     158.4  	     142.5  	     147.0  	     150.2  	     157.2  	     155.2  	     141.7  	     
142.9  	     157.2  	     141.6  	     145.9  	     149.1  	     156.1  	     154.2  	     140.5  	     
142.1  	     156.0  	     140.9  	     144.9  	     147.9  	     154.6  	     152.8  	     139.5  	     
141.4  	     154.5  	     140.0  	     143.8  	     146.9  	     153.3  	     151.7  	     138.6  	     
140.4  	     153.3  	     139.0  	     142.8  	     145.7  	     152.1  	     150.4  	     137.6  	     
139.5  	     152.2  	     138.3  	     142.0  	     144.8  	     150.9  	     149.3  	     136.6  	     
138.7  	     150.9  	     137.6  	     141.1  	     143.7  	     149.7  	     148.3  	     135.7  	     
137.9  	     149.8  	     136.7  	     140.2  	     142.8  	     148.6  	     147.0  	     134.8  	     
137.3  	     148.4  	     135.9  	     139.3  	     141.8  	     147.5  	     146.1  	     133.9  	     
136.4  	     147.6  	     135.3  	     138.7  	     140.9  	     146.4  	     145.1  	     133.1  	     
135.7  	     146.3  	     134.5  	     137.8  	     140.1  	     145.3  	     143.9  	     132.4  	     
135.0  	     145.4  	     133.9  	     136.9  	     139.2  	     144.3  	     143.1  	     131.5  	     
134.4  	     144.4  	     133.2  	     136.2  	     138.5  	     143.2  	     142.0  	     130.8  	     
133.7  	     143.3  	     132.6  	     135.5  	     137.7  	     142.3  	     141.2  	     130.1  	     
132.9  	     142.2  	     131.9  	     134.8  	     137.0  	     141.4  	     140.4  	     129.5  	     
132.3  	     141.3  	     131.3  	     134.1  	     136.2  	     140.5  	     139.5  	     128.7  	     
131.8  	     140.4  	     130.8  	     133.5  	     135.5  	     139.6  	     138.7  	     128.1  	     
131.1  	     139.6  	     130.3  	     132.9  	     134.9  	     138.8  	     137.9  	     127.5  	     
130.8  	     139.1  	     130.0  	     132.4  	     134.3  	     138.2  	     137.3  	     127.1  	     
130.7  	     138.9  	     129.7  	     132.2  	     134.0  	     137.9  	     137.0  	     126.9  	     
129.3  	     137.7  	     128.3  	     131.0  	     133.2  	     136.6  	     135.3  	     125.9  	     
128.1  	     136.5  	     126.8  	     129.7  	     132.3  	     135.7  	     134.2  	     124.7  	     
126.7  	     135.6  	     125.4  	     128.5  	     131.4  	     134.4  	     132.9  	     123.7  	     
125.6  	     134.5  	     124.1  	     127.1  	     130.4  	     133.4  	     131.8  	     122.6  	     
124.6  	     133.5  	     122.9  	     126.0  	     129.6  	     132.3  	     130.9  	     121.6  	     
123.5  	     132.6  	     121.6  	     125.0  	     128.7  	     131.6  	     129.8  	     120.6  	     
122.6  	     131.8  	     120.8  	     124.2  	     127.9  	     130.7  	     129.2  	     119.7  	     
121.9  	     131.1  	     120.1  	     123.4  	     127.0  	     130.1  	     128.6  	     118.7  	     
121.0  	     130.2  	     119.6  	     122.6  	     126.3  	     129.5  	     128.1  	     118.0  	     
120.5  	     129.6  	     119.1  	     122.2  	     125.7  	     128.8  	     127.7  	     117.3  	     
120.0  	     129.3  	     118.8  	     121.8  	     125.1  	     128.4  	     127.6  	     116.8  	     