
G49-PTC2  	G49-PTC9  	G49-PTC11  	G49-PTC17  	G49-PTC18  	G49-PTC20  	G49-PTC32  	G49-PTC34  	
Deg.F  	     Deg.F  	     Deg.F  	     Deg.F  	     Deg.F  	     Deg.F  	     Deg.F  	     Deg.F  	     
71.0  	     70.4  	     69.5  	     72.2  	     72.4  	     71.1  	     69.9  	     71.5  	     
71.0  	     70.4  	     69.5  	     72.2  	     72.4  	     71.1  	     69.9  	     71.5  	     
71.0  	     70.4  	     69.5  	     72.2  	     72.4  	     71.1  	     69.8  	     71.5  	     
72.1  	     70.6  	     69.6  	     72.5  	     72.7  	     71.2  	     70.3  	     71.8  	     
72.5  	     71.0  	     69.9  	     72.5  	     72.9  	     71.4  	     70.6  	     72.2  	     
72.5  	     71.1  	     70.2  	     72.7  	     73.0  	     71.7  	     70.7  	     72.4  	     
72.9  	     71.4  	     70.3  	     72.9  	     73.2  	     71.9  	     71.0  	     72.8  	     
73.1  	     71.6  	     70.5  	     73.0  	     73.3  	     72.0  	     71.1  	     73.0  	     
73.3  	     71.7  	     70.7  	     73.1  	     73.4  	     72.2  	     71.4  	     73.2  	     
73.5  	     71.8  	     70.8  	     73.4  	     73.5  	     72.4  	     71.6  	     73.4  	     
73.7  	     72.0  	     71.1  	     73.5  	     73.7  	     72.7  	     71.7  	     73.5  	     
73.9  	     72.1  	     71.2  	     73.6  	     73.9  	     72.9  	     71.9  	     73.7  	     
74.0  	     72.3  	     71.5  	     73.8  	     74.1  	     72.9  	     72.0  	     74.0  	     
74.2  	     72.4  	     71.7  	     73.9  	     74.2  	     73.1  	     72.2  	     74.2  	     
74.4  	     72.5  	     71.8  	     74.1  	     74.1  	     73.0  	     72.4  	     74.4  	     
74.7  	     72.8  	     71.9  	     74.1  	     74.3  	     73.3  	     72.6  	     74.5  	     
74.9  	     72.8  	     72.1  	     74.4  	     74.5  	     73.5  	     72.8  	     74.8  	     
75.1  	     73.0  	     72.2  	     74.4  	     74.6  	     73.6  	     72.9  	     74.9  	     
74.9  	     73.0  	     72.5  	     74.4  	     74.7  	     73.6  	     72.9  	     74.9  	     
75.3  	     73.2  	     72.6  	     74.6  	     74.8  	     73.9  	     73.1  	     75.1  	     
75.4  	     73.5  	     72.8  	     74.8  	     75.0  	     74.0  	     73.3  	     75.3  	     
75.7  	     73.4  	     73.0  	     74.9  	     75.2  	     74.2  	     73.4  	     75.4  	     
75.9  	     73.6  	     73.2  	     75.0  	     75.4  	     74.3  	     73.7  	     75.6  	     
76.1  	     73.7  	     73.1  	     75.2  	     75.5  	     74.5  	     73.9  	     75.8  	     
76.1  	     73.7  	     73.2  	     75.3  	     75.4  	     74.6  	     73.8  	     75.7  	     
76.7  	     74.2  	     73.6  	     75.7  	     76.2  	     75.0  	     74.3  	     76.3  	     
77.3  	     74.6  	     74.0  	     76.1  	     76.4  	     75.4  	     74.7  	     76.9  	     
77.4  	     75.0  	     74.4  	     76.8  	     76.6  	     75.8  	     75.3  	     77.3  	     
78.3  	     75.7  	     75.0  	     77.3  	     77.5  	     76.6  	     76.1  	     78.1  	     
80.5  	     77.0  	     75.9  	     78.1  	     78.5  	     77.1  	     77.1  	     79.5  	     
82.5  	     78.4  	     76.9  	     78.9  	     79.5  	     78.7  	     78.7  	     81.0  	     
84.8  	     80.1  	     78.4  	     80.0  	     80.7  	     79.9  	     80.2  	     83.0  	     
87.2  	     81.7  	     80.1  	     81.6  	     82.0  	     81.5  	     82.1  	     85.1  	     
89.7  	     83.9  	     81.8  	     82.6  	     83.4  	     83.0  	     83.7  	     87.0  	     
92.6  	     85.7  	     83.6  	     84.6  	     85.3  	     84.6  	     85.6  	     89.0  	     
95.4  	     87.8  	     85.6  	     86.3  	     86.9  	     86.7  	     87.5  	     91.3  	     
98.7  	     90.2  	     88.0  	     88.1  	     89.0  	     88.6  	     89.3  	     93.4  	     
102.0  	     92.6  	     90.2  	     90.4  	     91.3  	     90.6  	     91.7  	     95.8  	     
105.6  	     95.0  	     92.5  	     92.7  	     93.5  	     93.2  	     93.9  	     98.5  	     
109.2  	     98.0  	     95.1  	     95.0  	     95.9  	     95.5  	     96.1  	     101.4  	     
113.0  	     100.9  	     97.6  	     97.2  	     98.2  	     98.0  	     98.6  	     104.2  	     
114.1  	     101.8  	     98.6  	     98.6  	     99.7  	     98.8  	     99.6  	     105.2  	     
116.5  	     103.8  	     100.4  	     99.8  	     100.6  	     100.9  	     101.3  	     107.0  	     
120.5  	     106.6  	     103.3  	     102.6  	     103.7  	     103.7  	     103.8  	     110.0  	     
124.1  	     109.9  	     106.5  	     105.3  	     106.3  	     106.7  	     106.7  	     112.9  	     
128.0  	     113.0  	     109.7  	     108.2  	     109.1  	     110.0  	     109.2  	     116.2  	     
132.0  	     116.6  	     112.7  	     111.1  	     111.8  	     113.5  	     112.2  	     119.5  	     
136.4  	     119.9  	     116.1  	     114.2  	     114.9  	     116.7  	     115.6  	     123.1  	     
140.1  	     123.3  	     119.7  	     117.5  	     118.0  	     120.0  	     118.2  	     126.5  	     
143.6  	     127.0  	     122.9  	     120.4  	     121.0  	     123.5  	     121.7  	     130.0  	     
147.3  	     129.7  	     126.0  	     123.5  	     124.0  	     126.7  	     124.6  	     133.1  	     
151.2  	     132.7  	     128.8  	     126.6  	     126.7  	     129.5  	     127.8  	     136.1  	     
154.9  	     135.9  	     131.9  	     129.4  	     129.4  	     132.8  	     130.9  	     139.1  	     
158.5  	     138.8  	     134.8  	     132.2  	     132.1  	     136.0  	     134.0  	     142.2  	     
161.6  	     141.8  	     137.7  	     134.8  	     134.8  	     138.8  	     137.0  	     145.2  	     
165.4  	     144.5  	     140.3  	     137.4  	     137.2  	     142.3  	     140.0  	     147.9  	     
166.2  	     145.3  	     141.3  	     138.1  	     138.0  	     143.0  	     140.7  	     148.9  	     
168.4  	     147.1  	     143.3  	     139.9  	     139.9  	     145.3  	     142.7  	     151.0  	     
171.6  	     149.7  	     146.0  	     142.4  	     142.7  	     148.0  	     145.9  	     153.8  	     
174.4  	     152.6  	     148.8  	     145.2  	     145.7  	     150.9  	     148.5  	     156.5  	     
177.2  	     155.3  	     151.4  	     147.5  	     147.9  	     153.8  	     151.1  	     159.2  	     
179.8  	     157.4  	     153.9  	     149.9  	     150.4  	     156.4  	     154.0  	     162.0  	     
182.4  	     160.0  	     156.3  	     152.5  	     152.9  	     159.3  	     156.6  	     164.6  	     
184.8  	     161.9  	     158.7  	     155.0  	     155.4  	     162.1  	     159.1  	     167.0  	     
187.4  	     164.4  	     160.9  	     157.5  	     157.7  	     164.5  	     161.4  	     169.6  	     
189.8  	     166.4  	     163.3  	     159.8  	     159.9  	     166.9  	     163.7  	     171.9  	     
192.0  	     168.8  	     165.6  	     161.9  	     162.4  	     169.4  	     166.3  	     174.3  	     
194.2  	     170.9  	     167.7  	     164.2  	     164.6  	     171.9  	     168.5  	     176.5  	     
196.6  	     172.9  	     170.0  	     166.6  	     166.9  	     174.3  	     171.0  	     179.1  	     
198.6  	     174.7  	     172.0  	     168.8  	     168.8  	     176.4  	     173.2  	     181.3  	     
200.7  	     176.6  	     174.0  	     170.8  	     171.2  	     179.0  	     175.2  	     183.3  	     
202.5  	     178.8  	     176.1  	     173.0  	     173.1  	     181.3  	     177.3  	     185.4  	     
204.2  	     180.6  	     177.9  	     175.2  	     175.6  	     183.5  	     179.4  	     187.6  	     
206.1  	     182.3  	     180.0  	     177.4  	     177.4  	     185.6  	     181.4  	     189.4  	     
207.8  	     184.1  	     181.9  	     179.6  	     179.7  	     187.4  	     183.5  	     191.3  	     
208.8  	     184.8  	     182.6  	     180.4  	     180.3  	     188.6  	     184.2  	     192.2  	     
209.4  	     186.1  	     183.9  	     181.6  	     181.7  	     190.0  	     185.4  	     193.4  	     
211.4  	     188.1  	     185.7  	     183.3  	     183.7  	     191.8  	     187.4  	     195.2  	     
212.2  	     188.5  	     186.5  	     184.7  	     184.8  	     192.7  	     188.2  	     196.1  	     
213.0  	     189.5  	     187.6  	     185.7  	     186.0  	     193.7  	     189.2  	     197.1  	     
215.4  	     192.0  	     189.8  	     187.8  	     188.1  	     195.8  	     191.6  	     199.4  	     
218.2  	     194.3  	     192.2  	     190.5  	     190.7  	     198.3  	     194.5  	     202.2  	     
221.6  	     197.1  	     194.9  	     192.9  	     192.8  	     201.0  	     197.9  	     205.1  	     
225.1  	     200.3  	     197.8  	     196.0  	     195.7  	     203.7  	     201.0  	     208.5  	     
228.9  	     203.6  	     200.7  	     199.3  	     198.7  	     206.8  	     204.7  	     212.1  	     
233.6  	     207.0  	     204.2  	     203.0  	     202.3  	     209.9  	     208.2  	     215.7  	     
237.9  	     211.0  	     207.6  	     206.3  	     205.8  	     213.5  	     211.0  	     219.9  	     
242.8  	     214.4  	     211.2  	     210.5  	     209.3  	     217.0  	     216.5  	     224.1  	     
247.6  	     218.2  	     215.3  	     214.6  	     212.8  	     220.9  	     221.1  	     228.6  	     
252.9  	     222.5  	     219.2  	     219.7  	     217.4  	     224.9  	     225.6  	     232.9  	     
258.0  	     226.4  	     223.6  	     223.1  	     221.0  	     229.2  	     230.5  	     237.9  	     
263.2  	     231.0  	     227.7  	     230.0  	     226.4  	     233.6  	     235.6  	     242.7  	     
268.8  	     236.0  	     232.4  	     234.9  	     231.4  	     238.0  	     241.2  	     247.9  	     
274.3  	     240.0  	     236.9  	     239.8  	     236.2  	     242.7  	     246.4  	     253.1  	     
279.7  	     244.2  	     242.0  	     245.1  	     241.3  	     247.0  	     252.1  	     257.8  	     
284.9  	     248.4  	     246.7  	     250.3  	     246.4  	     252.1  	     257.1  	     262.9  	     
290.3  	     253.3  	     251.8  	     255.4  	     251.2  	     256.4  	     265.2  	     268.1  	     
295.8  	     257.9  	     256.2  	     261.5  	     256.7  	     261.3  	     273.4  	     272.8  	     
301.0  	     262.6  	     261.4  	     266.4  	     261.0  	     266.4  	     279.8  	     277.9  	     
306.7  	     267.3  	     266.3  	     272.3  	     267.3  	     271.0  	     285.7  	     282.9  	     
311.6  	     271.6  	     270.9  	     276.9  	     271.6  	     275.5  	     289.9  	     287.4  	     
315.8  	     275.4  	     275.2  	     282.1  	     276.3  	     279.9  	     294.4  	     292.4  	     
319.6  	     279.4  	     279.5  	     286.9  	     281.2  	     284.3  	     297.6  	     296.2  	     
322.7  	     283.2  	     283.2  	     291.3  	     285.5  	     288.5  	     300.9  	     299.3  	     
324.9  	     286.2  	     287.0  	     295.3  	     290.1  	     291.9  	     302.7  	     302.9  	     
327.5  	     289.8  	     290.5  	     298.5  	     293.6  	     295.9  	     305.1  	     306.0  	     
329.7  	     292.7  	     294.0  	     302.0  	     297.1  	     299.4  	     307.7  	     308.7  	     
330.1  	     293.1  	     294.4  	     302.6  	     297.6  	     299.8  	     308.0  	     309.1  	     
331.7  	     295.8  	     297.0  	     305.3  	     300.6  	     302.6  	     309.9  	     311.1  	     
333.4  	     298.7  	     299.9  	     307.6  	     303.4  	     305.2  	     311.7  	     313.7  	     
335.1  	     301.4  	     302.7  	     310.3  	     306.4  	     308.2  	     313.6  	     315.8  	     
334.5  	     304.1  	     305.4  	     312.7  	     309.0  	     310.4  	     315.2  	     318.0  	     
337.5  	     306.3  	     307.6  	     315.2  	     311.7  	     312.9  	     317.0  	     319.9  	     
338.6  	     308.6  	     310.0  	     316.9  	     314.0  	     315.2  	     318.7  	     321.6  	     
339.6  	     310.8  	     312.2  	     319.1  	     316.3  	     317.2  	     320.3  	     323.2  	     
340.4  	     312.9  	     314.2  	     321.0  	     318.2  	     319.3  	     321.9  	     324.8  	     
341.6  	     314.8  	     316.1  	     322.9  	     320.2  	     321.2  	     323.6  	     326.3  	     
341.4  	     316.7  	     318.0  	     324.5  	     322.1  	     323.1  	     326.9  	     328.0  	     
341.6  	     318.4  	     319.9  	     326.0  	     323.8  	     324.8  	     327.9  	     329.1  	     
342.8  	     320.1  	     321.5  	     327.2  	     325.1  	     326.4  	     329.0  	     330.4  	     
343.9  	     321.7  	     322.9  	     328.7  	     326.7  	     327.8  	     330.6  	     331.5  	     
343.2  	     323.3  	     324.6  	     329.8  	     328.1  	     329.2  	     331.9  	     332.5  	     
344.8  	     324.8  	     325.8  	     331.0  	     329.5  	     330.4  	     332.9  	     333.6  	     
345.4  	     326.1  	     327.1  	     332.2  	     330.7  	     331.7  	     333.7  	     334.6  	     
345.7  	     327.6  	     328.6  	     333.3  	     332.0  	     332.7  	     334.6  	     335.6  	     
345.4  	     328.9  	     329.6  	     334.1  	     332.9  	     334.0  	     335.5  	     336.2  	     
346.3  	     329.9  	     330.7  	     335.3  	     333.9  	     334.9  	     336.5  	     337.2  	     
346.4  	     331.1  	     331.9  	     336.0  	     335.0  	     336.0  	     337.3  	     337.9  	     
346.9  	     332.1  	     332.8  	     336.8  	     336.0  	     337.0  	     337.8  	     338.9  	     
346.9  	     333.2  	     333.8  	     337.6  	     336.6  	     337.7  	     338.6  	     339.6  	     
347.3  	     334.3  	     334.6  	     338.4  	     337.5  	     338.6  	     339.2  	     340.2  	     
347.5  	     335.2  	     335.5  	     338.6  	     338.4  	     339.4  	     339.9  	     340.7  	     
347.6  	     336.0  	     336.3  	     339.6  	     338.9  	     340.0  	     340.3  	     341.5  	     
347.5  	     336.9  	     337.0  	     340.3  	     339.7  	     340.5  	     340.9  	     342.1  	     
347.9  	     337.6  	     337.8  	     340.6  	     340.4  	     341.1  	     341.3  	     342.4  	     
347.9  	     338.5  	     338.4  	     341.3  	     340.9  	     341.8  	     341.9  	     343.0  	     
347.5  	     339.3  	     339.1  	     341.8  	     341.5  	     342.5  	     342.4  	     343.6  	     
348.2  	     339.8  	     339.7  	     342.2  	     342.0  	     342.9  	     342.8  	     344.0  	     
348.6  	     340.7  	     340.2  	     342.7  	     342.4  	     343.2  	     343.3  	     344.4  	     
348.6  	     341.2  	     340.8  	     343.1  	     343.0  	     343.7  	     343.6  	     345.0  	     
348.7  	     341.8  	     341.3  	     343.6  	     343.4  	     343.9  	     344.2  	     345.3  	     
348.8  	     342.4  	     341.8  	     343.8  	     343.8  	     344.4  	     344.5  	     345.7  	     
349.1  	     343.0  	     342.2  	     344.7  	     344.5  	     344.7  	     344.7  	     346.2  	     
349.2  	     343.5  	     342.7  	     344.8  	     344.9  	     345.1  	     345.1  	     346.4  	     
349.3  	     344.0  	     343.1  	     345.3  	     345.2  	     345.4  	     345.3  	     346.6  	     
349.5  	     344.3  	     343.5  	     345.6  	     345.6  	     345.7  	     345.6  	     347.1  	     
349.5  	     344.9  	     343.8  	     345.4  	     345.9  	     346.1  	     345.8  	     347.3  	     
349.4  	     345.3  	     344.1  	     346.0  	     346.0  	     346.2  	     346.0  	     347.6  	     
349.6  	     345.6  	     344.5  	     346.2  	     346.4  	     346.4  	     346.3  	     347.8  	     
349.7  	     345.9  	     344.7  	     346.6  	     346.6  	     346.6  	     346.6  	     348.0  	     
349.9  	     346.4  	     345.0  	     346.8  	     347.0  	     346.9  	     346.9  	     348.5  	     
349.8  	     346.5  	     345.1  	     346.9  	     347.0  	     346.9  	     347.0  	     348.9  	     
349.8  	     346.7  	     345.2  	     346.9  	     347.2  	     347.1  	     347.1  	     348.6  	     
349.8  	     347.1  	     345.5  	     347.3  	     347.4  	     347.3  	     347.1  	     348.8  	     
349.9  	     347.2  	     345.7  	     347.4  	     347.7  	     347.4  	     347.4  	     349.0  	     
349.9  	     347.5  	     346.0  	     347.6  	     347.8  	     347.5  	     347.7  	     349.1  	     
349.9  	     347.9  	     346.2  	     347.8  	     348.1  	     347.6  	     347.7  	     349.2  	     
350.0  	     348.2  	     346.4  	     348.0  	     348.4  	     347.6  	     347.9  	     349.3  	     
350.1  	     348.4  	     346.6  	     348.2  	     348.5  	     347.9  	     348.0  	     349.5  	     
349.9  	     348.7  	     346.8  	     348.2  	     348.6  	     348.0  	     348.1  	     349.5  	     
350.2  	     348.7  	     347.0  	     348.4  	     348.8  	     348.1  	     348.3  	     349.5  	     
350.1  	     348.9  	     347.2  	     348.6  	     348.9  	     348.2  	     348.6  	     349.8  	     
350.1  	     349.2  	     347.2  	     348.8  	     349.0  	     348.3  	     348.8  	     350.0  	     
350.2  	     349.4  	     347.4  	     349.0  	     349.2  	     348.4  	     349.0  	     350.2  	     
350.4  	     349.6  	     347.6  	     349.1  	     349.5  	     348.3  	     349.1  	     350.3  	     
350.3  	     349.6  	     347.7  	     349.1  	     349.5  	     348.6  	     349.0  	     350.4  	     
350.3  	     349.8  	     347.7  	     349.1  	     349.6  	     348.8  	     349.0  	     350.4  	     
350.6  	     350.2  	     348.0  	     349.2  	     349.7  	     348.7  	     349.1  	     350.5  	     
350.4  	     350.2  	     348.1  	     349.3  	     349.8  	     348.8  	     349.3  	     350.6  	     
350.3  	     350.5  	     348.3  	     349.5  	     350.0  	     348.7  	     349.5  	     350.7  	     
350.3  	     350.5  	     348.4  	     349.7  	     350.1  	     348.9  	     349.5  	     350.7  	     
350.2  	     350.7  	     348.3  	     349.6  	     350.1  	     348.8  	     349.6  	     350.8  	     
350.0  	     350.7  	     348.3  	     349.6  	     350.2  	     348.9  	     349.6  	     350.9  	     
350.2  	     351.8  	     348.6  	     349.8  	     350.3  	     347.6  	     349.3  	     350.9  	     
350.4  	     350.8  	     348.5  	     349.8  	     350.3  	     349.1  	     349.8  	     350.9  	     
350.4  	     351.0  	     348.5  	     349.8  	     350.3  	     348.9  	     349.9  	     350.9  	     
350.4  	     351.0  	     348.6  	     350.0  	     350.5  	     349.0  	     350.0  	     351.0  	     
350.4  	     351.1  	     348.6  	     350.0  	     350.4  	     349.2  	     350.1  	     351.2  	     
350.4  	     351.2  	     348.6  	     350.1  	     350.4  	     349.1  	     350.0  	     351.3  	     
350.7  	     351.2  	     348.7  	     350.2  	     350.7  	     349.3  	     350.2  	     351.4  	     
350.4  	     351.3  	     348.7  	     350.3  	     350.8  	     349.1  	     350.2  	     351.2  	     
350.4  	     351.2  	     348.8  	     350.2  	     350.7  	     349.1  	     350.0  	     351.0  	     
350.4  	     351.5  	     348.8  	     350.1  	     350.7  	     349.4  	     349.9  	     351.1  	     
350.4  	     351.5  	     348.8  	     350.3  	     350.9  	     349.1  	     350.0  	     351.1  	     
350.4  	     351.5  	     348.9  	     350.3  	     350.9  	     349.2  	     350.2  	     351.1  	     
350.6  	     351.6  	     348.9  	     350.3  	     350.8  	     349.4  	     350.3  	     351.2  	     
350.4  	     351.7  	     349.1  	     350.5  	     350.9  	     349.2  	     350.3  	     351.4  	     
350.6  	     351.7  	     349.0  	     350.5  	     350.9  	     349.3  	     350.2  	     351.3  	     
350.6  	     351.8  	     349.0  	     350.3  	     351.0  	     349.4  	     350.1  	     351.3  	     
350.6  	     351.7  	     349.0  	     350.3  	     351.0  	     349.4  	     350.3  	     351.4  	     
350.7  	     351.8  	     349.0  	     350.5  	     351.0  	     349.4  	     350.2  	     351.4  	     
350.6  	     351.9  	     349.1  	     350.5  	     351.0  	     349.4  	     350.3  	     351.4  	     
350.4  	     351.9  	     349.1  	     350.4  	     351.0  	     349.4  	     350.4  	     351.5  	     
350.4  	     351.9  	     348.9  	     350.9  	     351.1  	     349.3  	     350.3  	     351.5  	     
350.6  	     351.9  	     349.0  	     350.5  	     351.1  	     349.3  	     350.5  	     351.4  	     
350.4  	     352.0  	     349.1  	     350.5  	     351.1  	     349.4  	     350.3  	     351.4  	     
350.4  	     351.9  	     349.1  	     350.7  	     351.1  	     349.5  	     350.5  	     351.4  	     
350.6  	     351.9  	     349.1  	     350.5  	     351.2  	     349.4  	     350.5  	     351.6  	     
350.4  	     351.9  	     348.9  	     350.5  	     351.1  	     349.5  	     350.3  	     351.6  	     
350.4  	     352.0  	     349.0  	     350.4  	     351.1  	     349.6  	     350.4  	     351.5  	     
350.3  	     352.0  	     349.0  	     350.4  	     351.0  	     349.4  	     350.5  	     351.7  	     
350.4  	     352.0  	     349.1  	     350.4  	     350.9  	     349.3  	     350.5  	     351.6  	     
350.6  	     352.0  	     349.1  	     350.5  	     351.0  	     349.5  	     350.6  	     351.7  	     
350.3  	     352.2  	     349.2  	     350.4  	     351.0  	     349.4  	     350.6  	     351.5  	     
350.2  	     352.2  	     349.2  	     350.4  	     351.0  	     349.4  	     350.4  	     351.6  	     
350.3  	     352.1  	     349.2  	     350.3  	     350.9  	     349.3  	     350.4  	     351.6  	     
350.3  	     352.1  	     349.2  	     350.6  	     351.2  	     349.3  	     350.4  	     351.6  	     
350.3  	     352.1  	     349.3  	     350.5  	     351.2  	     349.3  	     350.5  	     351.6  	     
350.4  	     352.1  	     349.2  	     350.5  	     351.1  	     349.5  	     350.5  	     351.7  	     
350.3  	     352.1  	     349.2  	     350.5  	     351.2  	     349.3  	     350.6  	     351.6  	     
350.3  	     352.1  	     349.1  	     350.5  	     351.1  	     349.4  	     350.5  	     351.6  	     
350.4  	     352.2  	     349.2  	     350.6  	     351.2  	     349.4  	     350.6  	     351.6  	     
350.4  	     352.2  	     349.3  	     350.6  	     351.2  	     349.5  	     350.6  	     351.6  	     
350.4  	     352.1  	     349.3  	     350.6  	     351.2  	     349.3  	     350.5  	     351.5  	     
350.4  	     352.2  	     349.1  	     350.5  	     351.2  	     349.3  	     350.6  	     351.6  	     
350.6  	     352.1  	     349.2  	     350.6  	     351.2  	     349.4  	     350.5  	     351.6  	     
350.1  	     352.1  	     349.2  	     350.6  	     351.2  	     349.4  	     350.5  	     351.6  	     
350.2  	     352.1  	     349.1  	     350.7  	     351.2  	     349.2  	     350.4  	     351.6  	     
350.3  	     352.1  	     349.1  	     350.5  	     351.2  	     349.4  	     350.6  	     351.5  	     
350.2  	     352.2  	     349.2  	     350.6  	     351.2  	     349.5  	     350.5  	     351.6  	     
350.2  	     352.2  	     349.3  	     350.6  	     351.2  	     349.4  	     350.6  	     351.7  	     
350.2  	     352.3  	     349.2  	     350.3  	     351.2  	     349.3  	     350.6  	     351.6  	     
350.1  	     352.3  	     349.1  	     350.6  	     351.2  	     349.6  	     350.5  	     351.7  	     
350.1  	     352.3  	     349.2  	     350.5  	     351.3  	     349.3  	     350.5  	     351.5  	     
350.2  	     352.2  	     349.1  	     350.6  	     351.1  	     349.4  	     350.5  	     351.6  	     
350.2  	     352.0  	     349.2  	     350.7  	     351.3  	     349.3  	     350.6  	     351.6  	     
350.0  	     352.2  	     349.1  	     350.7  	     351.1  	     349.3  	     350.6  	     351.6  	     
350.2  	     352.2  	     349.1  	     350.6  	     351.2  	     349.3  	     350.4  	     351.6  	     
350.2  	     352.3  	     349.1  	     350.5  	     351.2  	     349.2  	     350.5  	     351.7  	     
350.2  	     352.3  	     349.1  	     350.6  	     351.3  	     349.5  	     350.6  	     351.6  	     
350.4  	     352.2  	     349.1  	     350.7  	     351.3  	     349.4  	     350.6  	     351.6  	     
350.3  	     352.1  	     349.1  	     350.6  	     351.2  	     349.4  	     350.6  	     351.6  	     
350.3  	     352.2  	     349.1  	     350.6  	     351.2  	     349.4  	     350.5  	     351.6  	     
350.3  	     352.2  	     349.1  	     350.6  	     351.2  	     349.3  	     350.5  	     351.6  	     
350.2  	     352.2  	     349.2  	     350.6  	     351.2  	     349.6  	     350.5  	     351.7  	     
350.2  	     352.2  	     349.3  	     350.5  	     351.2  	     349.4  	     350.6  	     351.7  	     
350.1  	     352.2  	     349.1  	     350.5  	     351.1  	     349.4  	     350.4  	     351.6  	     
350.2  	     352.2  	     349.1  	     350.5  	     351.2  	     349.3  	     350.4  	     351.6  	     
350.2  	     352.2  	     349.1  	     350.5  	     351.1  	     349.3  	     350.5  	     351.5  	     
350.2  	     352.3  	     349.2  	     350.5  	     351.2  	     349.3  	     350.5  	     351.5  	     
350.2  	     352.2  	     349.2  	     350.7  	     351.2  	     349.4  	     350.6  	     351.6  	     
350.0  	     352.4  	     349.2  	     350.5  	     351.2  	     349.3  	     350.6  	     351.5  	     
350.0  	     352.1  	     349.2  	     350.4  	     351.1  	     349.3  	     350.4  	     351.6  	     
350.0  	     352.2  	     349.1  	     350.6  	     351.1  	     349.3  	     350.5  	     351.6  	     
350.2  	     352.2  	     349.1  	     350.5  	     351.2  	     349.5  	     350.6  	     351.7  	     
350.2  	     352.3  	     349.1  	     350.5  	     351.1  	     349.3  	     350.6  	     351.7  	     
350.1  	     352.4  	     349.2  	     350.5  	     351.1  	     349.4  	     350.6  	     351.5  	     
350.3  	     352.2  	     349.2  	     350.4  	     351.1  	     349.3  	     350.7  	     351.6  	     
350.2  	     352.2  	     349.1  	     350.5  	     351.2  	     349.5  	     350.7  	     351.5  	     
350.3  	     352.2  	     349.1  	     350.6  	     351.2  	     349.4  	     350.7  	     351.5  	     
350.4  	     352.3  	     349.2  	     350.6  	     351.2  	     349.3  	     350.5  	     351.6  	     
350.2  	     352.2  	     349.1  	     350.4  	     351.0  	     349.3  	     350.5  	     351.6  	     
350.1  	     352.0  	     349.1  	     350.5  	     351.0  	     349.1  	     350.4  	     351.5  	     
350.1  	     352.0  	     349.1  	     350.6  	     351.0  	     349.3  	     350.5  	     351.4  	     
350.1  	     352.3  	     349.1  	     350.5  	     351.1  	     349.3  	     350.5  	     351.5  	     
350.2  	     352.1  	     349.1  	     350.5  	     351.1  	     349.3  	     350.6  	     351.5  	     
350.2  	     352.4  	     349.3  	     350.5  	     351.1  	     349.4  	     350.7  	     351.6  	     
350.2  	     352.3  	     349.1  	     350.5  	     351.0  	     349.3  	     350.7  	     351.6  	     
350.1  	     352.2  	     349.1  	     350.4  	     351.0  	     349.3  	     350.5  	     351.5  	     
350.1  	     352.2  	     349.2  	     350.5  	     351.0  	     349.3  	     350.5  	     351.6  	     
350.2  	     352.2  	     349.2  	     350.5  	     351.2  	     349.4  	     350.6  	     351.6  	     
350.2  	     352.2  	     349.2  	     350.5  	     351.1  	     349.5  	     350.5  	     351.6  	     
350.1  	     352.1  	     349.1  	     350.5  	     351.2  	     349.4  	     350.6  	     351.7  	     
350.2  	     351.9  	     349.1  	     350.5  	     351.1  	     349.3  	     350.7  	     351.5  	     
350.2  	     352.2  	     349.1  	     350.5  	     351.1  	     349.2  	     350.5  	     351.5  	     
350.2  	     352.2  	     349.1  	     350.5  	     351.2  	     349.4  	     350.6  	     351.3  	     
350.3  	     352.2  	     349.2  	     350.6  	     351.1  	     349.3  	     350.5  	     351.5  	     
350.4  	     352.2  	     349.1  	     350.6  	     351.1  	     349.5  	     350.5  	     351.6  	     
350.4  	     352.2  	     349.2  	     350.5  	     351.6  	     349.4  	     350.6  	     351.6  	     
350.3  	     352.2  	     349.1  	     350.5  	     351.3  	     349.6  	     350.3  	     351.6  	     
350.6  	     352.2  	     349.1  	     350.6  	     351.2  	     349.4  	     350.7  	     351.6  	     
350.3  	     352.2  	     349.2  	     350.6  	     351.2  	     349.3  	     350.6  	     351.5  	     
350.6  	     352.2  	     349.2  	     350.7  	     351.3  	     349.3  	     350.8  	     351.7  	     
350.4  	     352.2  	     349.2  	     350.7  	     351.3  	     349.5  	     350.4  	     351.5  	     
350.6  	     352.2  	     349.1  	     350.6  	     351.2  	     349.4  	     350.5  	     351.6  	     
350.2  	     352.1  	     349.1  	     350.5  	     351.0  	     349.3  	     350.3  	     351.4  	     
350.1  	     352.0  	     349.0  	     350.1  	     350.6  	     349.0  	     350.1  	     351.1  	     
349.7  	     351.8  	     348.7  	     349.7  	     350.5  	     349.0  	     349.6  	     350.9  	     
349.3  	     351.4  	     348.4  	     349.3  	     350.2  	     348.7  	     349.0  	     350.2  	     
346.6  	     349.6  	     347.0  	     346.4  	     348.3  	     347.1  	     345.6  	     347.9  	     
345.4  	     349.0  	     346.2  	     345.0  	     347.3  	     346.4  	     344.0  	     346.5  	     
343.6  	     347.9  	     345.1  	     343.2  	     346.2  	     345.1  	     342.2  	     344.9  	     
340.9  	     346.5  	     343.4  	     341.1  	     344.3  	     343.4  	     339.4  	     342.4  	     
338.3  	     345.0  	     341.6  	     339.1  	     342.5  	     341.9  	     337.4  	     340.3  	     
335.0  	     343.3  	     339.2  	     336.1  	     339.6  	     339.3  	     334.2  	     337.4  	     
331.5  	     341.2  	     337.1  	     333.4  	     337.0  	     336.9  	     331.7  	     334.1  	     
329.5  	     339.9  	     335.6  	     331.4  	     335.7  	     335.5  	     330.2  	     332.3  	     
328.0  	     338.9  	     334.4  	     330.5  	     334.7  	     334.6  	     328.9  	     331.0  	     
324.1  	     336.8  	     331.8  	     327.4  	     332.0  	     331.5  	     325.5  	     327.6  	     
319.8  	     334.5  	     329.1  	     324.0  	     328.9  	     328.5  	     322.0  	     324.3  	     
316.9  	     331.7  	     326.4  	     320.7  	     325.4  	     325.3  	     318.9  	     320.4  	     
312.6  	     329.1  	     323.1  	     316.9  	     322.4  	     322.2  	     314.8  	     316.4  	     
308.5  	     326.4  	     320.1  	     313.2  	     318.8  	     318.8  	     311.3  	     312.5  	     
303.9  	     323.7  	     316.3  	     309.6  	     315.4  	     315.2  	     307.3  	     308.5  	     
299.4  	     320.8  	     312.8  	     305.8  	     311.7  	     311.4  	     303.9  	     304.6  	     
295.0  	     317.7  	     309.4  	     301.9  	     308.0  	     307.8  	     299.7  	     300.5  	     
290.6  	     314.6  	     305.7  	     298.3  	     304.4  	     304.2  	     295.7  	     296.5  	     
286.1  	     311.5  	     302.1  	     294.7  	     300.8  	     300.4  	     292.0  	     292.2  	     
281.9  	     308.4  	     298.4  	     290.6  	     296.5  	     296.6  	     288.1  	     288.0  	     
277.5  	     305.4  	     294.8  	     286.5  	     292.9  	     292.6  	     284.1  	     284.0  	     
273.1  	     301.8  	     291.1  	     282.6  	     289.2  	     288.9  	     280.5  	     279.8  	     
269.0  	     298.8  	     287.2  	     278.7  	     285.3  	     285.1  	     276.7  	     275.8  	     
264.9  	     295.5  	     283.7  	     275.4  	     281.7  	     281.5  	     273.2  	     272.0  	     
260.6  	     292.3  	     279.8  	     271.6  	     277.8  	     277.5  	     269.4  	     268.0  	     
256.4  	     288.8  	     276.2  	     267.8  	     274.3  	     273.8  	     266.0  	     264.1  	     
252.7  	     285.6  	     272.6  	     264.0  	     270.2  	     269.8  	     262.3  	     260.1  	     
248.9  	     282.5  	     269.0  	     260.5  	     266.5  	     266.1  	     258.8  	     256.3  	     
245.2  	     279.3  	     265.5  	     257.0  	     263.1  	     262.7  	     255.2  	     252.8  	     
241.4  	     276.1  	     262.1  	     253.8  	     259.7  	     258.8  	     252.0  	     249.2  	     
238.0  	     272.6  	     258.7  	     250.2  	     256.4  	     255.2  	     248.6  	     245.6  	     
234.7  	     269.6  	     255.1  	     246.8  	     252.7  	     251.8  	     245.3  	     242.3  	     
231.3  	     266.2  	     251.8  	     243.6  	     249.3  	     248.6  	     242.0  	     239.0  	     
228.0  	     263.3  	     248.5  	     240.3  	     246.1  	     245.0  	     239.0  	     235.7  	     
224.8  	     260.0  	     245.2  	     237.4  	     242.8  	     241.8  	     236.0  	     232.5  	     
222.0  	     257.3  	     242.0  	     234.0  	     239.3  	     238.4  	     232.5  	     229.3  	     
218.8  	     254.0  	     238.9  	     231.1  	     236.2  	     235.2  	     229.6  	     226.3  	     
215.9  	     251.2  	     235.6  	     228.2  	     233.3  	     232.4  	     226.8  	     223.4  	     
213.0  	     247.9  	     232.6  	     225.5  	     230.4  	     229.4  	     223.9  	     220.5  	     
210.3  	     245.0  	     229.4  	     222.3  	     227.4  	     226.4  	     221.3  	     217.6  	     
207.4  	     242.2  	     226.7  	     219.3  	     224.7  	     223.4  	     218.5  	     214.8  	     
204.7  	     239.3  	     223.9  	     217.1  	     221.9  	     220.6  	     215.9  	     211.9  	     
202.0  	     236.4  	     221.0  	     214.3  	     218.9  	     217.9  	     212.8  	     209.4  	     
199.6  	     233.8  	     218.3  	     211.7  	     216.3  	     215.1  	     210.5  	     206.9  	     
197.2  	     231.2  	     215.6  	     209.5  	     213.9  	     212.7  	     208.0  	     204.3  	     
194.8  	     228.4  	     213.1  	     206.9  	     211.3  	     209.8  	     205.6  	     202.0  	     
192.5  	     226.0  	     210.6  	     204.2  	     208.7  	     207.3  	     203.2  	     199.6  	     
190.3  	     223.4  	     207.9  	     202.0  	     206.2  	     204.9  	     201.0  	     197.4  	     
188.3  	     220.5  	     205.5  	     200.0  	     204.0  	     202.6  	     198.9  	     195.2  	     
186.1  	     217.9  	     203.1  	     197.5  	     201.4  	     200.2  	     196.7  	     192.9  	     
183.9  	     215.6  	     201.0  	     195.2  	     199.4  	     197.7  	     194.1  	     190.8  	     
182.1  	     213.2  	     198.5  	     193.2  	     197.2  	     195.6  	     192.0  	     188.8  	     
180.2  	     210.6  	     196.2  	     191.1  	     194.8  	     193.3  	     189.8  	     186.7  	     
178.3  	     208.2  	     194.1  	     188.9  	     192.7  	     191.3  	     187.6  	     184.7  	     
176.3  	     206.0  	     191.8  	     187.2  	     190.7  	     189.1  	     185.9  	     182.8  	     
174.7  	     203.8  	     189.9  	     185.1  	     188.7  	     187.1  	     184.1  	     180.8  	     
172.9  	     201.7  	     187.8  	     183.3  	     186.8  	     185.1  	     182.5  	     179.0  	     
171.3  	     199.6  	     186.0  	     181.4  	     184.9  	     183.2  	     180.5  	     177.2  	     
169.7  	     197.2  	     183.9  	     179.9  	     183.0  	     181.2  	     178.4  	     175.4  	     
168.0  	     195.3  	     182.2  	     178.7  	     181.0  	     179.2  	     176.5  	     173.9  	     
166.6  	     193.2  	     180.3  	     176.2  	     180.2  	     177.5  	     174.8  	     172.0  	     
165.2  	     191.3  	     178.4  	     174.5  	     177.6  	     175.8  	     170.3  	     170.4  	     
163.6  	     189.5  	     176.7  	     172.9  	     175.9  	     174.0  	     171.9  	     168.9  	     
162.1  	     187.6  	     174.9  	     171.3  	     174.2  	     172.4  	     169.9  	     167.4  	     
160.7  	     185.9  	     173.3  	     169.9  	     172.8  	     170.8  	     168.2  	     165.9  	     
159.3  	     183.9  	     171.7  	     168.1  	     171.0  	     169.3  	     166.8  	     164.4  	     
158.0  	     182.1  	     170.0  	     166.7  	     169.4  	     167.5  	     165.3  	     163.1  	     
156.7  	     180.4  	     168.3  	     165.3  	     168.0  	     166.1  	     163.8  	     161.6  	     
156.3  	     179.7  	     167.8  	     164.8  	     167.5  	     165.7  	     149.6  	     160.9  	     
155.5  	     178.6  	     166.8  	     164.0  	     166.4  	     164.8  	     162.8  	     160.5  	     
154.4  	     176.8  	     165.3  	     162.5  	     165.1  	     163.3  	     161.5  	     159.2  	     
153.2  	     175.3  	     164.0  	     161.3  	     163.6  	     162.0  	     160.1  	     158.0  	     
151.9  	     173.9  	     162.4  	     159.9  	     162.4  	     160.7  	     158.9  	     156.9  	     
150.8  	     172.2  	     161.2  	     158.5  	     161.0  	     159.2  	     157.6  	     155.4  	     
149.7  	     170.7  	     159.8  	     157.4  	     159.8  	     157.9  	     156.4  	     154.2  	     
148.5  	     169.2  	     158.5  	     156.0  	     158.4  	     156.7  	     155.2  	     153.2  	     
147.5  	     167.4  	     157.3  	     154.9  	     157.5  	     155.5  	     153.9  	     152.0  	     
146.6  	     166.1  	     156.1  	     153.8  	     156.0  	     154.2  	     152.8  	     151.0  	     
145.8  	     164.7  	     154.8  	     152.7  	     154.5  	     153.0  	     151.7  	     149.9  	     
144.8  	     163.4  	     153.7  	     151.7  	     153.6  	     151.8  	     150.6  	     148.7  	     
143.9  	     162.0  	     152.5  	     150.6  	     152.5  	     150.7  	     149.4  	     147.5  	     
143.0  	     161.0  	     151.4  	     149.4  	     151.5  	     149.6  	     148.5  	     146.5  	     
142.0  	     159.6  	     150.3  	     148.4  	     150.4  	     148.7  	     146.8  	     145.6  	     
141.1  	     158.3  	     149.3  	     147.5  	     149.3  	     147.6  	     146.4  	     144.7  	     
140.2  	     156.8  	     148.1  	     146.5  	     148.3  	     146.5  	     145.5  	     143.8  	     
139.4  	     155.7  	     147.1  	     145.4  	     147.3  	     145.5  	     144.3  	     142.8  	     
138.6  	     154.5  	     146.1  	     144.6  	     146.3  	     144.3  	     143.5  	     142.0  	     
138.0  	     153.5  	     145.2  	     143.6  	     145.2  	     143.8  	     142.4  	     141.1  	     
136.9  	     152.4  	     144.2  	     142.6  	     144.5  	     142.7  	     141.6  	     140.3  	     
136.4  	     151.3  	     143.3  	     141.7  	     143.3  	     141.9  	     140.6  	     139.6  	     
135.6  	     150.4  	     142.4  	     140.8  	     142.6  	     141.1  	     139.7  	     138.8  	     
134.9  	     149.2  	     141.4  	     140.0  	     141.8  	     140.2  	     139.2  	     138.1  	     
134.6  	     148.9  	     141.2  	     139.8  	     141.5  	     140.0  	     138.9  	     137.9  	     
133.9  	     148.1  	     140.4  	     138.8  	     140.6  	     139.1  	     138.0  	     136.9  	     
132.6  	     146.5  	     139.2  	     137.2  	     139.1  	     137.9  	     136.2  	     135.4  	     
131.2  	     145.2  	     138.0  	     135.8  	     137.7  	     136.6  	     134.8  	     134.2  	     
129.6  	     144.1  	     136.9  	     134.3  	     136.8  	     135.3  	     132.1  	     132.6  	     
128.4  	     142.8  	     135.6  	     133.3  	     135.4  	     134.2  	     132.2  	     131.4  	     
127.1  	     141.9  	     134.5  	     132.2  	     134.3  	     133.1  	     131.2  	     130.3  	     
125.9  	     140.9  	     133.5  	     131.4  	     133.4  	     132.1  	     130.3  	     129.3  	     
125.0  	     140.1  	     132.5  	     130.8  	     132.6  	     131.1  	     129.7  	     128.3  	     
124.0  	     139.4  	     131.8  	     130.2  	     131.9  	     130.3  	     129.1  	     127.5  	     
123.4  	     138.6  	     131.0  	     129.6  	     131.3  	     129.3  	     120.9  	     126.9  	     
122.7  	     138.2  	     130.6  	     129.2  	     130.7  	     128.8  	     128.4  	     126.5  	     
122.6  	     137.7  	     130.3  	     129.1  	     130.6  	     128.5  	     128.1  	     126.4  	     