
G49-PTC3  	G49-PTC4  	G49-PTC8  	G49-PTC12  	G49-PTC20  	G49-PTC26  	G49-PTC36  	G49-PTC43  	
Deg.F  	     Deg.F  	     Deg.F  	     Deg.F  	     Deg.F  	     Deg.F  	     Deg.F  	     Deg.F  	     
74.8  	     73.4  	     72.2  	     74.1  	     74.0  	     73.9  	     73.7  	     74.8  	     
74.8  	     73.4  	     72.2  	     74.1  	     74.0  	     73.9  	     73.7  	     74.8  	     
74.8  	     73.4  	     72.2  	     74.1  	     74.0  	     73.9  	     74.0  	     74.7  	     
75.7  	     74.6  	     73.1  	     74.9  	     74.3  	     74.4  	     74.4  	     75.2  	     
76.3  	     75.5  	     73.4  	     75.5  	     74.6  	     75.4  	     74.9  	     76.1  	     
77.1  	     76.2  	     73.8  	     75.8  	     74.7  	     76.0  	     75.2  	     76.8  	     
77.8  	     76.5  	     74.3  	     76.2  	     75.1  	     76.8  	     75.8  	     77.6  	     
78.6  	     77.0  	     74.6  	     76.5  	     75.4  	     77.5  	     76.0  	     78.3  	     
79.2  	     77.4  	     74.7  	     76.8  	     75.6  	     78.2  	     76.4  	     78.8  	     
80.0  	     77.9  	     75.1  	     77.0  	     75.9  	     79.1  	     76.9  	     79.5  	     
80.7  	     78.4  	     75.4  	     77.2  	     76.2  	     79.8  	     77.0  	     80.1  	     
81.3  	     78.7  	     75.8  	     77.4  	     76.4  	     80.5  	     77.3  	     80.7  	     
82.0  	     79.2  	     75.4  	     77.8  	     76.7  	     81.1  	     77.5  	     81.3  	     
82.6  	     79.6  	     78.2  	     78.1  	     76.8  	     81.9  	     77.8  	     81.7  	     
83.2  	     80.0  	     76.6  	     78.3  	     77.2  	     82.5  	     78.2  	     82.2  	     
83.9  	     80.5  	     76.8  	     78.6  	     77.5  	     83.0  	     78.4  	     82.6  	     
84.5  	     80.8  	     76.9  	     78.8  	     77.8  	     83.8  	     78.7  	     83.1  	     
85.0  	     81.2  	     77.4  	     79.2  	     78.0  	     84.3  	     79.2  	     83.6  	     
85.0  	     81.2  	     77.4  	     79.2  	     78.0  	     84.3  	     79.2  	     83.6  	     
85.6  	     81.7  	     77.8  	     79.5  	     78.2  	     84.8  	     79.2  	     84.2  	     
86.1  	     82.1  	     78.1  	     79.6  	     78.4  	     85.5  	     79.6  	     84.4  	     
86.6  	     82.4  	     78.3  	     79.9  	     78.7  	     85.9  	     79.9  	     85.0  	     
87.1  	     82.9  	     78.6  	     80.3  	     79.0  	     86.4  	     80.1  	     85.2  	     
87.7  	     83.2  	     78.9  	     80.3  	     79.0  	     86.9  	     80.3  	     85.7  	     
87.8  	     83.3  	     78.9  	     80.2  	     79.2  	     87.0  	     80.4  	     85.7  	     
88.2  	     83.7  	     79.1  	     80.8  	     79.4  	     87.4  	     80.7  	     86.0  	     
88.8  	     84.1  	     81.4  	     81.3  	     79.7  	     87.8  	     81.0  	     86.6  	     
89.3  	     84.6  	     81.7  	     81.9  	     80.1  	     88.4  	     81.6  	     87.2  	     
90.0  	     85.2  	     81.9  	     82.3  	     80.6  	     89.1  	     82.0  	     87.9  	     
90.9  	     85.9  	     83.2  	     83.2  	     81.1  	     90.0  	     82.7  	     88.7  	     
92.5  	     87.2  	     84.7  	     84.6  	     81.8  	     91.5  	     83.9  	     90.1  	     
94.8  	     89.0  	     86.7  	     87.0  	     82.9  	     93.6  	     85.3  	     92.1  	     
97.7  	     91.2  	     89.0  	     89.1  	     84.1  	     96.6  	     86.9  	     94.6  	     
101.4  	     94.0  	     91.3  	     91.3  	     85.6  	     100.0  	     88.6  	     97.5  	     
105.1  	     96.7  	     93.7  	     93.6  	     87.2  	     103.8  	     90.5  	     100.3  	     
109.2  	     99.8  	     96.2  	     96.0  	     88.9  	     107.9  	     92.9  	     103.4  	     
113.6  	     102.9  	     98.8  	     98.3  	     90.8  	     112.2  	     95.2  	     106.6  	     
118.2  	     106.3  	     101.9  	     101.1  	     92.8  	     116.6  	     97.6  	     110.2  	     
119.4  	     107.1  	     102.5  	     101.7  	     93.3  	     117.7  	     98.2  	     111.0  	     
123.1  	     110.1  	     104.8  	     103.9  	     95.0  	     121.4  	     99.9  	     113.7  	     
128.2  	     113.8  	     107.7  	     106.9  	     97.4  	     126.2  	     102.6  	     117.6  	     
133.3  	     117.9  	     111.0  	     109.8  	     99.8  	     131.0  	     105.1  	     121.5  	     
138.7  	     122.0  	     114.1  	     112.9  	     102.3  	     135.9  	     107.7  	     125.5  	     
144.0  	     126.2  	     117.6  	     116.1  	     105.0  	     140.8  	     110.9  	     129.7  	     
149.7  	     130.5  	     120.9  	     119.2  	     107.8  	     145.8  	     114.0  	     133.8  	     
155.2  	     134.9  	     124.4  	     122.6  	     110.7  	     150.7  	     117.1  	     137.9  	     
160.6  	     139.3  	     128.1  	     125.7  	     113.7  	     155.7  	     120.6  	     142.5  	     
166.4  	     143.7  	     131.6  	     129.1  	     116.7  	     160.8  	     123.9  	     147.0  	     
172.0  	     148.4  	     135.7  	     132.9  	     119.8  	     165.8  	     127.2  	     151.4  	     
172.4  	     148.7  	     135.8  	     133.1  	     120.1  	     166.1  	     127.3  	     151.7  	     
178.0  	     153.0  	     139.0  	     136.2  	     123.1  	     171.4  	     130.7  	     156.1  	     
183.1  	     157.6  	     142.8  	     139.4  	     126.4  	     176.4  	     134.1  	     160.5  	     
188.1  	     161.6  	     145.4  	     142.2  	     129.4  	     181.5  	     137.5  	     164.6  	     
192.7  	     165.5  	     148.7  	     145.2  	     132.3  	     186.0  	     140.5  	     168.6  	     
197.0  	     169.6  	     151.8  	     148.0  	     135.4  	     190.3  	     143.4  	     172.3  	     
201.1  	     173.5  	     154.7  	     150.8  	     138.4  	     194.3  	     146.7  	     175.9  	     
205.0  	     177.2  	     157.4  	     153.3  	     141.3  	     198.2  	     149.5  	     179.3  	     
208.6  	     180.8  	     160.1  	     156.1  	     144.1  	     201.8  	     152.4  	     182.6  	     
211.9  	     184.1  	     162.7  	     158.7  	     146.9  	     205.1  	     155.0  	     185.6  	     
215.0  	     187.3  	     164.9  	     161.2  	     149.7  	     208.3  	     157.9  	     188.7  	     
217.9  	     190.4  	     167.6  	     163.8  	     152.3  	     211.3  	     160.5  	     191.5  	     
219.2  	     191.8  	     168.6  	     164.9  	     153.5  	     212.7  	     161.6  	     192.7  	     
220.9  	     193.9  	     170.1  	     166.7  	     155.4  	     214.3  	     163.4  	     194.2  	     
223.3  	     196.6  	     172.7  	     169.0  	     157.9  	     217.2  	     166.1  	     196.7  	     
224.4  	     197.8  	     173.6  	     169.9  	     159.1  	     218.4  	     167.4  	     197.8  	     
225.8  	     199.5  	     174.8  	     171.3  	     160.5  	     219.7  	     168.8  	     199.2  	     
228.2  	     202.2  	     177.4  	     174.2  	     163.2  	     222.3  	     171.3  	     201.8  	     
231.3  	     205.8  	     181.1  	     177.7  	     166.1  	     225.5  	     174.7  	     205.3  	     
234.9  	     209.4  	     185.4  	     181.7  	     169.5  	     229.3  	     178.4  	     209.1  	     
239.3  	     213.7  	     189.0  	     185.7  	     173.1  	     233.8  	     182.4  	     213.3  	     
243.8  	     218.1  	     193.1  	     190.0  	     177.0  	     238.5  	     186.8  	     218.0  	     
249.0  	     222.9  	     197.7  	     195.0  	     181.1  	     243.6  	     191.3  	     222.8  	     
254.2  	     228.0  	     201.9  	     199.7  	     185.5  	     249.0  	     195.9  	     227.7  	     
259.7  	     233.1  	     206.6  	     204.6  	     189.9  	     254.5  	     200.7  	     232.9  	     
265.5  	     238.8  	     211.5  	     210.1  	     194.6  	     260.4  	     206.0  	     238.2  	     
271.6  	     244.7  	     217.3  	     215.5  	     199.6  	     266.5  	     211.2  	     243.6  	     
277.6  	     250.4  	     222.8  	     221.3  	     204.7  	     272.8  	     216.8  	     249.4  	     
283.9  	     256.8  	     228.7  	     227.0  	     210.1  	     279.2  	     223.0  	     255.2  	     
290.3  	     263.0  	     234.1  	     232.8  	     215.5  	     285.6  	     228.5  	     261.0  	     
296.7  	     269.3  	     240.4  	     239.1  	     221.1  	     292.2  	     234.8  	     267.0  	     
303.2  	     276.1  	     246.2  	     244.9  	     226.6  	     298.8  	     240.6  	     272.3  	     
309.8  	     282.7  	     252.1  	     251.1  	     232.2  	     305.1  	     247.0  	     278.1  	     
316.0  	     288.9  	     258.8  	     257.0  	     237.8  	     311.3  	     252.8  	     283.6  	     
322.4  	     295.6  	     262.2  	     263.2  	     243.3  	     317.5  	     259.0  	     289.4  	     
328.6  	     302.1  	     270.2  	     268.7  	     249.1  	     323.4  	     264.8  	     294.9  	     
333.9  	     307.4  	     275.1  	     273.6  	     254.5  	     328.7  	     270.0  	     300.1  	     
338.2  	     312.6  	     277.4  	     277.8  	     259.2  	     333.1  	     274.8  	     304.8  	     
339.0  	     313.6  	     280.2  	     278.8  	     260.5  	     333.7  	     275.6  	     305.8  	     
341.4  	     316.5  	     282.5  	     281.6  	     263.8  	     336.1  	     278.5  	     308.7  	     
344.0  	     320.0  	     286.2  	     285.0  	     268.0  	     338.5  	     282.5  	     311.7  	     
345.9  	     323.6  	     289.4  	     288.4  	     272.0  	     340.7  	     286.2  	     314.6  	     
347.7  	     326.5  	     292.5  	     291.5  	     275.8  	     342.4  	     289.6  	     317.1  	     
348.9  	     329.0  	     295.6  	     294.4  	     279.2  	     344.0  	     292.7  	     319.4  	     
349.8  	     331.3  	     298.3  	     297.0  	     282.7  	     345.1  	     295.5  	     321.6  	     
350.5  	     333.3  	     300.9  	     299.7  	     285.8  	     345.9  	     298.4  	     323.5  	     
351.0  	     335.1  	     303.2  	     302.1  	     288.8  	     346.7  	     301.0  	     325.2  	     
351.3  	     336.7  	     305.5  	     304.5  	     291.7  	     347.4  	     303.3  	     326.9  	     
351.7  	     338.1  	     307.6  	     306.7  	     294.5  	     347.9  	     305.4  	     328.3  	     
351.8  	     339.4  	     309.5  	     308.9  	     297.1  	     348.4  	     307.9  	     329.8  	     
352.0  	     340.5  	     311.4  	     310.8  	     299.6  	     348.7  	     310.0  	     330.9  	     
352.2  	     341.6  	     313.1  	     312.7  	     302.0  	     349.0  	     311.8  	     332.2  	     
352.3  	     342.5  	     315.0  	     314.5  	     304.3  	     349.3  	     313.7  	     333.4  	     
352.4  	     343.4  	     316.4  	     316.2  	     306.5  	     349.5  	     315.4  	     334.4  	     
352.4  	     344.2  	     317.9  	     317.9  	     308.5  	     349.6  	     317.5  	     335.3  	     
352.5  	     345.0  	     319.5  	     319.4  	     310.5  	     349.9  	     319.1  	     336.1  	     
352.5  	     345.6  	     320.8  	     321.1  	     312.6  	     349.9  	     320.7  	     337.1  	     
352.6  	     346.2  	     322.1  	     322.4  	     314.3  	     350.0  	     322.2  	     337.7  	     
352.5  	     346.8  	     323.3  	     323.7  	     316.0  	     350.1  	     323.4  	     338.5  	     
352.6  	     347.3  	     324.6  	     325.0  	     317.6  	     350.2  	     324.7  	     339.1  	     
352.6  	     347.8  	     325.8  	     326.4  	     319.2  	     350.3  	     325.8  	     339.8  	     
352.7  	     348.2  	     327.0  	     327.6  	     320.8  	     350.3  	     327.2  	     340.4  	     
352.7  	     348.5  	     327.9  	     328.7  	     322.2  	     350.4  	     328.4  	     340.9  	     
352.7  	     348.9  	     326.8  	     329.9  	     323.7  	     350.4  	     329.6  	     341.5  	     
352.7  	     349.3  	     327.7  	     330.9  	     324.9  	     350.4  	     330.5  	     342.0  	     
352.8  	     349.6  	     328.5  	     331.9  	     326.3  	     350.4  	     331.5  	     342.3  	     
352.8  	     349.9  	     330.5  	     332.8  	     327.6  	     350.5  	     332.4  	     342.7  	     
352.8  	     350.0  	     332.3  	     333.8  	     328.8  	     350.5  	     333.5  	     343.1  	     
352.7  	     350.2  	     331.2  	     334.8  	     329.9  	     350.6  	     334.2  	     343.6  	     
352.7  	     350.6  	     333.8  	     335.7  	     331.0  	     350.5  	     335.0  	     343.8  	     
352.8  	     350.7  	     333.2  	     336.5  	     332.1  	     350.6  	     336.0  	     344.3  	     
352.8  	     350.9  	     335.1  	     337.3  	     333.1  	     350.7  	     336.6  	     344.5  	     
352.8  	     351.1  	     335.5  	     338.3  	     334.2  	     350.7  	     337.5  	     345.0  	     
352.9  	     351.2  	     334.1  	     338.8  	     335.0  	     350.8  	     338.0  	     345.2  	     
352.9  	     351.4  	     337.2  	     339.2  	     336.0  	     350.8  	     338.7  	     345.4  	     
353.0  	     351.6  	     336.1  	     340.0  	     336.9  	     350.8  	     339.3  	     345.6  	     
353.0  	     351.7  	     337.5  	     340.7  	     337.6  	     350.9  	     340.1  	     345.9  	     
353.0  	     351.8  	     337.3  	     341.3  	     338.5  	     350.9  	     340.8  	     346.1  	     
353.0  	     351.9  	     339.0  	     341.9  	     339.2  	     351.0  	     341.3  	     346.3  	     
353.0  	     352.0  	     339.5  	     342.5  	     339.9  	     350.8  	     341.7  	     346.5  	     
353.1  	     352.1  	     339.9  	     342.8  	     340.6  	     350.9  	     342.1  	     346.6  	     
353.0  	     352.2  	     340.3  	     343.4  	     341.2  	     350.8  	     342.7  	     346.8  	     
353.0  	     352.3  	     340.7  	     344.0  	     341.9  	     350.9  	     343.0  	     347.0  	     
353.1  	     352.3  	     340.8  	     343.7  	     342.0  	     350.9  	     343.0  	     347.1  	     
353.0  	     352.3  	     340.9  	     344.0  	     342.5  	     350.9  	     343.6  	     347.0  	     
353.0  	     352.4  	     341.3  	     344.4  	     343.2  	     351.0  	     343.9  	     347.2  	     
353.1  	     352.4  	     341.3  	     344.8  	     343.7  	     351.0  	     344.5  	     347.4  	     
353.1  	     352.4  	     340.1  	     345.2  	     344.2  	     351.0  	     344.8  	     347.5  	     
353.1  	     352.5  	     342.0  	     345.5  	     344.6  	     351.0  	     344.9  	     347.6  	     
353.0  	     352.4  	     342.3  	     345.9  	     345.0  	     350.9  	     345.4  	     347.6  	     
353.0  	     352.4  	     340.3  	     345.8  	     345.5  	     350.9  	     345.7  	     347.8  	     
352.9  	     352.4  	     341.4  	     346.4  	     345.9  	     350.8  	     345.9  	     347.7  	     
352.9  	     352.4  	     340.6  	     346.6  	     346.3  	     350.9  	     346.1  	     347.8  	     
352.7  	     352.4  	     341.1  	     346.8  	     346.6  	     350.8  	     346.4  	     348.0  	     
352.7  	     352.4  	     341.0  	     347.0  	     346.9  	     350.7  	     346.6  	     347.9  	     
352.7  	     352.3  	     341.2  	     347.3  	     347.3  	     350.7  	     346.7  	     347.9  	     
352.7  	     352.3  	     341.4  	     347.5  	     347.5  	     350.6  	     346.7  	     348.0  	     
352.6  	     352.2  	     341.5  	     347.7  	     347.9  	     350.6  	     346.9  	     348.0  	     
352.6  	     352.3  	     341.6  	     347.8  	     348.2  	     350.6  	     347.2  	     348.0  	     
352.5  	     352.3  	     341.8  	     348.2  	     348.5  	     350.6  	     347.1  	     348.0  	     
352.5  	     352.3  	     342.7  	     348.3  	     348.7  	     350.6  	     347.3  	     348.2  	     
352.5  	     352.3  	     343.6  	     348.6  	     348.8  	     350.5  	     347.6  	     348.2  	     
352.5  	     352.2  	     343.9  	     348.6  	     349.2  	     350.5  	     348.1  	     348.3  	     
352.5  	     352.3  	     344.6  	     348.8  	     349.5  	     350.5  	     348.3  	     348.0  	     
352.5  	     352.3  	     343.9  	     348.8  	     349.7  	     350.4  	     348.5  	     348.1  	     
352.5  	     352.3  	     342.3  	     349.0  	     349.7  	     350.5  	     348.4  	     348.2  	     
352.5  	     352.3  	     342.5  	     349.1  	     350.0  	     350.5  	     348.8  	     348.2  	     
352.5  	     352.3  	     345.1  	     349.1  	     350.0  	     350.5  	     348.9  	     348.2  	     
352.4  	     352.3  	     343.4  	     349.4  	     350.3  	     350.5  	     349.0  	     348.2  	     
352.4  	     352.4  	     342.9  	     349.5  	     350.5  	     350.5  	     349.0  	     348.2  	     
352.5  	     352.3  	     343.2  	     349.6  	     350.7  	     350.6  	     349.4  	     348.1  	     
352.4  	     352.3  	     343.4  	     350.1  	     350.9  	     350.5  	     349.4  	     348.2  	     
352.4  	     352.2  	     343.2  	     349.6  	     351.0  	     350.4  	     349.6  	     348.3  	     
352.4  	     352.2  	     343.6  	     349.9  	     351.0  	     350.5  	     349.6  	     348.3  	     
352.5  	     352.3  	     343.6  	     349.9  	     351.2  	     350.3  	     349.7  	     348.4  	     
352.5  	     352.1  	     343.9  	     350.0  	     351.4  	     350.3  	     349.7  	     348.3  	     
352.4  	     352.1  	     343.8  	     350.3  	     351.4  	     350.4  	     349.7  	     348.3  	     
352.4  	     352.1  	     343.9  	     350.3  	     351.5  	     350.5  	     349.9  	     348.3  	     
352.4  	     352.2  	     344.0  	     350.3  	     351.6  	     350.5  	     350.0  	     348.4  	     
352.4  	     352.1  	     344.1  	     350.4  	     351.7  	     350.4  	     350.2  	     348.5  	     
352.3  	     352.1  	     344.1  	     350.4  	     351.7  	     350.5  	     350.4  	     348.4  	     
352.3  	     352.1  	     344.1  	     350.5  	     351.9  	     350.4  	     350.5  	     348.4  	     
352.4  	     352.2  	     344.2  	     350.5  	     351.8  	     350.4  	     350.6  	     348.5  	     
352.4  	     352.3  	     344.3  	     350.6  	     351.9  	     350.5  	     350.8  	     348.4  	     
352.4  	     352.2  	     344.4  	     350.4  	     352.1  	     350.5  	     350.5  	     348.3  	     
352.4  	     352.1  	     344.4  	     350.8  	     352.1  	     350.4  	     350.8  	     348.4  	     
352.4  	     352.1  	     344.6  	     350.7  	     352.2  	     350.4  	     350.7  	     348.4  	     
352.3  	     352.0  	     344.5  	     350.8  	     352.1  	     350.3  	     350.8  	     348.3  	     
352.2  	     352.1  	     344.5  	     350.7  	     352.2  	     350.3  	     350.9  	     348.4  	     
352.2  	     352.1  	     344.5  	     350.6  	     352.3  	     350.2  	     350.9  	     348.4  	     
352.2  	     352.0  	     344.6  	     350.9  	     352.2  	     350.3  	     350.6  	     348.4  	     
352.2  	     352.0  	     344.6  	     351.0  	     352.3  	     350.3  	     350.6  	     348.4  	     
352.3  	     352.0  	     344.4  	     351.0  	     352.4  	     350.3  	     350.6  	     348.4  	     
352.3  	     352.1  	     344.6  	     351.0  	     352.5  	     350.4  	     350.7  	     348.2  	     
352.2  	     352.1  	     344.4  	     350.9  	     352.5  	     350.3  	     350.6  	     348.4  	     
352.2  	     352.1  	     344.5  	     351.1  	     352.5  	     350.3  	     350.6  	     348.2  	     
352.2  	     351.9  	     344.6  	     351.0  	     352.5  	     350.4  	     350.8  	     348.2  	     
352.2  	     352.1  	     344.5  	     351.2  	     352.5  	     350.2  	     350.9  	     348.3  	     
352.3  	     352.1  	     344.7  	     351.2  	     352.5  	     350.3  	     350.8  	     348.3  	     
352.2  	     351.9  	     344.7  	     351.0  	     352.4  	     350.3  	     351.2  	     348.3  	     
352.2  	     351.9  	     344.4  	     351.2  	     352.6  	     350.3  	     351.1  	     348.3  	     
352.2  	     351.9  	     344.7  	     351.1  	     352.6  	     350.3  	     351.2  	     348.3  	     
352.2  	     351.9  	     345.4  	     350.9  	     352.6  	     350.2  	     351.2  	     348.3  	     
352.1  	     351.9  	     345.3  	     351.0  	     352.6  	     350.1  	     351.3  	     348.3  	     
352.1  	     351.9  	     345.0  	     351.2  	     352.6  	     350.1  	     350.8  	     348.2  	     
352.1  	     351.8  	     344.9  	     351.2  	     352.6  	     350.2  	     351.0  	     348.3  	     
352.1  	     351.7  	     344.9  	     351.3  	     352.6  	     350.2  	     351.0  	     348.3  	     
352.0  	     351.8  	     345.3  	     351.4  	     352.7  	     350.3  	     351.1  	     348.4  	     
352.0  	     351.9  	     345.1  	     351.2  	     352.7  	     350.2  	     350.6  	     348.4  	     
352.0  	     351.9  	     345.6  	     351.4  	     352.7  	     350.1  	     351.2  	     348.2  	     
352.0  	     351.8  	     345.2  	     351.1  	     352.6  	     350.1  	     351.3  	     348.1  	     
352.1  	     351.8  	     345.8  	     351.4  	     352.7  	     350.0  	     351.3  	     348.1  	     
352.0  	     351.8  	     345.6  	     351.3  	     352.8  	     350.1  	     351.3  	     348.1  	     
352.0  	     351.7  	     345.7  	     351.2  	     352.7  	     350.0  	     351.3  	     348.2  	     
352.0  	     351.6  	     345.6  	     351.5  	     352.7  	     350.2  	     351.5  	     348.2  	     
352.0  	     351.7  	     345.3  	     351.4  	     352.7  	     350.1  	     350.9  	     348.4  	     
351.9  	     351.7  	     344.9  	     351.2  	     352.8  	     350.1  	     350.8  	     348.4  	     
351.8  	     351.6  	     344.9  	     351.1  	     352.7  	     349.9  	     351.6  	     348.3  	     
351.9  	     351.7  	     345.0  	     351.4  	     352.6  	     350.1  	     350.2  	     348.2  	     
352.0  	     351.8  	     344.9  	     351.4  	     352.6  	     350.2  	     350.7  	     348.2  	     
351.9  	     351.7  	     345.1  	     351.5  	     352.7  	     350.0  	     351.2  	     348.2  	     
352.0  	     351.8  	     345.4  	     351.4  	     352.8  	     350.1  	     351.1  	     348.2  	     
351.9  	     351.7  	     344.9  	     351.4  	     352.8  	     350.1  	     351.2  	     348.3  	     
351.9  	     351.6  	     345.0  	     351.4  	     352.7  	     350.1  	     351.3  	     348.2  	     
352.0  	     351.7  	     345.1  	     351.5  	     352.7  	     349.9  	     351.1  	     348.2  	     
352.0  	     351.7  	     344.9  	     351.3  	     352.7  	     349.9  	     351.3  	     348.2  	     
352.0  	     351.7  	     345.1  	     351.5  	     352.7  	     349.9  	     351.5  	     348.1  	     
351.9  	     351.6  	     344.9  	     351.2  	     352.6  	     349.9  	     351.7  	     348.1  	     
351.9  	     351.6  	     344.9  	     351.4  	     352.7  	     349.9  	     351.4  	     348.1  	     
351.8  	     351.6  	     345.2  	     351.6  	     352.6  	     349.9  	     351.2  	     348.1  	     
351.8  	     351.6  	     345.0  	     351.5  	     352.6  	     349.9  	     351.2  	     348.2  	     
351.8  	     351.6  	     345.0  	     351.4  	     352.7  	     349.9  	     351.6  	     348.1  	     
351.8  	     351.5  	     344.9  	     351.5  	     352.5  	     349.9  	     351.5  	     348.1  	     
351.8  	     351.6  	     344.8  	     351.6  	     352.6  	     349.9  	     351.4  	     348.0  	     
351.7  	     351.5  	     344.9  	     351.4  	     352.5  	     349.8  	     351.4  	     348.0  	     
351.7  	     351.5  	     344.9  	     351.4  	     352.6  	     349.9  	     351.4  	     348.0  	     
351.7  	     351.5  	     344.9  	     351.6  	     352.6  	     349.9  	     351.5  	     348.1  	     
351.6  	     351.4  	     344.9  	     351.3  	     352.6  	     349.8  	     351.4  	     348.0  	     
351.7  	     351.4  	     345.1  	     351.4  	     352.6  	     349.8  	     351.5  	     348.0  	     
351.7  	     351.6  	     345.4  	     351.4  	     352.5  	     349.9  	     351.5  	     347.9  	     
351.8  	     351.5  	     345.9  	     351.4  	     352.6  	     349.9  	     351.5  	     348.0  	     
351.7  	     351.4  	     346.9  	     351.1  	     352.6  	     349.8  	     351.4  	     347.9  	     
351.7  	     351.4  	     345.8  	     351.3  	     352.5  	     349.8  	     351.5  	     348.0  	     
351.6  	     351.5  	     345.9  	     351.1  	     352.6  	     349.9  	     351.4  	     348.0  	     
351.7  	     351.5  	     346.1  	     351.3  	     352.6  	     349.8  	     351.4  	     347.9  	     
351.7  	     351.4  	     346.5  	     351.4  	     352.5  	     349.7  	     351.3  	     348.0  	     
351.7  	     351.5  	     346.2  	     351.0  	     352.6  	     349.7  	     351.1  	     347.9  	     
351.7  	     351.4  	     346.2  	     351.4  	     352.5  	     349.7  	     351.1  	     348.0  	     
351.7  	     351.4  	     345.4  	     351.3  	     352.5  	     349.6  	     351.0  	     348.0  	     
351.6  	     351.4  	     344.9  	     351.5  	     352.3  	     349.6  	     351.2  	     347.9  	     
351.5  	     351.3  	     344.9  	     351.3  	     352.4  	     349.7  	     351.0  	     347.9  	     
351.5  	     351.2  	     344.9  	     351.4  	     352.4  	     349.6  	     351.2  	     347.8  	     
351.5  	     351.4  	     344.9  	     351.3  	     352.4  	     349.6  	     351.3  	     347.7  	     
351.5  	     351.2  	     344.9  	     351.4  	     352.3  	     349.6  	     351.2  	     347.8  	     
351.4  	     351.2  	     345.0  	     351.2  	     352.3  	     349.5  	     351.2  	     347.8  	     
351.5  	     351.1  	     345.0  	     351.2  	     352.4  	     349.5  	     351.2  	     347.8  	     
351.6  	     351.3  	     344.9  	     351.1  	     352.3  	     349.7  	     351.2  	     347.7  	     
351.5  	     351.2  	     344.8  	     351.2  	     352.3  	     349.6  	     351.3  	     347.7  	     
351.4  	     351.3  	     344.9  	     351.0  	     352.3  	     349.6  	     351.2  	     347.7  	     
351.5  	     351.2  	     344.9  	     351.1  	     352.2  	     349.6  	     351.3  	     347.8  	     
351.5  	     351.2  	     344.8  	     351.3  	     352.3  	     349.6  	     351.2  	     347.7  	     
351.5  	     351.2  	     344.8  	     351.3  	     352.2  	     349.4  	     351.2  	     347.7  	     
351.5  	     351.2  	     344.9  	     351.5  	     352.2  	     349.6  	     351.0  	     347.7  	     
351.5  	     351.2  	     345.1  	     351.3  	     352.1  	     349.5  	     351.1  	     347.8  	     
351.5  	     351.2  	     344.8  	     351.2  	     352.1  	     349.6  	     351.1  	     347.7  	     
351.5  	     351.2  	     344.8  	     351.9  	     352.1  	     349.4  	     351.0  	     347.7  	     
351.4  	     351.2  	     344.9  	     351.2  	     352.1  	     349.5  	     350.9  	     347.7  	     
350.8  	     350.6  	     345.1  	     350.3  	     351.9  	     348.7  	     350.6  	     347.5  	     
349.5  	     349.9  	     344.4  	     349.3  	     351.6  	     347.1  	     349.9  	     346.7  	     
347.9  	     348.7  	     344.1  	     348.5  	     350.9  	     345.4  	     349.1  	     345.6  	     
345.8  	     347.1  	     342.9  	     347.0  	     350.2  	     343.0  	     348.3  	     344.2  	     
343.5  	     345.6  	     341.1  	     345.9  	     349.5  	     341.0  	     347.5  	     342.9  	     
343.3  	     345.4  	     340.4  	     345.9  	     349.4  	     340.9  	     347.2  	     342.7  	     
340.8  	     343.6  	     340.0  	     344.6  	     348.5  	     338.5  	     346.0  	     341.1  	     
338.3  	     341.8  	     338.6  	     343.2  	     347.5  	     336.1  	     344.8  	     339.2  	     
335.0  	     339.1  	     335.0  	     341.2  	     346.2  	     332.7  	     343.2  	     337.1  	     
331.5  	     336.8  	     333.6  	     339.2  	     344.9  	     329.2  	     341.6  	     334.6  	     
327.9  	     333.7  	     332.2  	     337.5  	     343.4  	     325.7  	     339.7  	     332.0  	     
324.2  	     330.7  	     330.4  	     335.3  	     341.9  	     321.6  	     337.6  	     329.1  	     
321.2  	     328.5  	     328.0  	     334.0  	     340.7  	     318.5  	     336.3  	     327.0  	     
319.7  	     327.5  	     326.6  	     332.8  	     340.2  	     317.1  	     335.5  	     325.9  	     
315.4  	     323.8  	     324.6  	     330.8  	     338.2  	     312.7  	     333.2  	     322.7  	     
310.9  	     320.2  	     322.4  	     328.3  	     336.4  	     308.3  	     330.9  	     319.2  	     
306.0  	     316.4  	     319.6  	     325.5  	     334.5  	     303.7  	     328.1  	     315.7  	     
301.1  	     312.4  	     316.8  	     322.5  	     332.2  	     298.5  	     325.7  	     311.7  	     
296.3  	     308.3  	     314.2  	     319.8  	     330.1  	     293.9  	     323.0  	     308.0  	     
291.2  	     304.1  	     311.1  	     316.9  	     327.7  	     288.5  	     320.1  	     304.0  	     
286.2  	     299.8  	     308.2  	     314.1  	     325.1  	     283.7  	     317.1  	     299.9  	     
281.1  	     295.4  	     305.3  	     310.9  	     322.6  	     278.4  	     314.3  	     295.7  	     
276.2  	     291.0  	     302.5  	     307.9  	     320.1  	     273.6  	     311.5  	     291.5  	     
271.2  	     286.5  	     299.5  	     304.9  	     317.4  	     268.8  	     308.3  	     287.2  	     
266.4  	     281.9  	     296.2  	     301.9  	     314.6  	     263.8  	     305.3  	     283.1  	     
261.8  	     277.8  	     293.3  	     298.7  	     312.0  	     259.1  	     301.3  	     279.0  	     
256.9  	     273.3  	     290.4  	     295.5  	     309.1  	     254.5  	     298.7  	     274.7  	     
252.5  	     269.1  	     287.5  	     292.3  	     306.5  	     250.2  	     294.8  	     270.6  	     
248.0  	     264.9  	     284.1  	     289.3  	     303.6  	     245.5  	     291.9  	     266.4  	     
243.8  	     260.6  	     281.1  	     286.5  	     300.7  	     241.4  	     288.6  	     262.3  	     
239.7  	     256.5  	     277.4  	     283.3  	     297.8  	     237.3  	     286.4  	     258.4  	     
235.9  	     252.7  	     275.5  	     280.1  	     294.8  	     233.5  	     283.1  	     254.6  	     
232.1  	     248.7  	     272.1  	     277.1  	     291.8  	     229.8  	     280.2  	     250.7  	     
228.5  	     244.9  	     268.7  	     273.6  	     288.7  	     226.2  	     276.7  	     247.0  	     
225.2  	     241.5  	     265.6  	     270.6  	     285.8  	     222.9  	     274.1  	     243.6  	     
221.8  	     237.6  	     262.9  	     267.8  	     282.9  	     219.6  	     270.6  	     240.1  	     
218.6  	     234.4  	     259.8  	     265.2  	     280.0  	     216.6  	     267.7  	     236.5  	     
215.6  	     231.1  	     257.1  	     261.8  	     277.1  	     213.5  	     264.2  	     233.3  	     
212.6  	     227.9  	     253.9  	     259.0  	     274.1  	     210.7  	     261.8  	     230.0  	     
209.6  	     224.6  	     251.1  	     256.5  	     271.3  	     207.8  	     258.7  	     226.8  	     
206.9  	     221.7  	     247.3  	     253.6  	     268.6  	     205.0  	     255.9  	     223.8  	     
204.3  	     218.7  	     245.0  	     250.9  	     265.5  	     202.6  	     252.9  	     220.8  	     
201.7  	     215.6  	     241.9  	     247.8  	     262.6  	     200.0  	     250.1  	     217.7  	     
199.2  	     212.9  	     238.4  	     245.2  	     259.8  	     197.5  	     247.4  	     215.1  	     
196.8  	     210.0  	     236.5  	     242.5  	     256.9  	     195.1  	     244.8  	     212.3  	     
194.6  	     207.5  	     234.2  	     239.8  	     254.2  	     192.9  	     241.9  	     209.8  	     
192.3  	     204.8  	     231.3  	     237.3  	     251.3  	     190.7  	     239.0  	     207.1  	     
190.1  	     202.3  	     228.9  	     234.5  	     248.5  	     188.5  	     236.1  	     204.5  	     
187.9  	     199.8  	     226.1  	     232.0  	     245.7  	     186.3  	     233.8  	     202.2  	     
185.9  	     197.5  	     223.3  	     229.3  	     242.9  	     184.3  	     231.2  	     199.8  	     
183.8  	     195.0  	     220.9  	     227.1  	     240.3  	     182.4  	     228.4  	     197.2  	     
181.9  	     192.9  	     218.2  	     224.6  	     237.7  	     180.6  	     227.1  	     194.8  	     
179.9  	     190.6  	     215.6  	     222.5  	     235.0  	     178.6  	     224.5  	     192.7  	     
178.2  	     188.5  	     213.3  	     219.7  	     232.6  	     176.9  	     221.9  	     190.5  	     
176.3  	     186.4  	     210.5  	     217.1  	     230.0  	     175.1  	     219.3  	     188.4  	     
174.5  	     184.4  	     208.1  	     215.0  	     227.3  	     173.2  	     217.2  	     186.4  	     
172.7  	     182.4  	     205.9  	     212.5  	     224.9  	     171.6  	     214.0  	     184.3  	     
171.0  	     180.5  	     203.2  	     210.7  	     222.4  	     169.9  	     211.9  	     182.5  	     
169.4  	     178.4  	     200.8  	     208.1  	     219.9  	     168.3  	     209.6  	     180.6  	     
167.9  	     176.8  	     198.2  	     205.9  	     217.5  	     166.8  	     207.3  	     178.7  	     
166.4  	     175.0  	     196.2  	     203.7  	     215.2  	     165.4  	     205.0  	     176.8  	     
164.9  	     173.2  	     193.8  	     201.7  	     212.8  	     163.8  	     203.1  	     175.2  	     
163.4  	     171.6  	     191.5  	     199.6  	     210.5  	     162.3  	     201.0  	     173.3  	     
162.0  	     170.0  	     189.4  	     197.5  	     208.3  	     161.0  	     198.3  	     171.7  	     
160.6  	     168.4  	     187.4  	     195.3  	     205.9  	     159.7  	     196.7  	     170.2  	     
159.1  	     166.6  	     185.3  	     193.4  	     203.8  	     158.3  	     194.9  	     168.4  	     
157.8  	     165.0  	     183.5  	     191.5  	     201.7  	     157.0  	     192.7  	     166.8  	     
156.4  	     163.6  	     181.5  	     189.5  	     199.3  	     155.8  	     190.8  	     165.4  	     
155.2  	     162.2  	     179.5  	     187.7  	     197.3  	     154.6  	     188.8  	     163.9  	     
154.0  	     160.8  	     177.5  	     185.6  	     195.2  	     153.3  	     186.9  	     162.3  	     
153.0  	     159.5  	     175.7  	     184.0  	     193.3  	     152.1  	     185.2  	     161.0  	     
151.7  	     158.2  	     174.1  	     182.3  	     191.2  	     150.9  	     183.7  	     159.5  	     
150.7  	     157.1  	     172.3  	     180.7  	     189.5  	     149.9  	     181.6  	     158.4  	     
150.6  	     156.9  	     172.1  	     180.4  	     189.3  	     149.8  	     181.4  	     158.2  	     
149.5  	     155.5  	     170.2  	     178.6  	     187.4  	     148.7  	     179.6  	     156.8  	     
148.3  	     154.3  	     167.5  	     177.1  	     185.4  	     147.7  	     178.2  	     155.5  	     
147.1  	     152.9  	     167.1  	     175.3  	     183.5  	     146.6  	     176.3  	     154.3  	     
146.0  	     151.7  	     163.7  	     173.6  	     181.7  	     145.5  	     175.0  	     153.0  	     
145.0  	     150.5  	     163.0  	     172.0  	     180.0  	     144.5  	     173.0  	     151.9  	     
143.9  	     149.4  	     161.7  	     170.3  	     178.2  	     143.5  	     171.5  	     150.6  	     
143.0  	     148.4  	     160.7  	     168.8  	     176.5  	     142.7  	     169.9  	     149.5  	     
142.2  	     147.4  	     159.3  	     167.1  	     174.8  	     141.7  	     168.4  	     148.3  	     
141.2  	     146.3  	     156.7  	     165.8  	     173.2  	     140.6  	     167.0  	     147.4  	     
140.4  	     145.4  	     154.9  	     164.3  	     171.7  	     139.7  	     165.4  	     146.1  	     
139.4  	     144.2  	     153.7  	     162.7  	     170.1  	     138.8  	     164.0  	     145.1  	     
138.5  	     143.1  	     154.2  	     161.2  	     168.4  	     138.0  	     162.6  	     144.1  	     
137.6  	     142.3  	     152.8  	     160.1  	     166.9  	     137.0  	     161.3  	     143.1  	     
136.8  	     141.2  	     151.6  	     158.6  	     165.4  	     136.2  	     159.9  	     142.0  	     
135.9  	     140.3  	     150.4  	     157.2  	     163.9  	     135.5  	     158.5  	     141.0  	     
135.1  	     139.4  	     149.3  	     155.7  	     162.4  	     134.7  	     157.3  	     140.2  	     
134.3  	     138.5  	     148.1  	     154.5  	     161.0  	     134.0  	     155.9  	     139.2  	     
133.5  	     137.6  	     146.8  	     153.4  	     159.7  	     133.1  	     154.6  	     138.3  	     
132.8  	     136.8  	     144.8  	     152.1  	     158.4  	     132.5  	     153.4  	     137.4  	     
132.0  	     135.9  	     144.8  	     150.8  	     157.1  	     131.9  	     152.2  	     136.6  	     
131.3  	     135.1  	     143.5  	     149.5  	     155.8  	     131.1  	     151.0  	     135.8  	     
130.5  	     134.4  	     142.6  	     148.0  	     154.5  	     130.5  	     149.9  	     135.0  	     
129.9  	     133.5  	     141.0  	     147.4  	     153.2  	     129.8  	     148.7  	     134.2  	     
129.3  	     132.7  	     139.4  	     146.1  	     152.0  	     129.0  	     147.8  	     133.5  	     
128.7  	     131.9  	     139.7  	     145.1  	     150.8  	     128.2  	     146.5  	     132.7  	     
128.0  	     131.3  	     138.8  	     144.0  	     149.6  	     127.7  	     145.5  	     131.9  	     
127.5  	     131.0  	     138.3  	     143.5  	     149.0  	     127.4  	     145.1  	     131.5  	     
127.2  	     130.5  	     137.8  	     142.7  	     148.5  	     127.0  	     144.4  	     131.1  	     
126.2  	     129.5  	     135.0  	     141.5  	     147.0  	     125.8  	     143.1  	     130.0  	     
125.0  	     128.5  	     133.3  	     140.1  	     145.8  	     124.5  	     141.8  	     128.9  	     
123.6  	     127.5  	     134.0  	     139.0  	     144.7  	     123.4  	     140.6  	     127.6  	     
122.4  	     126.3  	     132.1  	     138.0  	     143.6  	     121.9  	     139.6  	     126.4  	     
121.1  	     125.3  	     132.0  	     137.1  	     142.6  	     120.7  	     138.6  	     125.2  	     
119.9  	     124.3  	     129.9  	     136.2  	     141.7  	     119.5  	     137.5  	     124.1  	     
118.9  	     123.3  	     130.4  	     135.3  	     140.8  	     118.4  	     136.8  	     123.1  	     
117.7  	     122.4  	     128.0  	     134.6  	     139.8  	     117.3  	     135.8  	     122.2  	     
116.5  	     121.4  	     127.3  	     134.0  	     139.0  	     116.3  	     134.3  	     121.2  	     
115.6  	     120.6  	     126.9  	     133.7  	     138.4  	     115.4  	     134.4  	     120.2  	     
114.8  	     119.9  	     126.5  	     133.3  	     137.8  	     114.7  	     133.9  	     119.7  	     
114.0  	     119.2  	     126.3  	     133.1  	     137.3  	     114.1  	     133.2  	     118.9  	     
113.4  	     118.8  	     126.1  	     132.6  	     136.8  	     113.5  	     132.7  	     118.3  	     
113.2  	     118.5  	     125.9  	     132.6  	     136.7  	     113.5  	     132.8  	     118.1  	     