
G34-PTC8  	G34-PTC9  	G34-PTC16  	G34-PTC18  	G34-PTC21  	G34-PTC22  	G34-PTC25  	G34-PTC32  	
Deg.F  	     Deg.F  	     Deg.F  	     Deg.F  	     Deg.F  	     Deg.F  	     Deg.F  	     Deg.F  	     
72.4  	     73.4  	     74.9  	     73.6  	     72.8  	     73.3  	     72.8  	     72.3  	     
72.4  	     73.4  	     74.9  	     73.6  	     72.8  	     73.3  	     72.8  	     72.3  	     
72.4  	     73.4  	     74.9  	     73.6  	     72.8  	     73.3  	     72.8  	     72.3  	     
75.0  	     76.3  	     75.3  	     73.6  	     73.0  	     73.5  	     73.0  	     74.6  	     
75.3  	     76.5  	     75.6  	     73.7  	     73.1  	     73.4  	     73.5  	     75.4  	     
75.9  	     77.0  	     75.7  	     73.9  	     73.3  	     73.4  	     73.8  	     75.7  	     
76.4  	     77.6  	     75.8  	     74.1  	     73.4  	     73.5  	     74.1  	     76.0  	     
76.5  	     77.7  	     76.0  	     74.3  	     73.6  	     73.7  	     74.4  	     76.3  	     
76.8  	     78.0  	     76.2  	     74.5  	     73.8  	     73.8  	     74.7  	     76.6  	     
77.0  	     77.9  	     76.4  	     74.7  	     74.0  	     73.9  	     74.9  	     76.8  	     
77.4  	     78.2  	     76.5  	     74.8  	     74.2  	     74.3  	     75.3  	     76.9  	     
77.4  	     78.5  	     76.7  	     75.0  	     74.3  	     74.3  	     75.5  	     77.0  	     
77.5  	     78.5  	     76.9  	     75.2  	     74.5  	     74.5  	     75.7  	     77.3  	     
77.8  	     78.7  	     77.1  	     75.3  	     74.5  	     74.5  	     75.9  	     77.6  	     
78.1  	     79.0  	     77.3  	     75.5  	     74.6  	     74.6  	     76.3  	     77.8  	     
78.2  	     79.3  	     77.6  	     75.9  	     74.9  	     74.8  	     76.5  	     78.0  	     
78.6  	     79.7  	     77.8  	     76.4  	     75.0  	     74.8  	     76.7  	     78.2  	     
78.7  	     79.6  	     77.9  	     76.2  	     75.1  	     75.0  	     77.0  	     78.6  	     
78.7  	     79.7  	     77.9  	     76.3  	     75.3  	     75.1  	     77.0  	     78.5  	     
78.8  	     79.6  	     77.9  	     76.3  	     75.2  	     75.0  	     77.0  	     78.6  	     
78.9  	     79.9  	     78.1  	     76.4  	     75.4  	     75.3  	     77.3  	     78.8  	     
79.0  	     79.8  	     78.3  	     76.6  	     75.6  	     75.3  	     77.4  	     79.0  	     
79.2  	     80.0  	     78.6  	     76.9  	     75.7  	     75.5  	     77.7  	     79.2  	     
79.3  	     80.1  	     78.7  	     77.1  	     75.8  	     75.8  	     77.8  	     79.2  	     
79.6  	     80.4  	     78.8  	     77.3  	     76.0  	     75.8  	     77.9  	     79.4  	     
79.5  	     80.5  	     79.0  	     77.3  	     76.1  	     75.9  	     77.9  	     79.4  	     
80.9  	     82.0  	     79.3  	     77.4  	     76.1  	     75.9  	     78.1  	     80.4  	     
81.2  	     82.3  	     79.5  	     77.8  	     76.4  	     76.2  	     78.5  	     80.7  	     
82.0  	     83.2  	     79.9  	     77.9  	     76.6  	     76.2  	     78.8  	     81.4  	     
84.0  	     85.9  	     80.3  	     78.2  	     76.9  	     76.4  	     79.4  	     83.3  	     
85.1  	     86.8  	     80.8  	     79.0  	     77.3  	     76.5  	     80.3  	     84.4  	     
86.2  	     88.3  	     81.4  	     79.3  	     77.7  	     76.7  	     81.0  	     85.4  	     
86.7  	     88.4  	     81.8  	     79.9  	     78.1  	     76.8  	     81.7  	     85.8  	     
86.7  	     88.6  	     82.4  	     80.6  	     78.6  	     77.2  	     82.2  	     86.2  	     
87.5  	     89.1  	     83.0  	     81.6  	     78.9  	     77.6  	     82.7  	     86.8  	     
87.8  	     89.5  	     83.4  	     81.6  	     79.3  	     77.9  	     83.4  	     87.3  	     
88.2  	     89.7  	     83.9  	     82.9  	     79.7  	     78.2  	     84.0  	     87.6  	     
88.5  	     90.0  	     84.3  	     83.4  	     80.3  	     78.7  	     84.5  	     88.1  	     
88.7  	     90.1  	     84.6  	     83.7  	     80.4  	     79.0  	     84.8  	     88.3  	     
89.1  	     90.5  	     84.8  	     83.8  	     80.7  	     79.1  	     84.9  	     88.5  	     
89.5  	     91.0  	     85.3  	     84.0  	     81.1  	     79.6  	     85.4  	     88.9  	     
89.9  	     91.5  	     85.8  	     85.0  	     81.6  	     79.9  	     86.1  	     89.3  	     
90.4  	     91.9  	     86.4  	     85.4  	     82.2  	     80.4  	     86.6  	     89.7  	     
90.8  	     92.3  	     86.7  	     85.8  	     82.5  	     80.8  	     87.2  	     90.1  	     
91.1  	     92.5  	     87.2  	     87.0  	     82.9  	     81.1  	     87.6  	     90.5  	     
91.4  	     93.1  	     87.6  	     86.7  	     83.4  	     81.7  	     88.2  	     91.0  	     
91.9  	     93.4  	     88.1  	     87.8  	     83.7  	     82.1  	     88.6  	     91.3  	     
92.1  	     93.6  	     88.6  	     88.0  	     84.4  	     82.5  	     88.9  	     91.9  	     
92.6  	     93.8  	     89.2  	     88.1  	     84.8  	     83.0  	     89.3  	     92.2  	     
92.8  	     94.0  	     89.7  	     89.4  	     85.2  	     83.4  	     89.8  	     92.6  	     
93.1  	     94.6  	     90.1  	     90.6  	     85.7  	     83.9  	     90.3  	     92.9  	     
93.4  	     94.6  	     90.6  	     89.9  	     86.2  	     84.3  	     90.7  	     93.3  	     
93.8  	     95.1  	     90.9  	     90.6  	     86.6  	     84.7  	     91.1  	     93.7  	     
94.2  	     95.5  	     91.3  	     91.0  	     87.1  	     85.2  	     91.5  	     94.3  	     
94.4  	     95.9  	     91.8  	     91.4  	     87.5  	     85.6  	     92.0  	     94.6  	     
94.8  	     96.0  	     92.1  	     92.0  	     88.0  	     86.2  	     92.4  	     94.8  	     
95.2  	     96.7  	     92.7  	     92.8  	     88.4  	     86.6  	     92.9  	     95.4  	     
95.4  	     96.7  	     93.1  	     93.5  	     88.8  	     87.0  	     93.2  	     95.6  	     
95.5  	     97.0  	     93.2  	     93.5  	     88.9  	     87.1  	     93.3  	     95.8  	     
95.7  	     97.1  	     93.5  	     93.9  	     89.4  	     87.5  	     93.6  	     96.1  	     
96.1  	     97.5  	     93.8  	     94.7  	     89.7  	     87.9  	     94.0  	     96.4  	     
97.5  	     99.5  	     94.4  	     96.0  	     90.2  	     88.4  	     94.5  	     97.8  	     
100.6  	     104.2  	     95.5  	     97.9  	     91.0  	     88.8  	     95.8  	     100.4  	     
104.4  	     109.9  	     97.1  	     97.8  	     91.6  	     89.0  	     97.8  	     104.4  	     
107.8  	     113.9  	     98.3  	     100.9  	     92.6  	     89.4  	     99.9  	     108.2  	     
110.8  	     118.0  	     99.5  	     105.1  	     93.6  	     89.8  	     102.2  	     111.3  	     
113.8  	     122.0  	     101.9  	     104.0  	     95.1  	     90.4  	     104.7  	     115.8  	     
118.4  	     126.9  	     104.0  	     110.3  	     96.9  	     91.3  	     107.7  	     120.9  	     
122.4  	     132.2  	     105.8  	     109.3  	     98.5  	     91.8  	     110.8  	     124.7  	     
126.4  	     137.2  	     108.5  	     113.1  	     100.1  	     92.7  	     114.1  	     131.4  	     
130.2  	     141.7  	     110.9  	     116.0  	     102.1  	     93.8  	     117.8  	     137.9  	     
133.4  	     146.1  	     113.8  	     125.6  	     104.4  	     95.3  	     121.4  	     144.3  	     
136.9  	     152.1  	     117.4  	     126.2  	     106.9  	     96.7  	     125.3  	     149.7  	     
141.6  	     155.7  	     120.6  	     127.5  	     109.3  	     98.3  	     129.5  	     155.6  	     
144.6  	     160.8  	     123.6  	     130.4  	     111.7  	     99.9  	     133.5  	     160.0  	     
148.7  	     165.6  	     127.1  	     136.5  	     114.5  	     101.7  	     137.6  	     166.0  	     
152.7  	     172.7  	     130.8  	     139.3  	     117.6  	     103.8  	     141.7  	     170.4  	     
157.6  	     175.6  	     134.4  	     141.9  	     120.7  	     105.9  	     145.9  	     176.5  	     
159.8  	     179.7  	     138.4  	     149.5  	     123.6  	     108.1  	     150.3  	     180.4  	     
164.5  	     182.9  	     142.3  	     159.9  	     127.2  	     110.7  	     154.6  	     188.2  	     
166.6  	     186.0  	     143.9  	     152.9  	     128.6  	     111.7  	     156.7  	     189.9  	     
168.4  	     189.9  	     147.1  	     158.2  	     130.3  	     113.1  	     159.0  	     195.0  	     
171.5  	     196.4  	     150.0  	     161.9  	     133.4  	     115.8  	     163.6  	     199.4  	     
175.6  	     198.5  	     154.1  	     164.9  	     136.7  	     118.6  	     167.8  	     206.5  	     
180.2  	     202.7  	     158.0  	     175.0  	     140.4  	     121.5  	     171.9  	     212.1  	     
183.7  	     208.3  	     162.6  	     169.1  	     144.2  	     124.4  	     176.3  	     216.8  	     
186.9  	     210.5  	     167.2  	     184.6  	     147.3  	     127.4  	     180.7  	     220.4  	     
190.2  	     214.6  	     171.1  	     183.4  	     151.0  	     130.6  	     184.8  	     224.7  	     
193.1  	     218.8  	     174.4  	     193.2  	     154.6  	     133.5  	     188.9  	     230.1  	     
192.7  	     220.2  	     174.9  	     191.4  	     154.7  	     133.7  	     189.2  	     229.7  	     
199.2  	     223.3  	     179.7  	     196.6  	     158.0  	     136.9  	     193.4  	     233.1  	     
202.7  	     225.8  	     182.9  	     195.2  	     161.7  	     140.1  	     197.6  	     237.1  	     
205.8  	     232.3  	     187.2  	     196.2  	     165.5  	     143.3  	     201.8  	     239.9  	     
209.5  	     236.9  	     191.2  	     198.4  	     169.2  	     146.8  	     205.8  	     241.0  	     
213.4  	     237.9  	     194.8  	     204.5  	     173.0  	     150.2  	     209.8  	     241.8  	     
216.1  	     240.4  	     199.1  	     212.8  	     176.7  	     153.6  	     213.7  	     242.0  	     
219.2  	     242.8  	     202.9  	     210.8  	     180.3  	     157.1  	     217.6  	     243.7  	     
222.0  	     244.5  	     206.6  	     222.5  	     184.0  	     160.8  	     220.7  	     243.6  	     
222.7  	     244.3  	     208.0  	     219.5  	     185.3  	     162.4  	     221.7  	     245.3  	     
224.0  	     244.1  	     209.9  	     214.6  	     187.0  	     164.5  	     223.3  	     244.4  	     
226.1  	     246.9  	     212.2  	     219.0  	     190.0  	     168.1  	     225.9  	     245.1  	     
228.5  	     247.1  	     214.7  	     219.9  	     193.0  	     171.5  	     228.3  	     245.6  	     
230.1  	     247.3  	     217.4  	     227.9  	     195.9  	     175.0  	     230.1  	     246.5  	     
231.8  	     248.0  	     219.9  	     226.4  	     198.5  	     177.6  	     232.2  	     247.9  	     
233.3  	     249.3  	     222.7  	     233.0  	     201.2  	     181.6  	     234.0  	     248.6  	     
234.8  	     248.8  	     224.2  	     230.7  	     203.6  	     184.7  	     235.7  	     249.6  	     
236.3  	     250.2  	     226.8  	     232.3  	     206.2  	     187.8  	     237.1  	     250.9  	     
237.4  	     250.9  	     228.5  	     234.2  	     208.5  	     190.7  	     238.6  	     251.4  	     
239.0  	     251.7  	     230.9  	     239.2  	     210.6  	     193.4  	     239.9  	     250.8  	     
240.5  	     251.7  	     232.6  	     238.3  	     213.0  	     196.2  	     241.2  	     251.5  	     
240.6  	     252.0  	     232.9  	     237.1  	     213.1  	     196.6  	     241.5  	     251.8  	     
241.8  	     252.9  	     234.3  	     237.2  	     214.9  	     198.9  	     242.5  	     252.7  	     
242.9  	     253.2  	     236.0  	     242.7  	     216.9  	     201.5  	     243.6  	     253.3  	     
244.1  	     253.7  	     238.0  	     241.8  	     218.9  	     204.0  	     244.6  	     254.0  	     
245.2  	     253.9  	     239.5  	     245.3  	     221.0  	     206.6  	     245.6  	     257.3  	     
246.3  	     254.5  	     241.4  	     244.4  	     222.9  	     208.9  	     246.4  	     258.3  	     
247.2  	     254.9  	     243.3  	     247.6  	     224.9  	     211.4  	     247.3  	     258.6  	     
248.1  	     255.3  	     244.4  	     249.1  	     226.7  	     213.8  	     248.0  	     259.1  	     
248.9  	     255.8  	     246.1  	     249.4  	     228.5  	     216.0  	     248.9  	     259.1  	     
249.7  	     256.4  	     247.2  	     250.0  	     230.6  	     218.2  	     249.7  	     259.8  	     
250.4  	     257.1  	     248.3  	     252.4  	     232.6  	     220.4  	     250.3  	     260.0  	     
251.2  	     257.2  	     249.3  	     251.1  	     234.5  	     222.4  	     251.1  	     260.2  	     
251.8  	     257.7  	     250.1  	     252.2  	     236.2  	     224.5  	     251.5  	     260.5  	     
252.5  	     258.1  	     250.7  	     253.1  	     238.1  	     226.5  	     252.3  	     260.7  	     
253.1  	     258.3  	     251.3  	     253.4  	     240.0  	     228.8  	     252.9  	     261.1  	     
253.7  	     258.5  	     251.9  	     254.2  	     241.8  	     230.4  	     253.5  	     261.2  	     
254.2  	     258.8  	     252.5  	     255.1  	     243.5  	     232.9  	     254.0  	     261.4  	     
254.8  	     259.3  	     253.2  	     255.7  	     245.0  	     235.0  	     254.6  	     261.7  	     
255.4  	     259.6  	     253.6  	     256.1  	     246.4  	     237.0  	     255.2  	     261.7  	     
255.9  	     259.7  	     254.0  	     256.7  	     247.6  	     239.0  	     255.7  	     262.0  	     
256.1  	     260.0  	     254.4  	     257.4  	     248.2  	     239.9  	     256.0  	     262.3  	     
256.3  	     260.1  	     254.5  	     257.0  	     248.7  	     241.0  	     256.2  	     262.0  	     
256.7  	     260.6  	     255.1  	     257.6  	     249.8  	     242.9  	     256.7  	     262.3  	     
257.3  	     260.9  	     255.7  	     258.1  	     250.5  	     244.7  	     257.2  	     262.5  	     
257.7  	     261.0  	     255.9  	     257.8  	     251.2  	     246.4  	     257.7  	     262.9  	     
258.0  	     261.3  	     256.4  	     258.8  	     251.7  	     247.9  	     258.0  	     262.8  	     
258.5  	     261.4  	     256.9  	     258.6  	     252.4  	     249.2  	     258.4  	     262.9  	     
258.8  	     261.5  	     257.3  	     258.9  	     252.8  	     250.5  	     258.9  	     263.0  	     
259.1  	     261.8  	     257.8  	     259.0  	     253.2  	     251.7  	     259.2  	     263.2  	     
259.3  	     261.8  	     258.2  	     259.9  	     253.7  	     252.9  	     259.5  	     263.5  	     
259.7  	     261.9  	     258.6  	     260.1  	     254.3  	     252.9  	     259.9  	     263.5  	     
259.9  	     262.2  	     258.8  	     260.1  	     254.7  	     254.6  	     260.1  	     263.6  	     
260.0  	     261.4  	     259.0  	     259.4  	     254.9  	     255.3  	     260.4  	     262.5  	     
260.1  	     261.1  	     259.1  	     259.4  	     255.4  	     256.1  	     260.5  	     261.9  	     
260.1  	     261.2  	     259.3  	     259.6  	     255.5  	     256.5  	     260.5  	     261.9  	     
260.1  	     261.1  	     259.6  	     259.8  	     255.8  	     257.0  	     260.6  	     262.0  	     
260.2  	     261.3  	     259.8  	     260.0  	     256.1  	     257.4  	     260.9  	     262.2  	     
260.3  	     261.5  	     260.1  	     260.4  	     256.4  	     257.7  	     261.1  	     262.3  	     
260.6  	     261.7  	     260.3  	     260.3  	     256.6  	     258.1  	     261.2  	     262.5  	     
260.7  	     262.0  	     260.6  	     260.3  	     256.9  	     258.4  	     261.5  	     262.7  	     
260.8  	     262.2  	     260.8  	     260.9  	     257.1  	     258.6  	     261.6  	     263.0  	     
261.0  	     262.5  	     261.0  	     261.3  	     257.5  	     258.8  	     261.7  	     263.2  	     
261.2  	     262.5  	     261.1  	     261.0  	     257.6  	     259.1  	     262.0  	     263.5  	     
261.3  	     262.7  	     261.3  	     261.4  	     258.0  	     259.2  	     262.2  	     263.5  	     
261.5  	     262.8  	     261.5  	     261.5  	     258.2  	     259.5  	     262.4  	     263.7  	     
261.6  	     263.0  	     261.7  	     262.0  	     258.5  	     259.7  	     262.8  	     263.9  	     
261.8  	     263.1  	     261.8  	     261.8  	     258.7  	     259.8  	     262.8  	     264.1  	     
262.0  	     263.3  	     262.1  	     262.1  	     259.0  	     260.0  	     263.2  	     264.2  	     
262.1  	     263.5  	     262.3  	     262.0  	     259.3  	     260.1  	     263.3  	     264.4  	     
262.3  	     263.3  	     262.4  	     262.2  	     259.6  	     260.4  	     263.3  	     263.9  	     
262.3  	     262.8  	     262.5  	     262.1  	     259.6  	     260.4  	     263.4  	     263.5  	     
262.3  	     262.8  	     262.6  	     262.1  	     259.9  	     260.7  	     263.6  	     263.4  	     
262.3  	     262.8  	     262.7  	     262.1  	     260.1  	     260.8  	     263.6  	     263.3  	     
262.4  	     262.9  	     262.9  	     262.2  	     260.3  	     260.9  	     263.7  	     263.5  	     
262.4  	     263.0  	     262.9  	     262.4  	     260.4  	     261.0  	     264.0  	     263.6  	     
262.5  	     263.3  	     263.0  	     262.3  	     260.5  	     261.0  	     263.9  	     263.8  	     
262.6  	     263.4  	     263.1  	     262.8  	     260.6  	     261.1  	     264.2  	     264.0  	     
262.6  	     263.6  	     263.3  	     262.6  	     260.8  	     261.2  	     264.3  	     264.2  	     
262.8  	     263.6  	     263.4  	     262.7  	     260.9  	     261.3  	     264.4  	     264.4  	     
262.8  	     263.5  	     263.4  	     262.9  	     260.9  	     261.3  	     264.5  	     264.2  	     
262.9  	     263.6  	     263.5  	     262.9  	     261.3  	     261.5  	     264.5  	     264.1  	     
263.0  	     263.6  	     263.6  	     263.0  	     261.3  	     261.6  	     264.9  	     264.4  	     
263.0  	     263.6  	     263.6  	     263.1  	     261.5  	     261.6  	     264.7  	     264.2  	     
263.1  	     263.8  	     263.7  	     263.0  	     261.6  	     261.7  	     265.0  	     264.3  	     
263.2  	     263.9  	     263.8  	     263.4  	     261.8  	     261.8  	     265.0  	     264.6  	     
263.3  	     264.1  	     263.9  	     263.4  	     261.9  	     261.8  	     265.1  	     264.7  	     
263.3  	     264.0  	     263.9  	     263.3  	     262.1  	     261.9  	     265.3  	     264.8  	     
263.4  	     263.7  	     264.0  	     263.1  	     262.2  	     262.0  	     265.3  	     264.0  	     
263.3  	     263.3  	     264.2  	     263.1  	     262.3  	     262.1  	     265.4  	     263.5  	     
263.2  	     263.3  	     264.2  	     263.0  	     262.4  	     262.1  	     265.4  	     263.6  	     
263.2  	     263.4  	     264.1  	     263.1  	     262.5  	     262.1  	     265.4  	     263.8  	     
263.1  	     263.4  	     264.1  	     263.1  	     262.5  	     262.3  	     265.4  	     263.8  	     
263.3  	     263.5  	     264.2  	     263.2  	     262.5  	     262.3  	     265.4  	     263.9  	     
263.3  	     263.7  	     264.2  	     263.3  	     262.6  	     262.3  	     265.5  	     264.1  	     
263.4  	     263.7  	     264.4  	     263.5  	     262.8  	     262.4  	     265.5  	     264.2  	     
263.4  	     264.0  	     264.5  	     263.4  	     262.9  	     262.4  	     265.6  	     264.4  	     
263.5  	     264.1  	     264.5  	     263.5  	     262.9  	     262.4  	     265.5  	     264.5  	     
263.5  	     264.0  	     264.6  	     263.7  	     263.0  	     262.4  	     265.7  	     264.4  	     
263.5  	     263.8  	     264.6  	     263.6  	     263.0  	     262.5  	     265.7  	     264.4  	     
263.4  	     264.0  	     264.5  	     263.8  	     263.2  	     262.5  	     265.9  	     264.4  	     
263.5  	     263.9  	     264.7  	     263.7  	     263.3  	     262.5  	     266.0  	     264.4  	     
263.5  	     263.8  	     264.6  	     263.6  	     263.3  	     262.5  	     265.9  	     264.1  	     
263.5  	     263.6  	     264.6  	     263.6  	     263.4  	     262.6  	     265.9  	     263.9  	     
263.5  	     263.6  	     264.6  	     263.5  	     263.5  	     262.6  	     265.8  	     263.9  	     
263.5  	     263.6  	     264.6  	     263.5  	     263.5  	     262.7  	     265.8  	     263.9  	     
263.5  	     263.7  	     264.7  	     263.7  	     263.5  	     262.7  	     265.9  	     264.2  	     
263.4  	     263.8  	     264.8  	     263.7  	     263.6  	     262.7  	     265.9  	     264.2  	     
263.5  	     263.8  	     264.8  	     263.8  	     263.6  	     262.6  	     265.9  	     264.3  	     
263.5  	     264.0  	     264.8  	     263.8  	     263.6  	     262.8  	     266.0  	     264.5  	     
263.7  	     263.9  	     264.8  	     263.8  	     263.7  	     262.7  	     266.0  	     264.4  	     
263.5  	     263.3  	     264.8  	     263.5  	     263.8  	     262.8  	     266.0  	     263.7  	     
263.3  	     263.1  	     264.7  	     263.3  	     263.8  	     262.8  	     266.0  	     263.3  	     
263.3  	     263.0  	     264.7  	     263.3  	     263.8  	     262.8  	     265.9  	     263.3  	     
263.2  	     262.9  	     264.7  	     263.4  	     263.8  	     262.9  	     265.8  	     263.4  	     
263.2  	     263.1  	     264.6  	     263.4  	     263.9  	     262.8  	     265.9  	     263.5  	     
263.2  	     263.3  	     264.6  	     263.3  	     263.8  	     262.8  	     265.8  	     263.5  	     
263.3  	     263.5  	     264.7  	     263.4  	     263.9  	     262.9  	     265.8  	     263.6  	     
263.3  	     263.5  	     264.6  	     263.6  	     263.8  	     262.8  	     265.8  	     263.9  	     
263.3  	     263.6  	     264.7  	     263.7  	     264.0  	     262.8  	     265.8  	     264.0  	     
263.4  	     263.9  	     264.7  	     263.6  	     263.9  	     262.8  	     265.8  	     264.2  	     
263.5  	     263.9  	     264.9  	     263.9  	     264.0  	     262.8  	     266.0  	     264.4  	     
263.4  	     263.6  	     264.9  	     263.6  	     264.1  	     262.8  	     266.0  	     263.8  	     
263.3  	     263.3  	     264.8  	     263.5  	     264.0  	     262.9  	     265.9  	     263.6  	     
263.3  	     263.3  	     264.7  	     263.4  	     264.1  	     262.9  	     265.8  	     263.5  	     
263.3  	     263.3  	     264.7  	     263.4  	     264.1  	     262.9  	     265.9  	     263.5  	     
263.3  	     263.4  	     264.7  	     263.6  	     264.2  	     262.9  	     265.8  	     263.8  	     
263.3  	     263.6  	     264.9  	     263.7  	     264.3  	     262.9  	     265.9  	     263.9  	     
263.3  	     263.6  	     264.9  	     263.8  	     264.1  	     263.0  	     265.9  	     263.9  	     
263.4  	     263.7  	     265.0  	     263.8  	     264.2  	     262.8  	     266.0  	     264.1  	     
263.5  	     264.0  	     265.0  	     263.9  	     264.0  	     262.9  	     266.0  	     264.3  	     
263.6  	     264.0  	     264.9  	     264.1  	     264.1  	     262.8  	     266.0  	     264.5  	     
263.5  	     263.9  	     264.8  	     263.8  	     264.3  	     262.8  	     266.2  	     264.1  	     
263.5  	     263.5  	     264.9  	     263.6  	     264.3  	     262.8  	     266.1  	     263.7  	     
263.5  	     263.5  	     264.8  	     263.6  	     264.2  	     262.9  	     266.1  	     263.5  	     
263.5  	     263.4  	     264.8  	     263.6  	     264.4  	     262.8  	     266.0  	     263.6  	     
263.5  	     263.6  	     264.8  	     263.5  	     264.4  	     263.0  	     266.0  	     263.7  	     
263.5  	     263.7  	     264.9  	     263.7  	     264.3  	     263.0  	     265.9  	     263.8  	     
263.5  	     263.9  	     264.9  	     263.8  	     264.3  	     263.0  	     266.1  	     263.9  	     
263.6  	     264.0  	     264.9  	     263.8  	     264.4  	     263.0  	     266.0  	     264.1  	     
263.7  	     264.1  	     264.9  	     263.9  	     264.3  	     263.0  	     266.2  	     264.3  	     
263.5  	     263.9  	     264.9  	     264.0  	     264.5  	     263.0  	     266.3  	     264.4  	     
263.5  	     263.8  	     264.8  	     263.8  	     264.5  	     263.0  	     266.2  	     264.3  	     
263.6  	     263.9  	     265.0  	     263.8  	     264.5  	     263.0  	     266.2  	     264.2  	     
263.6  	     264.0  	     264.9  	     263.9  	     264.6  	     263.0  	     266.3  	     264.5  	     
263.5  	     263.5  	     264.9  	     263.7  	     264.5  	     263.0  	     266.2  	     263.8  	     
263.5  	     263.3  	     264.8  	     263.4  	     264.5  	     263.0  	     266.2  	     263.4  	     
263.5  	     263.2  	     264.7  	     263.4  	     264.5  	     263.1  	     266.1  	     263.2  	     
263.4  	     263.1  	     264.8  	     263.6  	     264.5  	     263.0  	     266.1  	     263.4  	     
263.3  	     263.1  	     264.7  	     263.4  	     264.4  	     263.0  	     266.0  	     263.4  	     
263.3  	     263.3  	     264.7  	     263.5  	     264.5  	     263.0  	     265.9  	     263.5  	     
263.3  	     263.4  	     264.7  	     263.4  	     264.4  	     263.0  	     266.0  	     263.7  	     
263.3  	     263.5  	     264.8  	     263.6  	     264.5  	     262.9  	     266.0  	     263.9  	     
263.4  	     263.7  	     264.9  	     263.9  	     264.4  	     262.9  	     266.0  	     264.1  	     
263.4  	     263.8  	     264.9  	     263.9  	     264.5  	     262.9  	     266.0  	     264.1  	     
263.5  	     264.0  	     264.9  	     264.0  	     264.5  	     263.0  	     266.2  	     264.3  	     
263.5  	     263.4  	     264.9  	     263.7  	     264.4  	     262.8  	     266.2  	     263.7  	     
263.3  	     263.2  	     264.9  	     263.4  	     264.3  	     263.0  	     266.0  	     263.3  	     
263.2  	     263.1  	     264.9  	     263.4  	     264.4  	     262.9  	     266.0  	     263.2  	     
263.2  	     263.0  	     264.9  	     263.4  	     264.5  	     263.0  	     266.1  	     263.2  	     
263.2  	     263.1  	     264.9  	     263.5  	     264.3  	     263.0  	     266.0  	     263.4  	     
263.2  	     263.3  	     264.8  	     263.6  	     264.4  	     262.9  	     266.0  	     263.5  	     
263.2  	     263.5  	     264.9  	     263.6  	     264.5  	     263.0  	     265.9  	     263.7  	     
263.3  	     263.6  	     264.9  	     263.8  	     264.4  	     262.8  	     266.0  	     263.9  	     
263.4  	     263.8  	     264.9  	     263.8  	     264.5  	     262.8  	     266.1  	     264.0  	     
263.4  	     263.9  	     264.9  	     263.9  	     264.4  	     262.8  	     266.1  	     264.2  	     
263.3  	     263.8  	     265.0  	     264.0  	     264.5  	     262.8  	     266.1  	     264.1  	     
263.3  	     263.2  	     264.8  	     263.4  	     264.5  	     262.9  	     266.0  	     263.4  	     
263.3  	     263.1  	     264.8  	     263.3  	     264.5  	     262.9  	     266.0  	     263.0  	     
263.2  	     263.1  	     264.8  	     263.4  	     264.5  	     262.9  	     266.1  	     263.2  	     
263.3  	     263.1  	     264.8  	     263.4  	     264.5  	     263.0  	     265.8  	     263.2  	     
263.2  	     263.2  	     264.7  	     263.4  	     264.5  	     262.9  	     265.8  	     263.3  	     
263.2  	     263.3  	     264.8  	     263.6  	     264.4  	     262.9  	     265.9  	     263.4  	     
263.1  	     263.3  	     264.7  	     263.5  	     264.3  	     262.8  	     265.8  	     263.6  	     
263.3  	     263.5  	     264.7  	     263.6  	     264.3  	     262.8  	     265.8  	     263.7  	     
263.2  	     263.7  	     264.8  	     263.7  	     264.4  	     262.8  	     265.8  	     264.0  	     
263.2  	     263.8  	     264.8  	     263.8  	     264.5  	     262.8  	     265.9  	     264.2  	     
263.3  	     263.9  	     264.9  	     264.0  	     264.5  	     262.7  	     266.0  	     264.3  	     
263.3  	     263.9  	     264.8  	     263.8  	     264.4  	     262.8  	     266.0  	     264.3  	     
263.5  	     263.6  	     264.7  	     263.6  	     264.5  	     262.8  	     266.0  	     263.6  	     
263.2  	     262.4  	     264.6  	     262.9  	     264.4  	     262.8  	     265.8  	     262.0  	     
262.5  	     259.4  	     264.0  	     261.4  	     264.2  	     263.0  	     265.4  	     258.4  	     
261.7  	     256.6  	     263.5  	     261.0  	     263.9  	     263.0  	     264.4  	     255.3  	     
260.7  	     254.8  	     262.8  	     259.0  	     263.5  	     263.0  	     263.5  	     253.3  	     
259.4  	     252.6  	     262.0  	     257.6  	     263.0  	     263.0  	     262.6  	     251.1  	     
258.0  	     249.1  	     261.0  	     256.7  	     262.4  	     262.8  	     261.4  	     247.5  	     
256.3  	     246.4  	     259.9  	     254.1  	     261.7  	     262.7  	     259.9  	     243.9  	     
254.6  	     244.1  	     258.7  	     251.7  	     260.9  	     262.3  	     258.5  	     241.2  	     
252.6  	     240.8  	     257.1  	     251.6  	     259.9  	     262.1  	     256.7  	     238.4  	     
250.7  	     237.9  	     255.9  	     248.6  	     258.9  	     261.6  	     254.8  	     234.8  	     
248.3  	     234.1  	     254.4  	     247.5  	     257.7  	     261.0  	     253.0  	     231.5  	     
246.1  	     231.9  	     252.6  	     246.0  	     256.4  	     260.3  	     251.0  	     228.2  	     
243.6  	     228.2  	     251.1  	     244.1  	     255.0  	     259.6  	     248.9  	     224.5  	     
240.8  	     224.3  	     249.4  	     242.8  	     253.6  	     258.7  	     246.5  	     221.1  	     
238.3  	     222.2  	     247.7  	     238.7  	     252.1  	     257.7  	     244.1  	     218.0  	     
235.6  	     218.6  	     245.6  	     238.3  	     250.5  	     256.5  	     241.6  	     214.9  	     
233.2  	     215.3  	     243.4  	     236.5  	     248.6  	     255.3  	     239.2  	     212.0  	     
230.4  	     212.7  	     242.0  	     229.3  	     246.8  	     254.1  	     236.8  	     208.3  	     
227.8  	     210.5  	     239.9  	     229.8  	     245.1  	     252.7  	     234.1  	     205.3  	     
224.8  	     207.2  	     237.4  	     227.6  	     243.2  	     251.2  	     231.6  	     202.7  	     
222.1  	     204.3  	     235.4  	     228.8  	     241.4  	     249.7  	     229.3  	     200.3  	     
219.6  	     202.4  	     233.4  	     224.7  	     239.3  	     248.1  	     226.7  	     197.4  	     
217.1  	     200.6  	     231.2  	     224.3  	     237.3  	     246.4  	     224.2  	     194.9  	     
214.5  	     196.5  	     229.4  	     217.5  	     235.3  	     244.5  	     221.8  	     192.5  	     
211.9  	     194.7  	     227.3  	     214.8  	     233.4  	     243.0  	     219.3  	     190.0  	     
209.1  	     192.4  	     225.1  	     218.0  	     231.4  	     241.1  	     216.9  	     187.8  	     
206.9  	     190.6  	     222.1  	     207.0  	     229.2  	     239.3  	     214.4  	     185.9  	     
204.3  	     188.1  	     220.5  	     207.8  	     227.3  	     237.4  	     211.9  	     183.6  	     
203.3  	     187.1  	     219.6  	     208.5  	     226.5  	     236.8  	     211.1  	     182.5  	     
201.9  	     185.2  	     217.9  	     207.0  	     225.3  	     235.6  	     210.0  	     181.1  	     
199.5  	     184.1  	     215.7  	     206.6  	     223.2  	     233.6  	     207.5  	     179.1  	     
197.4  	     181.6  	     213.3  	     203.7  	     221.2  	     231.6  	     205.3  	     177.0  	     
194.8  	     179.5  	     211.8  	     201.3  	     219.1  	     229.6  	     202.8  	     175.3  	     
192.9  	     178.0  	     209.7  	     199.8  	     217.1  	     227.6  	     200.6  	     173.3  	     
190.7  	     175.6  	     207.2  	     193.3  	     215.0  	     225.7  	     198.5  	     171.5  	     
188.4  	     173.6  	     205.1  	     195.5  	     213.0  	     223.7  	     196.4  	     169.7  	     
186.2  	     172.2  	     203.1  	     194.8  	     211.2  	     221.9  	     194.2  	     168.0  	     
184.4  	     170.7  	     201.3  	     195.3  	     209.1  	     219.8  	     192.2  	     166.4  	     
182.4  	     169.0  	     198.9  	     189.3  	     207.1  	     217.9  	     190.2  	     164.7  	     
180.4  	     167.2  	     197.3  	     185.6  	     205.0  	     215.9  	     188.3  	     162.9  	     
178.4  	     165.6  	     195.2  	     184.4  	     203.1  	     213.8  	     186.4  	     161.5  	     
176.6  	     163.9  	     193.0  	     183.8  	     201.2  	     211.8  	     184.4  	     159.9  	     
174.7  	     162.7  	     191.5  	     183.9  	     199.4  	     209.8  	     182.4  	     158.6  	     
172.9  	     161.1  	     189.7  	     182.4  	     197.4  	     207.9  	     180.7  	     157.1  	     
171.1  	     159.8  	     187.2  	     175.7  	     195.5  	     205.9  	     179.0  	     155.6  	     
169.7  	     158.1  	     185.4  	     176.3  	     193.7  	     204.1  	     177.2  	     154.5  	     
168.1  	     156.6  	     183.7  	     175.4  	     192.0  	     202.2  	     175.5  	     153.2  	     
166.5  	     155.2  	     181.9  	     176.1  	     190.1  	     200.3  	     173.6  	     151.7  	     
164.7  	     154.3  	     180.2  	     172.1  	     188.4  	     198.4  	     172.1  	     150.8  	     
163.2  	     153.5  	     178.8  	     170.5  	     186.7  	     196.5  	     170.4  	     149.4  	     
161.7  	     151.6  	     177.2  	     167.0  	     185.0  	     194.7  	     168.8  	     148.6  	     
160.3  	     150.3  	     175.4  	     168.7  	     183.3  	     192.9  	     167.5  	     147.3  	     
159.0  	     149.2  	     173.8  	     167.0  	     181.6  	     191.1  	     165.9  	     146.3  	     
157.7  	     148.7  	     172.1  	     166.2  	     179.9  	     189.3  	     164.4  	     145.3  	     
156.4  	     147.8  	     170.8  	     161.1  	     178.4  	     187.5  	     162.9  	     144.2  	     
155.1  	     146.3  	     169.4  	     159.9  	     176.8  	     185.8  	     161.5  	     143.3  	     
154.0  	     145.3  	     168.1  	     160.8  	     175.3  	     184.9  	     160.3  	     142.3  	     
152.5  	     144.3  	     166.7  	     159.2  	     173.8  	     182.6  	     159.0  	     141.3  	     
151.5  	     143.2  	     165.3  	     156.5  	     172.3  	     181.0  	     157.7  	     140.5  	     
150.2  	     142.1  	     163.6  	     154.7  	     170.9  	     179.3  	     156.5  	     139.6  	     
149.2  	     141.3  	     162.5  	     155.2  	     169.5  	     177.7  	     155.1  	     138.7  	     
148.2  	     140.5  	     161.1  	     154.4  	     168.2  	     176.1  	     154.0  	     138.1  	     
147.0  	     139.9  	     159.9  	     154.3  	     166.8  	     174.7  	     152.8  	     137.1  	     
146.1  	     139.2  	     158.8  	     150.8  	     165.5  	     173.3  	     151.7  	     136.3  	     
144.9  	     138.2  	     157.5  	     147.8  	     164.1  	     171.6  	     150.7  	     135.4  	     
144.0  	     137.3  	     156.6  	     148.7  	     162.9  	     170.2  	     149.6  	     134.7  	     
142.9  	     136.5  	     155.1  	     147.6  	     161.5  	     167.7  	     148.5  	     134.1  	     
142.1  	     135.9  	     154.3  	     144.9  	     160.3  	     167.5  	     147.6  	     133.5  	     
141.2  	     135.2  	     153.0  	     144.5  	     159.1  	     166.0  	     146.5  	     132.8  	     
140.3  	     134.3  	     151.9  	     144.5  	     158.0  	     164.7  	     145.8  	     132.0  	     
139.5  	     133.7  	     151.0  	     143.1  	     156.8  	     163.5  	     144.7  	     131.4  	     
138.8  	     133.0  	     149.8  	     142.3  	     155.7  	     162.2  	     143.7  	     130.9  	     
137.7  	     132.2  	     148.7  	     142.1  	     154.5  	     161.0  	     142.9  	     130.1  	     
137.1  	     131.7  	     147.9  	     141.7  	     153.5  	     159.9  	     141.9  	     129.7  	     
136.4  	     131.1  	     146.8  	     139.3  	     152.4  	     158.6  	     141.2  	     129.1  	     
135.7  	     130.5  	     146.1  	     140.4  	     151.3  	     157.3  	     140.4  	     128.4  	     
134.7  	     129.9  	     145.0  	     137.7  	     150.3  	     156.2  	     139.5  	     128.2  	     
134.1  	     129.4  	     144.2  	     139.7  	     149.1  	     155.0  	     138.8  	     127.2  	     
133.4  	     128.5  	     143.5  	     136.6  	     148.2  	     154.0  	     137.9  	     126.9  	     
132.7  	     127.9  	     142.5  	     135.5  	     147.5  	     152.8  	     137.1  	     126.1  	     
132.0  	     127.5  	     141.7  	     133.8  	     146.4  	     151.8  	     136.4  	     125.8  	     
131.4  	     127.0  	     141.1  	     134.9  	     145.5  	     150.7  	     135.5  	     125.3  	     
130.8  	     126.5  	     140.0  	     135.2  	     144.6  	     149.7  	     134.8  	     124.7  	     
130.1  	     125.8  	     139.1  	     132.4  	     143.7  	     148.6  	     134.2  	     124.2  	     
129.4  	     125.1  	     138.4  	     131.4  	     142.7  	     147.6  	     133.4  	     123.7  	     
128.8  	     124.9  	     137.6  	     131.7  	     141.8  	     146.7  	     132.9  	     123.2  	     
128.3  	     124.3  	     136.9  	     131.0  	     141.0  	     145.7  	     132.2  	     122.7  	     
127.7  	     123.8  	     136.2  	     131.5  	     140.2  	     144.9  	     131.7  	     122.3  	     
127.1  	     123.2  	     135.4  	     129.7  	     139.5  	     143.8  	     130.9  	     121.8  	     
126.6  	     122.7  	     134.8  	     129.3  	     138.7  	     142.9  	     130.3  	     121.3  	     
126.0  	     122.4  	     134.2  	     129.5  	     138.0  	     142.2  	     129.7  	     120.8  	     
125.4  	     122.0  	     133.6  	     127.1  	     137.4  	     141.2  	     129.1  	     120.3  	     
125.0  	     121.3  	     132.7  	     128.0  	     136.5  	     140.5  	     128.6  	     120.0  	     
124.3  	     120.9  	     132.2  	     126.1  	     135.7  	     139.5  	     128.1  	     119.4  	     
123.9  	     120.6  	     131.6  	     125.4  	     135.2  	     138.7  	     127.4  	     119.1  	     
123.4  	     120.2  	     130.8  	     125.8  	     134.4  	     138.0  	     126.9  	     118.7  	     
122.8  	     119.6  	     130.5  	     125.8  	     133.6  	     137.3  	     126.3  	     118.2  	     
122.5  	     119.2  	     129.8  	     125.0  	     133.0  	     136.6  	     125.8  	     117.9  	     
122.0  	     119.0  	     129.2  	     125.2  	     132.2  	     135.7  	     125.1  	     117.6  	     
121.4  	     118.5  	     128.7  	     123.9  	     131.6  	     135.1  	     124.5  	     117.1  	     
121.1  	     118.1  	     128.2  	     123.4  	     131.1  	     134.4  	     124.0  	     116.9  	     
120.6  	     117.8  	     127.6  	     123.2  	     130.4  	     133.7  	     123.5  	     116.3  	     
120.2  	     117.4  	     126.9  	     122.5  	     129.8  	     133.1  	     123.0  	     116.1  	     
119.7  	     116.7  	     126.5  	     122.1  	     129.2  	     132.4  	     122.5  	     115.7  	     
119.4  	     116.6  	     125.8  	     120.6  	     128.6  	     131.7  	     122.1  	     115.4  	     
118.9  	     116.1  	     125.4  	     122.0  	     128.2  	     131.2  	     121.7  	     115.2  	     
118.5  	     115.9  	     125.0  	     120.3  	     127.5  	     130.6  	     121.3  	     114.9  	     
118.2  	     115.5  	     124.6  	     120.8  	     126.9  	     129.8  	     120.8  	     114.4  	     
117.8  	     115.3  	     124.1  	     120.7  	     126.5  	     129.2  	     120.3  	     114.2  	     
117.5  	     115.1  	     123.5  	     119.1  	     125.9  	     128.6  	     119.9  	     113.9  	     
117.1  	     114.8  	     123.2  	     119.1  	     125.4  	     128.0  	     119.7  	     113.6  	     
116.8  	     114.4  	     122.8  	     119.2  	     124.8  	     127.5  	     119.3  	     113.4  	     
116.3  	     114.1  	     122.4  	     118.3  	     124.2  	     127.0  	     118.9  	     113.3  	     
116.2  	     114.0  	     121.9  	     118.6  	     123.7  	     126.3  	     118.5  	     112.8  	     
115.7  	     113.8  	     121.4  	     117.7  	     123.3  	     125.9  	     118.2  	     112.8  	     
115.3  	     113.5  	     120.9  	     116.9  	     122.9  	     125.4  	     117.8  	     112.6  	     
115.0  	     113.2  	     120.6  	     117.1  	     122.5  	     124.8  	     117.7  	     112.4  	     
114.8  	     112.9  	     120.2  	     116.6  	     122.0  	     124.4  	     117.3  	     112.1  	     
114.4  	     112.7  	     120.0  	     116.7  	     121.6  	     123.8  	     117.0  	     111.9  	     
114.1  	     112.6  	     119.6  	     115.8  	     121.2  	     123.4  	     116.7  	     111.5  	     
114.0  	     112.3  	     119.4  	     115.4  	     120.8  	     123.0  	     116.3  	     111.4  	     
113.6  	     112.2  	     118.9  	     115.3  	     120.4  	     122.5  	     116.1  	     111.3  	     
113.4  	     112.0  	     118.7  	     114.9  	     119.9  	     122.1  	     115.6  	     111.1  	     
113.2  	     111.6  	     118.3  	     115.0  	     119.6  	     121.6  	     115.3  	     110.9  	     
113.0  	     111.5  	     118.0  	     114.3  	     119.3  	     121.3  	     115.2  	     110.8  	     
112.7  	     111.4  	     117.7  	     114.5  	     119.0  	     120.8  	     114.8  	     110.7  	     
112.6  	     111.3  	     117.3  	     114.2  	     118.5  	     120.4  	     114.6  	     110.5  	     
112.3  	     111.0  	     117.0  	     113.4  	     118.1  	     120.0  	     114.4  	     110.2  	     
112.1  	     110.8  	     116.8  	     113.3  	     117.9  	     119.7  	     114.1  	     110.0  	     
111.8  	     110.7  	     116.5  	     113.6  	     117.5  	     119.3  	     113.8  	     109.9  	     
111.7  	     110.3  	     116.1  	     113.1  	     117.3  	     119.0  	     113.6  	     109.5  	     
111.4  	     110.2  	     116.0  	     113.5  	     116.8  	     118.6  	     113.5  	     109.4  	     
111.2  	     110.0  	     115.8  	     113.0  	     116.6  	     118.2  	     113.2  	     109.3  	     
111.0  	     109.7  	     115.4  	     112.6  	     116.3  	     117.9  	     113.0  	     109.0  	     
110.8  	     109.7  	     115.2  	     112.3  	     115.9  	     117.5  	     112.7  	     108.9  	     
110.5  	     109.4  	     114.9  	     112.1  	     115.8  	     117.3  	     112.5  	     108.6  	     
110.3  	     109.1  	     114.7  	     111.9  	     115.4  	     117.0  	     112.2  	     108.5  	     
110.2  	     109.0  	     114.4  	     111.6  	     115.1  	     116.7  	     112.0  	     108.2  	     
110.0  	     108.8  	     114.2  	     111.2  	     114.9  	     116.4  	     111.8  	     108.1  	     
109.9  	     108.7  	     113.9  	     111.2  	     114.6  	     116.1  	     111.5  	     107.9  	     
109.6  	     108.5  	     113.7  	     111.0  	     114.2  	     115.7  	     111.3  	     107.7  	     
109.4  	     108.3  	     113.3  	     110.7  	     113.9  	     115.5  	     111.1  	     107.5  	     
109.1  	     108.0  	     113.2  	     110.8  	     113.8  	     115.2  	     110.8  	     107.3  	     
108.9  	     107.9  	     113.0  	     110.3  	     113.6  	     114.9  	     110.8  	     107.2  	     
108.8  	     107.6  	     112.8  	     110.4  	     113.2  	     114.5  	     110.4  	     107.0  	     
108.6  	     107.5  	     112.6  	     109.7  	     112.8  	     114.3  	     110.1  	     106.9  	     
108.3  	     107.3  	     112.2  	     109.9  	     112.8  	     114.1  	     109.8  	     106.5  	     
108.1  	     107.1  	     112.2  	     109.3  	     112.6  	     113.8  	     109.8  	     106.4  	     
108.0  	     106.8  	     112.0  	     109.1  	     112.3  	     113.6  	     109.6  	     106.3  	     
107.8  	     106.8  	     111.6  	     109.2  	     112.0  	     113.3  	     109.5  	     106.1  	     
107.6  	     106.5  	     111.5  	     108.8  	     111.8  	     113.1  	     109.1  	     105.9  	     
107.4  	     106.4  	     111.2  	     108.8  	     111.6  	     112.8  	     109.0  	     105.8  	     
107.2  	     106.2  	     111.0  	     108.6  	     111.2  	     112.5  	     108.8  	     105.7  	     
107.1  	     105.9  	     110.9  	     108.5  	     111.2  	     112.3  	     108.5  	     105.5  	     
106.9  	     105.8  	     110.6  	     108.5  	     110.9  	     112.1  	     108.3  	     105.5  	     
106.7  	     105.7  	     110.4  	     107.9  	     110.7  	     111.8  	     108.3  	     105.2  	     
106.5  	     105.5  	     110.3  	     108.0  	     110.6  	     111.6  	     108.0  	     105.2  	     
106.3  	     105.5  	     110.0  	     107.7  	     110.3  	     111.4  	     107.9  	     105.0  	     
106.4  	     105.4  	     109.9  	     107.3  	     110.0  	     111.2  	     107.9  	     104.8  	     
106.2  	     105.2  	     109.7  	     107.6  	     109.9  	     111.0  	     107.6  	     104.7  	     
106.2  	     105.1  	     109.6  	     107.2  	     109.7  	     110.8  	     107.4  	     104.6  	     
105.7  	     105.0  	     109.3  	     106.9  	     109.5  	     110.6  	     107.2  	     104.5  	     
105.6  	     104.9  	     109.1  	     106.8  	     109.2  	     110.3  	     107.1  	     104.3  	     
105.3  	     104.7  	     109.1  	     106.7  	     109.0  	     110.1  	     106.8  	     104.1  	     
105.2  	     104.5  	     108.9  	     106.5  	     108.8  	     109.9  	     106.7  	     104.2  	     
105.1  	     104.3  	     108.8  	     106.2  	     108.7  	     109.7  	     106.6  	     104.0  	     
105.0  	     104.2  	     108.5  	     106.3  	     108.5  	     109.5  	     106.4  	     103.9  	     
104.8  	     104.2  	     108.4  	     106.1  	     108.3  	     109.3  	     106.4  	     103.7  	     
104.7  	     104.1  	     108.1  	     106.0  	     108.0  	     109.1  	     106.1  	     103.6  	     
104.6  	     104.0  	     108.0  	     106.0  	     107.9  	     108.9  	     106.1  	     103.5  	     
104.5  	     103.8  	     107.9  	     105.6  	     107.8  	     108.7  	     105.9  	     103.4  	     
104.4  	     103.8  	     107.9  	     105.6  	     107.8  	     108.7  	     105.7  	     103.4  	     
103.5  	     99.5  	     106.7  	     101.5  	     107.3  	     108.6  	     105.3  	     98.5  	     
102.4  	     97.0  	     105.7  	     101.4  	     106.9  	     108.6  	     104.6  	     95.8  	     
101.5  	     95.3  	     104.8  	     99.2  	     106.3  	     108.4  	     103.9  	     94.3  	     
100.7  	     94.5  	     104.5  	     100.7  	     106.0  	     108.1  	     103.3  	     93.3  	     
100.3  	     94.2  	     104.0  	     100.8  	     105.5  	     107.9  	     102.9  	     92.7  	     
99.8  	     95.0  	     103.7  	     101.3  	     105.3  	     107.6  	     102.3  	     93.0  	     
99.8  	     95.3  	     103.7  	     101.3  	     105.0  	     107.4  	     102.3  	     93.3  	     