
G34-PTC22  	G34-PTC25  	G34-PTC28  	G34-PTC32  	G34-PTC37  	G34-PTC40  	G34-PTC41  	G34-PTC43  	
Deg.F  	     Deg.F  	     Deg.F  	     Deg.F  	     Deg.F  	     Deg.F  	     Deg.F  	     Deg.F  	     
76.1  	     73.8  	     74.3  	     74.4  	     73.3  	     74.5  	     74.9  	     73.2  	     
76.1  	     73.8  	     74.3  	     74.4  	     73.3  	     74.5  	     74.9  	     73.2  	     
76.1  	     73.8  	     74.3  	     74.4  	     73.3  	     74.5  	     74.9  	     73.2  	     
76.2  	     73.9  	     74.3  	     75.4  	     73.5  	     74.9  	     75.3  	     73.2  	     
76.5  	     74.0  	     74.6  	     75.7  	     73.7  	     75.0  	     75.5  	     73.3  	     
77.0  	     74.3  	     74.9  	     75.9  	     74.0  	     75.1  	     75.7  	     73.4  	     
77.0  	     74.4  	     75.0  	     76.2  	     74.2  	     75.4  	     75.9  	     73.4  	     
77.4  	     74.8  	     75.2  	     76.5  	     74.5  	     75.4  	     75.9  	     73.5  	     
77.7  	     75.1  	     75.5  	     76.6  	     74.7  	     75.6  	     76.1  	     73.8  	     
78.0  	     75.3  	     75.8  	     77.0  	     75.0  	     75.6  	     76.2  	     73.9  	     
78.2  	     75.5  	     76.0  	     77.2  	     75.2  	     75.8  	     76.3  	     74.1  	     
78.6  	     75.8  	     76.3  	     77.4  	     75.5  	     75.9  	     76.4  	     74.3  	     
78.8  	     76.2  	     76.5  	     77.7  	     75.8  	     76.0  	     76.7  	     74.5  	     
79.0  	     76.4  	     76.7  	     78.1  	     76.0  	     76.2  	     76.7  	     74.5  	     
79.3  	     76.7  	     76.9  	     78.3  	     76.1  	     76.4  	     76.8  	     74.7  	     
79.5  	     76.9  	     77.2  	     78.7  	     76.5  	     76.4  	     76.9  	     74.9  	     
79.8  	     77.1  	     77.4  	     78.8  	     76.8  	     76.6  	     77.1  	     75.0  	     
79.9  	     77.4  	     77.6  	     79.1  	     77.0  	     76.8  	     77.3  	     75.3  	     
79.9  	     77.4  	     77.6  	     79.1  	     77.0  	     76.8  	     77.3  	     75.3  	     
79.9  	     77.4  	     77.6  	     79.1  	     77.1  	     76.7  	     77.3  	     75.3  	     
80.1  	     77.5  	     77.9  	     79.4  	     77.3  	     76.9  	     77.4  	     75.4  	     
80.4  	     77.9  	     78.0  	     79.6  	     77.5  	     77.1  	     77.5  	     75.6  	     
80.5  	     78.1  	     78.3  	     79.9  	     77.7  	     77.2  	     77.7  	     75.7  	     
80.8  	     78.3  	     78.3  	     80.1  	     78.0  	     77.3  	     77.9  	     75.9  	     
81.0  	     78.5  	     78.7  	     80.3  	     78.1  	     77.3  	     77.9  	     76.1  	     
81.1  	     78.6  	     78.6  	     80.4  	     78.1  	     77.4  	     77.9  	     76.1  	     
81.4  	     78.9  	     78.9  	     80.8  	     78.4  	     77.8  	     78.3  	     76.3  	     
81.7  	     79.1  	     79.1  	     81.1  	     78.6  	     77.9  	     78.6  	     76.3  	     
81.8  	     79.4  	     79.5  	     81.6  	     79.0  	     78.1  	     78.8  	     76.7  	     
82.2  	     79.9  	     79.8  	     82.4  	     79.4  	     78.7  	     79.3  	     76.7  	     
82.8  	     80.4  	     80.3  	     83.1  	     80.0  	     79.0  	     79.7  	     76.9  	     
83.6  	     81.0  	     80.8  	     83.7  	     80.5  	     79.5  	     80.3  	     77.2  	     
84.4  	     81.5  	     81.2  	     84.3  	     81.1  	     79.8  	     80.5  	     77.4  	     
85.2  	     82.1  	     81.7  	     85.0  	     81.7  	     80.2  	     80.9  	     77.8  	     
85.6  	     82.7  	     82.3  	     85.5  	     82.3  	     80.5  	     81.2  	     78.1  	     
86.4  	     83.3  	     82.7  	     86.1  	     82.9  	     81.0  	     81.7  	     78.4  	     
87.0  	     83.9  	     83.3  	     86.7  	     83.6  	     81.4  	     82.0  	     78.8  	     
87.6  	     84.6  	     83.8  	     87.2  	     84.1  	     81.7  	     82.4  	     79.1  	     
88.2  	     85.0  	     84.1  	     87.5  	     84.5  	     81.9  	     82.5  	     79.5  	     
88.3  	     85.2  	     84.3  	     87.8  	     84.8  	     81.9  	     82.6  	     79.5  	     
88.8  	     85.8  	     84.7  	     88.3  	     85.3  	     82.4  	     83.1  	     80.0  	     
89.4  	     86.6  	     85.4  	     89.0  	     85.9  	     82.8  	     83.4  	     80.3  	     
90.0  	     87.1  	     86.0  	     89.5  	     86.4  	     83.0  	     83.7  	     80.8  	     
90.4  	     87.7  	     86.6  	     90.0  	     87.1  	     83.5  	     84.2  	     81.3  	     
90.9  	     88.1  	     87.1  	     90.6  	     87.6  	     84.0  	     84.6  	     81.5  	     
91.4  	     88.9  	     87.5  	     91.1  	     88.2  	     84.4  	     85.0  	     82.1  	     
92.0  	     89.4  	     88.1  	     91.6  	     88.7  	     84.8  	     85.3  	     82.6  	     
92.4  	     89.8  	     88.5  	     92.0  	     89.2  	     85.3  	     85.9  	     83.0  	     
92.8  	     90.4  	     89.0  	     92.4  	     89.7  	     85.7  	     86.3  	     83.4  	     
93.3  	     90.9  	     89.5  	     93.0  	     90.2  	     86.2  	     86.8  	     83.7  	     
93.7  	     91.3  	     90.0  	     93.4  	     90.6  	     86.7  	     87.4  	     84.2  	     
94.1  	     91.8  	     90.5  	     93.9  	     91.0  	     87.1  	     87.6  	     84.7  	     
94.5  	     92.3  	     90.9  	     94.3  	     91.4  	     87.5  	     88.2  	     85.0  	     
94.9  	     92.8  	     91.3  	     94.7  	     91.9  	     87.9  	     88.5  	     85.5  	     
95.4  	     93.3  	     91.7  	     95.0  	     92.3  	     88.4  	     88.9  	     85.8  	     
95.8  	     93.7  	     92.2  	     95.3  	     92.8  	     88.8  	     89.3  	     86.3  	     
96.0  	     94.1  	     92.6  	     95.8  	     93.2  	     89.3  	     89.8  	     86.7  	     
96.4  	     94.6  	     93.1  	     96.1  	     93.6  	     89.6  	     90.1  	     87.3  	     
96.7  	     94.7  	     93.2  	     96.3  	     93.6  	     89.9  	     90.2  	     87.4  	     
96.8  	     95.0  	     93.3  	     96.4  	     93.9  	     90.2  	     90.6  	     87.7  	     
97.1  	     95.3  	     93.9  	     96.8  	     94.4  	     90.6  	     91.1  	     88.1  	     
97.6  	     95.8  	     94.2  	     97.3  	     94.6  	     91.0  	     91.4  	     88.7  	     
98.1  	     96.6  	     94.9  	     98.9  	     95.5  	     92.0  	     92.3  	     89.0  	     
99.4  	     97.9  	     96.0  	     100.9  	     96.6  	     93.1  	     93.6  	     89.4  	     
100.8  	     99.4  	     97.4  	     103.2  	     97.9  	     94.4  	     94.8  	     89.7  	     
103.0  	     101.6  	     99.1  	     105.7  	     99.6  	     96.1  	     96.4  	     90.2  	     
105.4  	     103.8  	     100.9  	     108.7  	     101.8  	     97.6  	     98.1  	     90.8  	     
108.2  	     106.6  	     103.1  	     111.7  	     104.1  	     99.7  	     100.2  	     91.6  	     
111.2  	     109.5  	     105.3  	     115.1  	     106.7  	     101.7  	     102.2  	     92.5  	     
114.5  	     112.8  	     108.1  	     118.9  	     109.5  	     103.9  	     104.2  	     93.7  	     
117.9  	     116.2  	     110.7  	     122.9  	     112.5  	     106.2  	     106.9  	     95.0  	     
121.6  	     119.7  	     113.6  	     127.0  	     115.7  	     108.7  	     109.1  	     96.4  	     
125.5  	     123.2  	     116.7  	     131.1  	     119.2  	     111.5  	     111.9  	     98.0  	     
129.5  	     127.0  	     119.9  	     135.5  	     122.8  	     114.8  	     115.4  	     99.6  	     
133.8  	     130.9  	     123.4  	     139.9  	     126.6  	     117.5  	     118.0  	     101.7  	     
137.9  	     135.2  	     127.0  	     144.3  	     130.2  	     120.2  	     120.7  	     103.6  	     
142.3  	     139.5  	     130.8  	     149.2  	     134.1  	     123.4  	     124.1  	     105.8  	     
146.7  	     143.6  	     134.7  	     154.0  	     138.4  	     127.3  	     128.1  	     108.0  	     
151.2  	     148.0  	     138.7  	     158.5  	     142.5  	     130.1  	     131.0  	     110.3  	     
155.6  	     152.4  	     142.7  	     163.2  	     146.6  	     133.7  	     134.8  	     112.8  	     
160.1  	     157.1  	     146.9  	     168.2  	     150.8  	     136.7  	     138.0  	     115.3  	     
164.4  	     161.2  	     151.0  	     173.0  	     155.0  	     140.2  	     141.5  	     117.9  	     
169.0  	     165.9  	     155.3  	     178.2  	     159.5  	     144.0  	     145.3  	     120.9  	     
173.7  	     170.7  	     159.7  	     183.0  	     163.7  	     147.7  	     149.2  	     123.8  	     
174.8  	     171.4  	     160.6  	     184.2  	     164.6  	     148.4  	     150.2  	     124.3  	     
178.2  	     175.3  	     163.8  	     187.5  	     168.0  	     151.5  	     152.7  	     127.0  	     
182.8  	     179.2  	     168.1  	     192.3  	     172.1  	     154.6  	     156.1  	     129.9  	     
187.3  	     183.2  	     172.5  	     197.0  	     176.5  	     158.6  	     160.1  	     133.0  	     
191.6  	     188.3  	     176.9  	     201.8  	     180.6  	     162.8  	     164.5  	     136.2  	     
196.0  	     192.7  	     181.3  	     206.2  	     184.8  	     166.9  	     168.5  	     139.3  	     
200.4  	     197.3  	     185.9  	     211.0  	     188.9  	     170.0  	     171.7  	     142.7  	     
205.0  	     201.6  	     190.4  	     216.1  	     193.1  	     173.8  	     175.8  	     145.9  	     
209.1  	     205.8  	     194.8  	     220.5  	     197.5  	     177.7  	     179.4  	     149.4  	     
213.5  	     210.4  	     199.0  	     225.0  	     201.1  	     181.6  	     183.5  	     152.8  	     
213.5  	     210.4  	     199.0  	     225.0  	     201.1  	     181.6  	     183.5  	     152.8  	     
217.6  	     214.4  	     203.2  	     228.8  	     205.1  	     185.3  	     187.0  	     156.4  	     
221.4  	     218.3  	     207.0  	     232.7  	     209.1  	     189.1  	     190.7  	     160.0  	     
225.2  	     221.9  	     211.0  	     236.5  	     213.1  	     192.2  	     193.7  	     163.5  	     
228.5  	     225.3  	     214.4  	     239.9  	     216.4  	     195.2  	     196.7  	     167.2  	     
231.7  	     228.4  	     217.7  	     243.0  	     219.8  	     197.9  	     199.3  	     170.8  	     
234.6  	     231.2  	     221.0  	     246.1  	     222.9  	     200.7  	     202.2  	     174.2  	     
235.0  	     231.9  	     221.6  	     246.9  	     223.4  	     201.3  	     202.5  	     174.9  	     
237.1  	     233.5  	     223.6  	     249.5  	     225.4  	     203.3  	     204.5  	     177.9  	     
239.6  	     236.1  	     226.3  	     252.3  	     228.2  	     205.6  	     206.7  	     181.2  	     
242.4  	     238.4  	     228.7  	     254.8  	     230.8  	     207.8  	     209.1  	     184.4  	     
244.7  	     240.5  	     231.4  	     257.0  	     233.0  	     210.1  	     211.0  	     187.5  	     
246.3  	     241.7  	     232.7  	     257.9  	     234.7  	     211.1  	     212.1  	     190.0  	     
247.0  	     242.2  	     233.5  	     258.2  	     235.3  	     211.9  	     212.9  	     191.0  	     
249.1  	     244.1  	     235.5  	     259.1  	     237.4  	     213.5  	     214.4  	     193.9  	     
251.2  	     246.1  	     237.3  	     259.6  	     239.6  	     215.6  	     216.6  	     196.9  	     
253.1  	     247.7  	     239.1  	     260.1  	     241.5  	     217.3  	     218.0  	     199.7  	     
254.8  	     248.8  	     240.5  	     260.4  	     243.6  	     218.9  	     219.5  	     202.4  	     
256.4  	     250.2  	     242.1  	     260.5  	     245.5  	     220.5  	     221.3  	     205.1  	     
257.6  	     251.4  	     243.5  	     260.8  	     247.2  	     222.2  	     222.8  	     207.7  	     
258.9  	     252.7  	     244.8  	     261.1  	     249.0  	     223.4  	     224.0  	     210.1  	     
259.7  	     253.8  	     246.1  	     261.3  	     250.7  	     224.8  	     225.2  	     212.6  	     
260.4  	     254.8  	     247.3  	     261.6  	     252.2  	     226.1  	     226.6  	     214.9  	     
260.9  	     256.0  	     248.5  	     262.0  	     253.6  	     227.5  	     228.0  	     217.2  	     
261.3  	     256.0  	     249.5  	     262.0  	     254.7  	     228.8  	     229.2  	     219.3  	     
261.5  	     257.7  	     250.6  	     262.3  	     255.8  	     230.2  	     230.7  	     221.5  	     
261.8  	     258.7  	     251.5  	     262.5  	     256.5  	     231.4  	     231.7  	     223.3  	     
261.9  	     259.8  	     252.5  	     262.9  	     257.2  	     232.4  	     232.8  	     225.3  	     
262.0  	     259.8  	     253.3  	     262.9  	     257.8  	     233.7  	     234.0  	     227.4  	     
262.3  	     261.0  	     254.2  	     263.1  	     258.4  	     234.8  	     235.1  	     229.4  	     
262.5  	     261.0  	     254.2  	     263.2  	     258.4  	     235.0  	     235.3  	     230.0  	     
262.3  	     261.0  	     254.9  	     263.2  	     258.5  	     235.8  	     236.2  	     231.6  	     
262.6  	     261.7  	     255.5  	     263.4  	     259.4  	     237.0  	     237.4  	     233.6  	     
262.7  	     262.0  	     256.2  	     263.7  	     259.5  	     238.0  	     238.5  	     235.9  	     
262.6  	     262.5  	     256.7  	     263.7  	     259.9  	     239.2  	     239.5  	     237.6  	     
263.0  	     262.4  	     257.4  	     263.9  	     260.1  	     239.9  	     240.3  	     240.0  	     
262.9  	     263.3  	     258.0  	     264.1  	     260.5  	     241.0  	     241.3  	     241.9  	     
262.9  	     263.7  	     258.4  	     264.1  	     260.7  	     242.1  	     242.3  	     244.1  	     
263.0  	     263.8  	     258.9  	     264.1  	     260.7  	     242.9  	     242.9  	     245.9  	     
263.1  	     264.0  	     259.1  	     264.0  	     261.0  	     243.8  	     243.9  	     247.6  	     
262.9  	     264.4  	     259.5  	     264.2  	     261.1  	     244.5  	     244.6  	     249.4  	     
263.2  	     264.6  	     260.0  	     264.1  	     261.2  	     245.4  	     245.4  	     250.9  	     
263.0  	     264.6  	     260.4  	     264.2  	     261.3  	     246.3  	     246.2  	     252.4  	     
262.9  	     265.1  	     260.6  	     264.3  	     261.4  	     246.9  	     246.8  	     253.4  	     
263.0  	     264.9  	     261.1  	     264.2  	     261.4  	     247.5  	     247.7  	     254.6  	     
263.0  	     265.4  	     261.1  	     264.4  	     261.7  	     248.3  	     248.4  	     255.3  	     
263.1  	     264.9  	     261.6  	     264.4  	     261.8  	     249.0  	     249.1  	     256.1  	     
263.1  	     266.2  	     261.8  	     264.3  	     261.7  	     249.7  	     249.7  	     256.8  	     
263.0  	     265.6  	     261.9  	     264.2  	     261.9  	     250.2  	     250.3  	     257.3  	     
263.0  	     265.5  	     262.0  	     264.4  	     261.9  	     250.3  	     250.3  	     257.4  	     
263.0  	     265.7  	     262.3  	     264.2  	     261.9  	     250.9  	     250.9  	     257.8  	     
263.0  	     265.7  	     262.6  	     264.4  	     262.1  	     251.4  	     251.4  	     258.3  	     
263.1  	     265.8  	     262.7  	     264.4  	     262.0  	     251.9  	     251.9  	     258.6  	     
263.1  	     266.0  	     262.9  	     264.4  	     262.0  	     252.4  	     252.4  	     259.0  	     
263.2  	     266.0  	     263.1  	     264.3  	     261.9  	     253.0  	     252.9  	     259.2  	     
263.2  	     265.9  	     263.2  	     264.3  	     262.2  	     253.5  	     253.4  	     259.3  	     
263.1  	     266.2  	     263.5  	     264.2  	     262.3  	     254.1  	     253.9  	     259.6  	     
263.2  	     266.2  	     263.4  	     264.2  	     262.3  	     254.4  	     254.3  	     259.8  	     
263.3  	     265.9  	     263.7  	     264.2  	     262.3  	     254.9  	     254.7  	     260.1  	     
263.5  	     266.5  	     263.8  	     264.2  	     262.4  	     255.4  	     255.1  	     260.3  	     
263.2  	     266.0  	     263.9  	     264.2  	     262.4  	     255.8  	     255.5  	     260.3  	     
263.3  	     266.5  	     264.0  	     264.2  	     262.5  	     256.1  	     255.8  	     260.5  	     
263.3  	     266.3  	     264.2  	     264.1  	     262.5  	     256.4  	     256.2  	     260.6  	     
263.3  	     266.6  	     264.2  	     264.2  	     262.5  	     256.8  	     256.5  	     260.7  	     
263.4  	     266.2  	     264.3  	     264.2  	     262.6  	     257.1  	     256.9  	     260.9  	     
263.3  	     266.8  	     264.4  	     264.2  	     262.5  	     257.4  	     257.1  	     261.0  	     
263.4  	     266.2  	     264.5  	     264.2  	     262.6  	     257.7  	     257.4  	     261.0  	     
263.5  	     266.9  	     264.6  	     264.2  	     262.6  	     257.9  	     257.7  	     261.2  	     
263.5  	     266.0  	     264.6  	     264.2  	     262.6  	     258.3  	     258.0  	     261.3  	     
263.5  	     266.2  	     264.8  	     264.2  	     262.6  	     258.5  	     258.2  	     261.4  	     
263.7  	     266.9  	     264.8  	     264.2  	     262.6  	     258.9  	     258.5  	     261.6  	     
263.6  	     266.5  	     264.9  	     264.2  	     262.7  	     259.0  	     258.7  	     261.6  	     
263.7  	     266.4  	     265.0  	     264.2  	     262.8  	     259.2  	     258.9  	     261.6  	     
263.8  	     266.6  	     265.0  	     264.2  	     262.7  	     259.5  	     259.1  	     261.7  	     
263.6  	     266.8  	     265.0  	     264.2  	     262.7  	     259.7  	     259.4  	     261.7  	     
263.6  	     266.1  	     265.1  	     264.2  	     262.7  	     259.9  	     259.5  	     261.7  	     
263.7  	     266.4  	     265.1  	     264.2  	     262.8  	     260.1  	     259.8  	     261.9  	     
263.7  	     266.7  	     265.4  	     264.2  	     262.8  	     260.2  	     259.9  	     261.9  	     
263.7  	     266.6  	     265.4  	     264.1  	     262.7  	     260.4  	     260.0  	     262.0  	     
263.8  	     266.4  	     265.4  	     264.3  	     262.8  	     260.6  	     260.2  	     262.1  	     
263.8  	     266.2  	     265.4  	     264.2  	     262.7  	     260.7  	     260.3  	     262.1  	     
263.8  	     266.5  	     265.5  	     264.1  	     262.8  	     260.8  	     260.4  	     262.2  	     
263.7  	     266.2  	     265.5  	     264.2  	     262.9  	     261.0  	     260.6  	     262.2  	     
263.9  	     266.6  	     265.4  	     264.1  	     262.8  	     261.1  	     260.6  	     262.3  	     
263.8  	     266.9  	     265.6  	     264.1  	     262.9  	     261.3  	     260.9  	     262.3  	     
263.9  	     266.6  	     265.7  	     264.2  	     262.9  	     261.3  	     261.0  	     262.2  	     
264.1  	     266.6  	     265.6  	     264.1  	     262.9  	     261.6  	     261.3  	     262.4  	     
264.0  	     266.9  	     265.6  	     264.2  	     262.9  	     261.6  	     261.4  	     262.4  	     
264.0  	     266.7  	     265.8  	     264.1  	     262.8  	     261.8  	     261.5  	     262.4  	     
264.0  	     266.6  	     265.8  	     264.2  	     262.9  	     261.8  	     261.6  	     262.5  	     
264.1  	     266.6  	     265.8  	     264.2  	     262.9  	     262.0  	     261.8  	     262.5  	     
264.0  	     266.6  	     265.8  	     264.2  	     263.0  	     262.0  	     261.8  	     262.6  	     
264.0  	     266.8  	     265.8  	     264.1  	     263.0  	     262.1  	     261.9  	     262.5  	     
264.0  	     266.9  	     265.8  	     264.2  	     263.0  	     262.4  	     262.0  	     262.6  	     
264.1  	     266.9  	     265.9  	     264.1  	     263.1  	     262.4  	     262.1  	     262.6  	     
264.1  	     266.6  	     266.0  	     264.2  	     263.1  	     262.5  	     262.2  	     262.6  	     
264.0  	     266.6  	     266.0  	     264.2  	     263.1  	     262.5  	     262.2  	     262.7  	     
264.1  	     267.2  	     265.9  	     264.2  	     263.0  	     262.5  	     262.2  	     262.7  	     
264.1  	     267.0  	     266.0  	     264.1  	     263.0  	     262.6  	     262.4  	     262.7  	     
264.1  	     266.9  	     266.1  	     264.1  	     263.0  	     262.7  	     262.5  	     262.8  	     
264.1  	     266.9  	     266.1  	     264.1  	     263.0  	     262.8  	     262.5  	     262.8  	     
264.1  	     266.7  	     266.1  	     264.1  	     263.2  	     263.0  	     262.7  	     262.8  	     
264.2  	     266.9  	     266.1  	     264.2  	     263.2  	     263.1  	     262.7  	     262.7  	     
264.2  	     266.7  	     266.0  	     264.1  	     263.3  	     263.1  	     262.8  	     262.7  	     
264.2  	     266.7  	     266.1  	     264.2  	     263.3  	     263.1  	     262.8  	     262.9  	     
264.2  	     266.9  	     266.1  	     264.1  	     263.2  	     263.2  	     262.9  	     262.8  	     
264.2  	     266.6  	     266.0  	     264.1  	     263.3  	     263.2  	     263.0  	     262.9  	     
264.2  	     266.7  	     266.1  	     264.2  	     263.3  	     263.2  	     262.9  	     262.9  	     
264.2  	     266.9  	     266.0  	     264.1  	     263.3  	     263.3  	     263.0  	     262.9  	     
264.2  	     266.2  	     266.1  	     264.2  	     263.3  	     263.3  	     263.0  	     263.0  	     
264.2  	     267.0  	     266.1  	     264.2  	     263.3  	     263.3  	     263.1  	     262.9  	     
264.2  	     266.7  	     266.1  	     264.3  	     263.3  	     263.4  	     263.1  	     262.9  	     
264.2  	     266.4  	     266.2  	     264.3  	     263.2  	     263.5  	     263.1  	     262.9  	     
264.4  	     266.9  	     266.2  	     264.1  	     263.2  	     263.4  	     263.2  	     262.9  	     
264.2  	     266.9  	     266.2  	     264.2  	     263.2  	     263.5  	     263.2  	     263.0  	     
264.3  	     267.8  	     266.1  	     264.1  	     263.3  	     263.5  	     263.2  	     263.0  	     
264.2  	     267.0  	     266.1  	     264.2  	     263.3  	     263.6  	     263.3  	     262.9  	     
264.3  	     266.4  	     266.2  	     264.2  	     263.3  	     263.7  	     263.3  	     262.9  	     
264.3  	     266.3  	     266.2  	     264.2  	     263.3  	     263.6  	     263.4  	     262.9  	     
264.3  	     266.9  	     266.2  	     264.1  	     263.3  	     263.7  	     263.4  	     263.0  	     
264.3  	     266.7  	     266.3  	     264.1  	     263.4  	     263.8  	     263.5  	     263.0  	     
264.3  	     266.7  	     266.2  	     264.1  	     263.4  	     263.9  	     263.5  	     263.0  	     
264.4  	     267.0  	     266.2  	     264.2  	     263.4  	     263.9  	     263.5  	     262.9  	     
264.4  	     266.8  	     266.2  	     264.1  	     263.3  	     263.9  	     263.5  	     263.0  	     
264.4  	     267.2  	     266.3  	     264.1  	     263.4  	     263.9  	     263.6  	     263.0  	     
264.4  	     266.6  	     266.3  	     264.2  	     263.3  	     263.9  	     263.6  	     263.0  	     
264.4  	     266.6  	     266.3  	     264.2  	     263.3  	     263.9  	     263.6  	     263.0  	     
264.4  	     267.5  	     266.3  	     264.1  	     263.4  	     263.9  	     263.7  	     263.0  	     
264.3  	     266.7  	     266.2  	     264.2  	     263.3  	     263.9  	     263.7  	     263.2  	     
264.3  	     266.5  	     266.4  	     264.2  	     263.3  	     264.0  	     263.7  	     263.2  	     
264.4  	     266.9  	     266.2  	     264.1  	     263.4  	     264.0  	     263.7  	     263.1  	     
264.4  	     266.2  	     266.3  	     264.2  	     263.4  	     263.9  	     263.7  	     263.2  	     
264.4  	     266.6  	     266.2  	     264.2  	     263.4  	     264.0  	     263.8  	     263.2  	     
264.4  	     266.5  	     266.2  	     264.1  	     263.3  	     264.1  	     263.8  	     263.1  	     
264.3  	     266.7  	     266.3  	     264.1  	     263.4  	     264.0  	     263.7  	     263.2  	     
264.4  	     266.7  	     266.2  	     264.2  	     263.4  	     264.0  	     263.7  	     263.2  	     
264.2  	     266.6  	     266.2  	     264.2  	     263.3  	     264.0  	     263.7  	     263.2  	     
264.4  	     266.9  	     266.3  	     264.1  	     263.4  	     264.1  	     263.8  	     263.3  	     
264.4  	     267.2  	     266.2  	     264.2  	     263.4  	     264.2  	     263.8  	     263.1  	     
264.4  	     265.7  	     266.2  	     264.2  	     263.4  	     264.1  	     263.8  	     263.2  	     
264.3  	     266.7  	     266.3  	     264.1  	     263.5  	     264.1  	     263.8  	     263.2  	     
264.3  	     267.0  	     266.3  	     264.2  	     263.4  	     264.2  	     263.8  	     263.1  	     
264.3  	     266.0  	     266.3  	     264.1  	     263.4  	     264.1  	     263.8  	     263.1  	     
264.4  	     267.1  	     266.3  	     264.1  	     263.4  	     264.2  	     263.8  	     263.1  	     
264.3  	     266.8  	     266.2  	     264.1  	     263.5  	     264.1  	     264.0  	     263.2  	     
264.3  	     266.4  	     266.2  	     264.1  	     263.4  	     264.2  	     263.9  	     263.1  	     
264.2  	     266.4  	     266.2  	     264.2  	     263.4  	     264.2  	     263.9  	     263.2  	     
264.3  	     266.6  	     266.2  	     264.1  	     263.4  	     264.1  	     264.0  	     263.2  	     
264.3  	     266.2  	     266.2  	     263.9  	     263.3  	     264.1  	     263.8  	     263.2  	     
264.1  	     266.5  	     266.1  	     263.6  	     263.2  	     264.1  	     263.7  	     263.2  	     
263.5  	     266.0  	     265.6  	     261.6  	     262.8  	     263.2  	     262.7  	     263.2  	     
262.2  	     265.6  	     264.5  	     260.1  	     261.7  	     262.6  	     261.8  	     263.2  	     
260.8  	     263.8  	     263.3  	     258.7  	     260.6  	     262.0  	     261.0  	     263.2  	     
259.4  	     262.7  	     262.3  	     257.6  	     259.4  	     261.4  	     260.5  	     262.9  	     
257.8  	     261.2  	     261.3  	     255.6  	     257.9  	     260.4  	     259.4  	     262.8  	     
255.8  	     259.8  	     259.7  	     253.3  	     256.1  	     259.4  	     258.3  	     262.3  	     
253.9  	     258.2  	     258.3  	     251.5  	     254.5  	     258.5  	     257.2  	     261.8  	     
251.9  	     256.5  	     256.7  	     249.4  	     252.7  	     257.3  	     256.0  	     261.4  	     
249.6  	     254.5  	     255.0  	     247.0  	     250.6  	     255.8  	     254.4  	     260.6  	     
247.4  	     252.6  	     253.2  	     244.4  	     248.4  	     254.4  	     253.1  	     259.9  	     
245.0  	     250.5  	     251.3  	     242.0  	     246.4  	     253.0  	     251.7  	     259.0  	     
242.3  	     248.2  	     249.2  	     239.3  	     244.0  	     251.5  	     250.0  	     258.0  	     
239.8  	     245.9  	     247.1  	     236.6  	     241.8  	     249.7  	     248.1  	     256.9  	     
237.1  	     243.2  	     245.0  	     233.7  	     239.0  	     247.9  	     246.5  	     255.7  	     
234.3  	     240.6  	     242.7  	     230.8  	     236.7  	     246.1  	     244.4  	     254.4  	     
231.6  	     238.2  	     240.3  	     227.9  	     234.2  	     244.4  	     242.6  	     253.1  	     
228.8  	     236.0  	     238.0  	     225.1  	     231.7  	     242.4  	     240.7  	     251.7  	     
226.1  	     233.4  	     235.5  	     222.2  	     229.0  	     240.3  	     238.9  	     250.2  	     
225.4  	     232.7  	     235.0  	     221.4  	     228.3  	     239.8  	     238.1  	     249.9  	     
223.4  	     230.7  	     233.1  	     219.1  	     226.5  	     238.2  	     236.7  	     248.6  	     
220.7  	     228.0  	     230.8  	     216.2  	     223.9  	     236.3  	     234.8  	     246.9  	     
218.0  	     225.6  	     228.3  	     213.5  	     221.3  	     234.4  	     232.7  	     245.3  	     
215.3  	     222.8  	     225.9  	     210.8  	     218.9  	     232.2  	     230.6  	     243.6  	     
212.6  	     220.1  	     223.4  	     207.8  	     216.1  	     230.3  	     228.6  	     241.9  	     
209.9  	     217.5  	     221.1  	     205.1  	     213.7  	     228.0  	     226.5  	     240.0  	     
207.3  	     214.9  	     218.6  	     202.4  	     211.2  	     225.9  	     224.4  	     238.3  	     
204.9  	     212.3  	     216.3  	     199.8  	     208.7  	     223.5  	     222.2  	     236.5  	     
202.5  	     210.0  	     213.8  	     197.4  	     206.4  	     221.5  	     219.8  	     234.3  	     
199.9  	     207.5  	     211.5  	     194.6  	     204.1  	     219.1  	     217.9  	     232.3  	     
197.5  	     204.9  	     209.0  	     192.4  	     201.7  	     217.4  	     216.2  	     230.4  	     
195.4  	     202.5  	     206.7  	     190.1  	     199.3  	     215.4  	     214.0  	     228.5  	     
192.9  	     200.1  	     204.4  	     187.5  	     197.1  	     213.2  	     212.1  	     226.6  	     
190.8  	     197.8  	     202.1  	     185.4  	     194.9  	     211.1  	     210.0  	     224.6  	     
188.7  	     195.6  	     200.0  	     183.1  	     192.8  	     209.3  	     208.2  	     222.7  	     
186.6  	     193.5  	     197.7  	     180.9  	     190.5  	     207.1  	     206.0  	     220.7  	     
184.3  	     191.2  	     195.6  	     178.8  	     188.5  	     205.0  	     203.9  	     218.6  	     
182.3  	     189.1  	     193.5  	     176.8  	     186.4  	     203.2  	     202.0  	     216.6  	     
180.3  	     187.0  	     191.6  	     174.7  	     184.5  	     201.0  	     199.9  	     214.7  	     
178.5  	     184.9  	     189.4  	     172.6  	     182.3  	     199.1  	     198.2  	     212.7  	     
176.6  	     182.7  	     187.3  	     171.0  	     180.6  	     197.0  	     196.1  	     210.7  	     
174.7  	     180.7  	     185.4  	     169.0  	     178.6  	     195.4  	     194.3  	     208.7  	     
173.0  	     178.8  	     183.5  	     167.3  	     176.7  	     193.5  	     192.6  	     206.8  	     
171.1  	     176.8  	     181.6  	     165.5  	     174.8  	     191.7  	     190.8  	     204.8  	     
169.3  	     174.9  	     179.6  	     163.7  	     173.1  	     189.6  	     188.8  	     203.0  	     
167.7  	     173.0  	     177.7  	     162.1  	     171.1  	     187.8  	     187.0  	     201.0  	     
166.0  	     171.3  	     176.0  	     160.4  	     169.5  	     186.1  	     185.5  	     199.1  	     
164.5  	     169.7  	     174.2  	     158.9  	     167.9  	     184.5  	     183.7  	     197.2  	     
163.0  	     167.8  	     172.5  	     157.2  	     166.3  	     182.5  	     181.8  	     195.4  	     
161.4  	     166.3  	     170.9  	     155.9  	     164.5  	     180.7  	     180.0  	     193.7  	     
160.0  	     164.6  	     169.3  	     154.4  	     163.0  	     179.1  	     178.3  	     191.8  	     
158.5  	     163.0  	     167.7  	     153.1  	     161.5  	     177.7  	     177.1  	     189.9  	     
156.9  	     161.6  	     166.0  	     151.8  	     160.0  	     175.7  	     175.0  	     188.2  	     
155.6  	     160.2  	     164.6  	     150.4  	     158.6  	     174.2  	     173.5  	     186.4  	     
154.3  	     158.7  	     163.1  	     149.1  	     157.3  	     172.7  	     172.1  	     184.6  	     
152.9  	     157.3  	     161.5  	     147.8  	     155.9  	     171.2  	     170.6  	     182.9  	     
151.7  	     155.8  	     160.2  	     146.7  	     154.6  	     169.7  	     169.2  	     181.3  	     
150.4  	     154.2  	     158.6  	     145.5  	     153.4  	     168.3  	     167.7  	     179.6  	     
149.3  	     152.8  	     157.1  	     144.2  	     152.0  	     166.9  	     166.2  	     178.0  	     
148.1  	     151.6  	     155.9  	     143.1  	     150.7  	     165.3  	     164.8  	     176.4  	     
147.1  	     150.4  	     154.6  	     142.1  	     149.4  	     163.9  	     163.4  	     174.7  	     
146.1  	     149.1  	     153.2  	     141.1  	     148.3  	     162.7  	     162.2  	     173.2  	     
144.8  	     147.9  	     152.1  	     140.0  	     147.2  	     161.1  	     160.8  	     171.7  	     
143.6  	     146.8  	     150.9  	     139.0  	     146.0  	     160.0  	     159.5  	     170.1  	     
142.6  	     145.8  	     149.8  	     138.0  	     144.8  	     158.6  	     158.3  	     168.6  	     
141.5  	     144.4  	     148.5  	     137.1  	     143.7  	     157.4  	     157.0  	     167.2  	     
140.5  	     143.2  	     147.3  	     136.1  	     142.7  	     156.0  	     155.7  	     165.7  	     
139.6  	     142.1  	     146.2  	     135.2  	     141.6  	     155.0  	     154.6  	     164.4  	     
138.7  	     141.4  	     145.1  	     134.4  	     140.6  	     153.7  	     153.5  	     163.0  	     
137.8  	     140.3  	     144.1  	     133.5  	     139.6  	     152.5  	     152.2  	     161.5  	     
136.8  	     139.1  	     143.0  	     132.6  	     138.6  	     151.5  	     151.2  	     160.1  	     
136.0  	     138.2  	     142.0  	     131.8  	     137.8  	     150.1  	     150.0  	     158.9  	     
135.2  	     137.3  	     141.0  	     131.0  	     136.9  	     149.0  	     148.8  	     157.5  	     
134.3  	     136.3  	     140.0  	     130.2  	     135.9  	     148.0  	     147.8  	     156.2  	     
133.5  	     135.3  	     139.0  	     129.4  	     135.0  	     146.8  	     146.6  	     155.0  	     
132.7  	     134.5  	     138.1  	     128.7  	     134.3  	     146.0  	     145.8  	     153.9  	     
132.0  	     133.7  	     137.2  	     127.9  	     133.3  	     144.9  	     144.8  	     152.6  	     
131.2  	     132.8  	     136.3  	     127.2  	     132.5  	     143.7  	     143.7  	     151.5  	     
130.4  	     131.9  	     135.5  	     126.6  	     131.8  	     142.9  	     142.8  	     150.2  	     
129.6  	     131.1  	     134.6  	     125.9  	     130.9  	     141.9  	     141.8  	     149.1  	     
128.8  	     130.5  	     133.9  	     125.2  	     130.1  	     141.0  	     140.7  	     148.0  	     
128.2  	     129.7  	     133.0  	     124.5  	     129.4  	     140.0  	     139.8  	     147.1  	     
127.5  	     129.1  	     132.2  	     124.1  	     128.7  	     139.1  	     138.8  	     145.8  	     
126.7  	     128.2  	     131.4  	     123.5  	     128.0  	     138.1  	     138.0  	     144.8  	     
126.1  	     127.5  	     130.7  	     122.9  	     127.3  	     137.3  	     137.2  	     143.8  	     
125.6  	     126.8  	     129.9  	     122.3  	     126.7  	     136.3  	     136.3  	     142.7  	     
125.1  	     126.0  	     129.2  	     121.8  	     126.0  	     135.6  	     135.5  	     141.7  	     
124.4  	     125.4  	     128.5  	     121.0  	     125.3  	     134.8  	     134.8  	     140.7  	     
123.9  	     124.7  	     127.9  	     120.5  	     124.7  	     133.8  	     133.8  	     139.7  	     
123.3  	     124.2  	     127.1  	     120.0  	     124.0  	     133.2  	     133.3  	     138.8  	     
122.8  	     123.6  	     126.5  	     119.5  	     123.3  	     132.3  	     132.4  	     137.9  	     
122.2  	     123.1  	     125.8  	     119.0  	     122.8  	     131.6  	     131.6  	     137.1  	     
121.6  	     122.5  	     125.1  	     118.4  	     122.2  	     130.8  	     130.9  	     136.2  	     
121.1  	     121.9  	     124.7  	     118.1  	     121.6  	     130.2  	     130.2  	     135.3  	     
120.6  	     121.4  	     124.0  	     117.6  	     121.2  	     129.5  	     129.6  	     134.5  	     
120.1  	     120.9  	     123.5  	     117.1  	     120.6  	     128.8  	     128.9  	     133.6  	     
119.7  	     120.3  	     122.9  	     116.7  	     120.0  	     128.2  	     128.2  	     132.8  	     
119.2  	     119.7  	     122.5  	     116.3  	     119.5  	     127.6  	     127.4  	     132.0  	     
118.6  	     119.3  	     121.8  	     115.8  	     119.1  	     126.8  	     126.8  	     131.1  	     
118.3  	     118.9  	     121.5  	     115.5  	     118.5  	     126.2  	     126.1  	     130.4  	     
117.8  	     118.3  	     120.9  	     115.1  	     118.1  	     125.5  	     125.5  	     129.7  	     
117.2  	     118.0  	     120.4  	     114.7  	     117.7  	     124.9  	     125.0  	     128.9  	     
117.1  	     117.6  	     119.9  	     114.3  	     117.3  	     124.5  	     124.5  	     128.3  	     
116.7  	     117.1  	     119.4  	     114.0  	     116.9  	     123.8  	     123.9  	     127.6  	     
116.3  	     116.7  	     118.9  	     113.7  	     116.5  	     123.4  	     123.4  	     127.0  	     
115.8  	     116.4  	     118.4  	     113.2  	     116.1  	     122.8  	     122.9  	     126.2  	     
115.5  	     115.9  	     118.0  	     113.0  	     115.7  	     122.3  	     122.3  	     125.7  	     
115.1  	     115.6  	     117.7  	     112.7  	     115.2  	     121.6  	     121.7  	     125.0  	     
114.8  	     115.2  	     117.3  	     112.4  	     114.9  	     121.1  	     121.3  	     124.4  	     
114.5  	     114.8  	     116.8  	     112.0  	     114.4  	     120.7  	     120.7  	     123.8  	     
114.3  	     114.5  	     116.5  	     111.9  	     114.2  	     120.1  	     120.2  	     123.2  	     
113.9  	     114.1  	     116.0  	     111.6  	     113.7  	     119.7  	     119.9  	     122.7  	     
113.5  	     113.8  	     115.6  	     111.2  	     113.4  	     119.3  	     119.4  	     122.1  	     
113.5  	     113.7  	     115.6  	     111.3  	     113.3  	     119.1  	     119.3  	     122.0  	     
113.1  	     113.3  	     115.3  	     110.4  	     113.0  	     118.5  	     118.7  	     121.7  	     
112.3  	     112.8  	     114.7  	     109.2  	     112.2  	     117.6  	     117.5  	     121.1  	     
111.4  	     112.2  	     114.0  	     108.3  	     111.4  	     117.1  	     116.9  	     120.6  	     
110.4  	     111.6  	     113.3  	     107.5  	     110.6  	     116.6  	     116.5  	     120.1  	     
109.6  	     110.9  	     112.8  	     107.0  	     109.9  	     116.1  	     115.9  	     119.6  	     
108.8  	     110.3  	     112.4  	     106.3  	     109.2  	     115.7  	     115.5  	     119.0  	     
108.2  	     109.8  	     112.0  	     106.2  	     108.7  	     115.2  	     115.2  	     118.4  	     
107.8  	     109.7  	     111.7  	     105.9  	     108.4  	     115.0  	     115.0  	     118.1  	     