
G34-PTC6  	G34-PTC13  	G34-PTC17  	G34-PTC22  	G34-PTC26  	G34-PTC33  	G34-PTC43  	G34-PTC44  	
Deg.F  	     Deg.F  	     Deg.F  	     Deg.F  	     Deg.F  	     Deg.F  	     Deg.F  	     Deg.F  	     
80.1  	     80.6  	     80.9  	     79.3  	     79.9  	     76.6  	     79.7  	     82.0  	     
80.1  	     80.6  	     80.9  	     79.3  	     79.9  	     76.6  	     79.7  	     82.0  	     
80.1  	     80.6  	     80.9  	     79.3  	     79.9  	     76.6  	     79.7  	     82.0  	     
80.1  	     81.0  	     80.9  	     79.5  	     80.1  	     76.7  	     79.9  	     82.0  	     
80.2  	     81.3  	     81.1  	     79.7  	     80.6  	     76.6  	     80.0  	     82.1  	     
80.2  	     81.4  	     81.2  	     79.9  	     80.8  	     76.8  	     80.2  	     82.2  	     
80.2  	     81.8  	     81.2  	     80.1  	     81.1  	     76.5  	     80.4  	     82.3  	     
80.2  	     81.9  	     81.3  	     80.2  	     81.3  	     76.9  	     80.4  	     82.5  	     
80.4  	     82.1  	     81.4  	     80.5  	     81.5  	     77.3  	     80.4  	     82.5  	     
80.4  	     82.2  	     81.5  	     80.7  	     81.7  	     77.5  	     80.6  	     82.5  	     
80.5  	     82.5  	     81.7  	     80.8  	     81.9  	     77.3  	     80.6  	     82.5  	     
80.6  	     82.8  	     81.7  	     81.0  	     82.2  	     77.6  	     80.7  	     82.7  	     
80.8  	     83.0  	     82.0  	     81.2  	     82.4  	     77.8  	     80.8  	     82.8  	     
80.9  	     83.1  	     82.0  	     81.4  	     82.7  	     77.9  	     81.0  	     82.9  	     
80.9  	     83.3  	     82.0  	     81.7  	     82.9  	     78.0  	     81.1  	     83.0  	     
81.0  	     83.5  	     82.2  	     81.8  	     83.1  	     78.2  	     81.1  	     83.2  	     
81.1  	     83.7  	     82.2  	     82.0  	     83.3  	     78.2  	     81.4  	     83.2  	     
81.3  	     84.0  	     82.3  	     82.1  	     83.5  	     78.5  	     81.4  	     83.3  	     
81.3  	     84.0  	     82.3  	     82.1  	     83.5  	     78.5  	     81.4  	     83.3  	     
81.3  	     84.1  	     82.4  	     82.2  	     83.8  	     78.4  	     81.2  	     83.3  	     
81.5  	     84.1  	     82.5  	     82.4  	     84.0  	     78.5  	     81.4  	     83.4  	     
81.6  	     84.3  	     82.6  	     82.5  	     84.0  	     78.8  	     81.5  	     83.5  	     
81.7  	     84.7  	     82.7  	     82.7  	     84.3  	     78.9  	     81.6  	     83.6  	     
81.9  	     84.7  	     82.8  	     82.9  	     84.5  	     79.0  	     81.8  	     83.7  	     
81.8  	     84.7  	     82.8  	     82.9  	     84.6  	     79.0  	     81.7  	     83.7  	     
82.0  	     84.8  	     82.8  	     83.0  	     84.7  	     79.2  	     81.9  	     83.8  	     
82.1  	     84.9  	     83.0  	     83.2  	     84.8  	     79.1  	     82.0  	     83.9  	     
82.1  	     85.6  	     83.1  	     83.4  	     85.2  	     79.4  	     82.4  	     84.2  	     
82.2  	     86.0  	     83.4  	     83.9  	     85.8  	     79.5  	     82.4  	     84.4  	     
82.3  	     86.6  	     83.7  	     84.3  	     86.4  	     79.8  	     82.8  	     84.8  	     
82.5  	     87.1  	     84.1  	     84.8  	     86.9  	     80.0  	     83.1  	     85.2  	     
82.7  	     87.5  	     84.4  	     85.3  	     87.5  	     80.3  	     83.4  	     85.4  	     
82.9  	     88.1  	     84.7  	     85.7  	     88.1  	     80.7  	     83.6  	     85.7  	     
83.2  	     88.5  	     85.1  	     86.2  	     88.6  	     81.0  	     83.9  	     86.0  	     
83.5  	     89.1  	     85.4  	     86.7  	     89.1  	     81.2  	     84.1  	     86.1  	     
83.9  	     89.5  	     85.7  	     87.1  	     89.8  	     81.6  	     84.4  	     86.5  	     
84.2  	     90.0  	     86.1  	     87.6  	     90.1  	     81.9  	     84.6  	     86.7  	     
84.5  	     90.7  	     86.4  	     88.0  	     90.7  	     82.4  	     84.9  	     87.0  	     
84.5  	     90.8  	     86.5  	     88.2  	     91.0  	     82.5  	     85.0  	     87.0  	     
84.7  	     91.1  	     86.8  	     88.6  	     91.3  	     82.7  	     85.2  	     87.2  	     
85.1  	     91.6  	     87.1  	     89.0  	     91.9  	     83.0  	     85.5  	     87.5  	     
85.5  	     92.1  	     87.5  	     89.5  	     92.6  	     83.3  	     85.8  	     88.1  	     
85.8  	     92.7  	     87.9  	     90.0  	     93.3  	     83.8  	     86.2  	     88.4  	     
86.0  	     93.3  	     88.3  	     90.5  	     93.9  	     84.2  	     86.5  	     88.8  	     
86.4  	     93.9  	     88.9  	     91.1  	     94.4  	     84.5  	     86.9  	     89.2  	     
86.7  	     94.3  	     89.1  	     91.5  	     95.0  	     85.2  	     87.2  	     89.5  	     
87.1  	     94.9  	     89.6  	     92.0  	     95.6  	     85.3  	     87.5  	     89.9  	     
87.5  	     95.4  	     89.8  	     92.6  	     96.1  	     85.6  	     87.9  	     90.1  	     
87.9  	     96.0  	     90.4  	     93.1  	     96.8  	     86.1  	     88.2  	     90.5  	     
88.3  	     96.5  	     90.7  	     93.6  	     97.0  	     86.4  	     88.6  	     91.0  	     
88.8  	     97.1  	     91.3  	     94.1  	     98.0  	     86.8  	     89.0  	     91.3  	     
89.1  	     97.7  	     91.3  	     94.6  	     98.5  	     87.4  	     89.6  	     91.9  	     
89.6  	     98.3  	     92.3  	     95.2  	     99.0  	     87.7  	     89.9  	     92.2  	     
90.0  	     98.8  	     92.6  	     95.7  	     99.2  	     88.3  	     90.3  	     92.6  	     
90.5  	     99.4  	     93.2  	     96.2  	     99.9  	     88.6  	     90.8  	     93.0  	     
91.0  	     99.9  	     93.7  	     96.8  	     100.9  	     89.1  	     91.2  	     93.5  	     
91.4  	     100.3  	     94.0  	     97.4  	     101.2  	     89.8  	     91.6  	     93.9  	     
91.9  	     100.8  	     94.5  	     98.0  	     101.7  	     90.2  	     92.1  	     94.3  	     
91.8  	     100.8  	     94.5  	     98.0  	     101.7  	     90.2  	     92.1  	     94.4  	     
92.4  	     101.3  	     95.0  	     98.5  	     102.2  	     90.5  	     92.5  	     94.7  	     
93.0  	     101.9  	     95.4  	     98.9  	     102.7  	     91.0  	     92.9  	     95.2  	     
93.5  	     102.2  	     95.8  	     99.4  	     103.2  	     91.4  	     93.3  	     95.6  	     
94.0  	     102.9  	     96.3  	     99.9  	     103.7  	     92.2  	     93.8  	     96.1  	     
94.4  	     104.2  	     97.1  	     100.8  	     105.3  	     92.5  	     94.5  	     97.0  	     
94.9  	     106.2  	     98.3  	     102.2  	     108.5  	     93.3  	     95.8  	     98.0  	     
95.7  	     108.6  	     99.8  	     104.2  	     111.8  	     94.3  	     97.0  	     99.6  	     
96.4  	     111.7  	     101.3  	     106.3  	     115.3  	     95.2  	     98.4  	     101.1  	     
97.5  	     114.8  	     103.1  	     108.8  	     119.2  	     96.7  	     99.9  	     102.7  	     
98.8  	     118.3  	     105.0  	     111.5  	     123.7  	     98.1  	     101.5  	     104.4  	     
100.3  	     122.1  	     106.8  	     114.6  	     127.9  	     99.8  	     103.3  	     106.5  	     
101.9  	     126.2  	     109.0  	     117.7  	     133.1  	     101.3  	     105.2  	     108.6  	     
103.7  	     130.4  	     111.5  	     121.1  	     137.4  	     103.4  	     107.2  	     110.9  	     
105.7  	     134.8  	     113.9  	     124.5  	     142.2  	     105.6  	     109.3  	     113.4  	     
108.0  	     139.4  	     116.5  	     128.2  	     147.5  	     107.7  	     111.4  	     115.9  	     
110.4  	     143.9  	     119.3  	     131.8  	     152.0  	     109.9  	     113.9  	     118.4  	     
112.8  	     149.1  	     122.2  	     135.8  	     157.9  	     112.4  	     116.2  	     121.3  	     
115.3  	     154.2  	     125.4  	     139.8  	     163.1  	     115.2  	     119.1  	     124.4  	     
118.0  	     159.2  	     128.5  	     143.9  	     168.3  	     118.1  	     121.8  	     127.4  	     
121.0  	     164.6  	     131.8  	     148.0  	     173.6  	     121.1  	     124.6  	     130.5  	     
123.9  	     169.7  	     135.2  	     152.2  	     179.1  	     124.1  	     127.6  	     133.7  	     
126.8  	     175.1  	     138.3  	     156.5  	     184.6  	     127.5  	     130.8  	     137.3  	     
129.5  	     179.9  	     141.4  	     160.4  	     189.3  	     130.5  	     133.3  	     140.5  	     
130.0  	     180.7  	     142.0  	     161.0  	     190.2  	     130.9  	     134.1  	     141.1  	     
133.3  	     186.1  	     144.0  	     165.5  	     195.8  	     133.8  	     137.2  	     144.4  	     
136.8  	     191.8  	     147.8  	     170.0  	     201.1  	     137.7  	     140.5  	     148.2  	     
140.3  	     197.3  	     151.3  	     174.8  	     206.8  	     141.6  	     144.2  	     152.2  	     
144.2  	     203.0  	     155.4  	     179.6  	     212.9  	     145.2  	     147.8  	     156.2  	     
148.0  	     208.9  	     159.3  	     184.6  	     218.0  	     148.6  	     151.5  	     160.2  	     
152.0  	     214.6  	     163.4  	     189.1  	     223.6  	     152.5  	     155.1  	     164.1  	     
156.1  	     219.7  	     167.2  	     193.7  	     228.1  	     156.2  	     158.7  	     167.8  	     
157.4  	     221.4  	     168.5  	     195.2  	     229.5  	     157.6  	     159.8  	     169.2  	     
160.3  	     224.7  	     171.3  	     198.1  	     232.6  	     160.5  	     162.1  	     171.7  	     
164.6  	     229.3  	     175.3  	     202.4  	     236.4  	     162.7  	     165.8  	     175.2  	     
168.5  	     233.5  	     179.2  	     206.4  	     239.9  	     168.4  	     169.3  	     178.8  	     
172.7  	     237.3  	     183.2  	     210.3  	     243.1  	     172.7  	     172.6  	     182.1  	     
176.9  	     240.7  	     186.7  	     213.6  	     245.8  	     175.6  	     176.1  	     185.4  	     
180.9  	     243.6  	     190.2  	     216.7  	     248.0  	     179.3  	     179.2  	     188.4  	     
183.5  	     245.3  	     192.1  	     218.6  	     249.3  	     181.3  	     181.1  	     190.4  	     
185.0  	     246.2  	     193.6  	     219.8  	     249.9  	     182.8  	     181.8  	     191.1  	     
188.9  	     248.5  	     196.6  	     222.5  	     251.7  	     186.2  	     185.2  	     193.9  	     
192.6  	     250.6  	     199.8  	     225.2  	     252.8  	     189.0  	     188.1  	     196.5  	     
196.2  	     252.3  	     202.7  	     227.4  	     252.8  	     191.9  	     190.8  	     198.9  	     
199.6  	     253.6  	     205.3  	     229.7  	     254.2  	     194.8  	     193.6  	     201.3  	     
200.9  	     254.1  	     206.5  	     230.4  	     254.3  	     195.8  	     194.5  	     202.2  	     
202.6  	     254.9  	     208.2  	     231.6  	     254.6  	     197.6  	     196.2  	     203.6  	     
205.7  	     256.1  	     210.7  	     233.5  	     255.0  	     200.3  	     198.8  	     206.0  	     
208.5  	     257.1  	     213.1  	     235.2  	     255.6  	     202.7  	     201.2  	     208.1  	     
211.3  	     258.0  	     215.4  	     237.0  	     256.1  	     204.3  	     203.5  	     210.0  	     
213.9  	     258.8  	     217.6  	     238.6  	     256.5  	     207.1  	     205.8  	     212.1  	     
216.5  	     259.5  	     219.6  	     240.2  	     256.7  	     209.0  	     208.0  	     214.0  	     
218.8  	     260.1  	     221.6  	     241.8  	     257.1  	     210.4  	     210.1  	     215.8  	     
221.1  	     260.6  	     223.3  	     243.3  	     257.4  	     212.3  	     212.1  	     217.5  	     
223.5  	     261.2  	     225.2  	     244.7  	     257.4  	     214.0  	     214.0  	     219.3  	     
225.7  	     261.5  	     226.9  	     246.1  	     258.1  	     216.0  	     215.9  	     220.9  	     
227.9  	     262.0  	     228.4  	     247.4  	     258.0  	     217.6  	     217.7  	     222.4  	     
230.1  	     262.2  	     230.0  	     248.4  	     258.0  	     219.4  	     219.5  	     223.9  	     
232.5  	     262.5  	     231.5  	     249.7  	     258.3  	     220.7  	     221.2  	     225.4  	     
234.7  	     263.0  	     232.9  	     250.8  	     258.8  	     222.5  	     222.8  	     226.8  	     
236.9  	     263.1  	     234.3  	     251.9  	     258.7  	     224.2  	     224.3  	     228.2  	     
239.1  	     263.4  	     235.6  	     252.7  	     258.8  	     225.6  	     225.9  	     229.5  	     
241.3  	     263.5  	     236.9  	     253.7  	     259.1  	     227.0  	     227.4  	     230.7  	     
243.3  	     263.7  	     238.1  	     254.4  	     259.5  	     228.6  	     228.9  	     231.7  	     
245.4  	     263.8  	     239.3  	     255.0  	     259.2  	     230.1  	     230.4  	     233.0  	     
246.9  	     263.8  	     240.1  	     255.6  	     259.3  	     231.5  	     231.4  	     234.0  	     
247.2  	     263.9  	     240.3  	     255.7  	     259.5  	     231.4  	     231.5  	     234.2  	     
249.0  	     264.0  	     241.6  	     256.3  	     259.3  	     232.9  	     232.9  	     235.3  	     
250.5  	     264.0  	     242.5  	     256.7  	     259.7  	     234.3  	     234.3  	     236.4  	     
252.0  	     264.2  	     243.5  	     257.1  	     259.9  	     235.4  	     235.5  	     237.5  	     
253.4  	     264.2  	     244.5  	     257.5  	     260.1  	     236.9  	     236.4  	     238.6  	     
254.4  	     264.3  	     245.3  	     257.9  	     260.3  	     238.2  	     237.8  	     239.7  	     
255.3  	     264.4  	     246.3  	     258.2  	     259.8  	     239.2  	     238.8  	     240.4  	     
256.1  	     264.3  	     246.9  	     258.6  	     260.8  	     240.7  	     240.0  	     241.4  	     
256.7  	     264.4  	     247.7  	     259.0  	     260.5  	     241.8  	     240.8  	     242.1  	     
257.6  	     264.5  	     248.5  	     259.2  	     260.5  	     242.7  	     241.8  	     243.0  	     
258.0  	     264.5  	     249.1  	     259.5  	     260.4  	     243.8  	     242.5  	     243.7  	     
258.4  	     264.5  	     249.8  	     259.8  	     260.8  	     244.8  	     243.3  	     244.5  	     
258.7  	     264.6  	     250.5  	     260.0  	     260.7  	     249.2  	     244.1  	     245.2  	     
259.1  	     264.7  	     251.0  	     260.2  	     260.8  	     246.4  	     244.9  	     245.8  	     
259.3  	     264.7  	     251.5  	     260.5  	     261.3  	     246.8  	     245.6  	     246.7  	     
259.6  	     264.7  	     252.1  	     260.6  	     260.9  	     247.5  	     246.2  	     247.3  	     
259.9  	     264.7  	     252.6  	     260.8  	     261.1  	     248.3  	     246.8  	     247.9  	     
260.1  	     264.7  	     253.1  	     261.0  	     261.1  	     249.8  	     247.4  	     248.5  	     
260.3  	     264.7  	     253.5  	     261.2  	     261.5  	     249.4  	     247.9  	     249.0  	     
260.5  	     264.7  	     254.0  	     261.3  	     261.2  	     249.7  	     248.4  	     249.6  	     
260.7  	     264.7  	     254.4  	     261.5  	     261.5  	     250.2  	     248.9  	     250.2  	     
260.8  	     264.8  	     254.8  	     261.6  	     261.4  	     250.8  	     249.5  	     250.7  	     
260.9  	     264.9  	     255.2  	     261.7  	     261.4  	     251.0  	     249.9  	     251.2  	     
261.0  	     264.7  	     255.3  	     261.7  	     261.4  	     250.5  	     250.4  	     251.2  	     
261.1  	     264.9  	     255.6  	     261.8  	     261.6  	     251.6  	     250.4  	     251.6  	     
261.3  	     264.9  	     256.0  	     261.8  	     261.8  	     251.8  	     250.9  	     252.0  	     
261.3  	     264.8  	     256.3  	     262.0  	     261.7  	     252.9  	     251.2  	     252.5  	     
261.4  	     264.9  	     256.6  	     262.1  	     261.8  	     253.4  	     251.7  	     252.8  	     
261.5  	     264.9  	     256.9  	     262.2  	     261.7  	     253.2  	     252.1  	     253.4  	     
261.7  	     264.8  	     257.2  	     262.3  	     262.0  	     253.9  	     252.5  	     253.7  	     
261.7  	     264.8  	     257.4  	     262.3  	     261.9  	     254.1  	     252.9  	     254.2  	     
261.9  	     264.9  	     257.7  	     262.4  	     261.7  	     254.4  	     253.3  	     254.6  	     
262.0  	     264.8  	     258.0  	     262.3  	     261.5  	     254.7  	     253.5  	     254.8  	     
262.1  	     264.7  	     258.2  	     262.3  	     261.5  	     255.0  	     253.7  	     255.1  	     
262.2  	     264.7  	     258.4  	     262.5  	     261.6  	     255.4  	     254.2  	     255.4  	     
262.2  	     264.8  	     258.6  	     262.5  	     261.7  	     255.4  	     254.5  	     255.9  	     
262.1  	     264.8  	     258.9  	     262.6  	     261.9  	     255.8  	     254.7  	     256.1  	     
262.2  	     264.8  	     259.0  	     262.7  	     261.7  	     256.2  	     255.0  	     256.3  	     
262.3  	     264.7  	     259.2  	     262.6  	     262.1  	     256.4  	     255.3  	     256.6  	     
262.3  	     264.7  	     259.4  	     262.7  	     261.9  	     256.8  	     255.5  	     256.9  	     
262.4  	     264.8  	     259.6  	     262.7  	     262.0  	     256.8  	     255.8  	     257.3  	     
262.4  	     264.8  	     259.8  	     262.9  	     261.8  	     257.1  	     256.1  	     257.5  	     
262.5  	     264.9  	     259.9  	     262.9  	     262.1  	     257.3  	     256.4  	     257.8  	     
262.5  	     264.7  	     260.1  	     263.0  	     262.2  	     257.6  	     256.6  	     258.0  	     
262.6  	     264.9  	     260.3  	     263.0  	     262.2  	     257.6  	     256.7  	     258.2  	     
262.7  	     264.8  	     260.4  	     263.0  	     262.2  	     257.7  	     257.1  	     258.5  	     
262.7  	     264.9  	     260.5  	     263.0  	     262.4  	     258.0  	     257.1  	     258.5  	     
262.7  	     264.9  	     260.7  	     263.1  	     262.2  	     258.2  	     257.2  	     258.7  	     
262.7  	     264.9  	     260.8  	     263.1  	     262.5  	     257.8  	     257.5  	     258.9  	     
262.8  	     264.8  	     260.9  	     263.1  	     262.1  	     258.5  	     257.7  	     259.1  	     
262.8  	     264.9  	     261.0  	     263.1  	     262.3  	     258.7  	     257.8  	     259.2  	     
262.9  	     264.9  	     261.1  	     263.1  	     262.2  	     258.8  	     258.0  	     259.5  	     
262.8  	     264.8  	     261.2  	     263.2  	     262.0  	     259.0  	     258.1  	     259.6  	     
262.9  	     264.7  	     261.3  	     263.3  	     261.9  	     259.2  	     258.3  	     259.9  	     
262.9  	     264.8  	     261.4  	     263.2  	     262.0  	     259.2  	     258.5  	     259.9  	     
263.0  	     264.8  	     261.5  	     263.2  	     262.0  	     259.4  	     258.7  	     260.0  	     
263.0  	     264.7  	     261.5  	     263.3  	     261.5  	     259.6  	     258.7  	     260.3  	     
262.9  	     264.7  	     261.6  	     263.5  	     261.9  	     259.5  	     258.9  	     260.3  	     
262.9  	     264.7  	     261.7  	     263.3  	     261.9  	     259.8  	     259.0  	     260.5  	     
263.1  	     264.6  	     261.8  	     263.2  	     262.0  	     259.8  	     259.0  	     260.6  	     
263.1  	     264.6  	     261.9  	     263.2  	     261.9  	     259.9  	     259.2  	     260.7  	     
263.0  	     264.5  	     261.9  	     263.2  	     261.8  	     259.6  	     259.3  	     260.7  	     
263.0  	     264.6  	     261.9  	     263.2  	     261.8  	     259.9  	     259.4  	     260.9  	     
263.0  	     264.4  	     262.0  	     263.2  	     261.9  	     259.9  	     259.4  	     260.8  	     
263.0  	     264.5  	     262.0  	     263.2  	     262.2  	     260.1  	     259.4  	     261.0  	     
263.0  	     264.4  	     262.0  	     263.1  	     262.0  	     260.1  	     259.5  	     261.2  	     
263.0  	     264.3  	     262.0  	     263.0  	     261.6  	     260.1  	     259.6  	     261.2  	     
263.1  	     264.4  	     262.0  	     263.0  	     261.7  	     260.9  	     259.7  	     261.2  	     
263.1  	     264.1  	     262.1  	     263.0  	     261.6  	     260.3  	     259.7  	     261.2  	     
263.1  	     264.0  	     262.0  	     262.9  	     261.4  	     260.6  	     259.7  	     261.2  	     
263.0  	     264.0  	     262.0  	     262.6  	     261.4  	     260.8  	     259.7  	     261.2  	     
262.9  	     263.9  	     262.0  	     262.7  	     261.2  	     260.4  	     259.8  	     261.3  	     
262.9  	     263.9  	     262.1  	     262.8  	     261.2  	     260.8  	     259.8  	     261.3  	     
262.9  	     263.8  	     262.0  	     262.8  	     261.1  	     260.7  	     259.8  	     261.3  	     
262.8  	     263.8  	     262.0  	     262.7  	     261.7  	     260.8  	     259.8  	     261.3  	     
262.8  	     263.8  	     262.0  	     262.7  	     261.4  	     260.9  	     259.9  	     261.4  	     
262.7  	     263.8  	     262.2  	     262.7  	     260.9  	     261.0  	     260.0  	     261.6  	     
262.8  	     263.8  	     262.2  	     262.6  	     261.4  	     260.9  	     260.1  	     261.6  	     
262.7  	     263.9  	     262.2  	     262.7  	     261.3  	     260.8  	     260.2  	     261.7  	     
262.6  	     263.8  	     262.2  	     262.6  	     261.3  	     261.0  	     260.1  	     261.7  	     
262.7  	     263.9  	     262.2  	     262.6  	     261.3  	     261.0  	     260.2  	     261.7  	     
262.7  	     263.8  	     262.2  	     262.5  	     261.4  	     260.9  	     260.2  	     261.8  	     
262.6  	     263.9  	     262.2  	     262.6  	     261.1  	     260.9  	     260.2  	     261.8  	     
262.7  	     263.9  	     262.3  	     262.6  	     261.4  	     261.1  	     260.1  	     261.8  	     
262.7  	     263.8  	     262.2  	     262.6  	     261.3  	     261.1  	     260.3  	     261.8  	     
262.6  	     263.8  	     262.3  	     262.6  	     261.3  	     261.0  	     260.2  	     261.9  	     
262.6  	     263.7  	     262.3  	     262.6  	     261.1  	     261.1  	     260.2  	     261.9  	     
262.6  	     263.8  	     262.3  	     262.5  	     261.1  	     261.2  	     260.2  	     262.0  	     
262.6  	     263.9  	     262.2  	     262.5  	     261.5  	     261.3  	     260.4  	     262.0  	     
262.7  	     263.8  	     262.2  	     262.5  	     261.3  	     261.4  	     260.4  	     261.9  	     
262.6  	     263.8  	     262.3  	     262.5  	     261.2  	     261.4  	     260.4  	     261.9  	     
262.6  	     263.8  	     262.2  	     262.5  	     261.3  	     261.3  	     260.3  	     262.0  	     
262.6  	     263.7  	     262.3  	     262.4  	     261.3  	     261.4  	     260.5  	     262.1  	     
262.5  	     263.7  	     262.3  	     262.6  	     261.5  	     261.3  	     260.4  	     262.1  	     
262.6  	     263.7  	     262.3  	     262.6  	     261.2  	     261.3  	     260.6  	     262.1  	     
262.5  	     263.7  	     262.3  	     262.5  	     261.1  	     261.3  	     260.6  	     262.2  	     
262.6  	     263.7  	     262.3  	     262.5  	     261.5  	     261.5  	     260.5  	     262.3  	     
262.5  	     263.7  	     262.2  	     262.5  	     261.2  	     261.4  	     260.6  	     262.3  	     
262.5  	     263.8  	     262.3  	     262.5  	     261.4  	     261.3  	     260.7  	     262.2  	     
262.4  	     263.7  	     262.3  	     262.4  	     261.4  	     261.4  	     260.6  	     262.2  	     
262.4  	     263.7  	     262.3  	     262.5  	     261.3  	     261.4  	     260.6  	     262.4  	     
262.4  	     263.7  	     262.3  	     262.5  	     261.5  	     261.4  	     260.7  	     262.3  	     
262.3  	     263.7  	     262.3  	     262.4  	     261.3  	     261.6  	     260.7  	     262.4  	     
262.4  	     263.7  	     262.3  	     262.5  	     261.4  	     261.5  	     260.6  	     262.3  	     
262.2  	     263.7  	     262.3  	     262.5  	     261.5  	     261.5  	     260.8  	     262.5  	     
262.3  	     263.7  	     262.3  	     262.5  	     261.5  	     261.7  	     260.7  	     262.4  	     
262.4  	     263.7  	     262.4  	     262.5  	     261.5  	     261.6  	     260.7  	     262.3  	     
262.3  	     263.7  	     262.4  	     262.5  	     261.5  	     261.6  	     260.8  	     262.4  	     
262.3  	     263.7  	     262.4  	     262.4  	     261.6  	     261.7  	     260.7  	     262.4  	     
262.5  	     263.7  	     262.4  	     262.5  	     261.1  	     261.8  	     260.7  	     262.3  	     
262.5  	     263.7  	     262.4  	     262.4  	     261.4  	     261.9  	     260.7  	     262.4  	     
262.4  	     263.7  	     262.4  	     262.4  	     261.3  	     261.6  	     260.8  	     262.4  	     
262.5  	     263.7  	     262.3  	     262.5  	     261.5  	     261.7  	     260.7  	     262.4  	     
262.4  	     263.8  	     262.4  	     262.5  	     261.0  	     261.9  	     260.8  	     262.4  	     
262.4  	     263.8  	     262.4  	     262.5  	     261.2  	     261.7  	     260.8  	     262.4  	     
262.4  	     263.8  	     262.4  	     262.5  	     261.4  	     261.9  	     260.7  	     262.4  	     
262.3  	     263.7  	     262.4  	     262.5  	     261.2  	     261.9  	     260.7  	     262.5  	     
262.2  	     263.8  	     262.4  	     262.5  	     261.3  	     261.9  	     260.7  	     262.5  	     
262.2  	     263.7  	     262.3  	     262.5  	     261.5  	     261.8  	     260.8  	     262.4  	     
262.3  	     263.6  	     262.3  	     262.5  	     261.2  	     261.6  	     261.1  	     262.4  	     
262.3  	     263.6  	     262.4  	     262.5  	     261.4  	     261.7  	     260.8  	     262.4  	     
262.4  	     263.5  	     262.3  	     262.4  	     261.2  	     261.7  	     261.0  	     262.5  	     
262.3  	     263.2  	     262.2  	     262.2  	     260.6  	     261.6  	     260.6  	     262.2  	     
262.4  	     262.8  	     261.9  	     261.9  	     259.9  	     261.6  	     260.4  	     261.9  	     
262.4  	     262.1  	     261.6  	     261.7  	     259.1  	     261.4  	     260.1  	     261.5  	     
262.3  	     261.3  	     261.3  	     261.2  	     257.9  	     261.2  	     259.9  	     261.1  	     
262.2  	     260.2  	     260.8  	     260.4  	     256.8  	     260.9  	     259.4  	     260.6  	     
262.0  	     259.0  	     260.2  	     259.6  	     254.8  	     260.4  	     258.9  	     259.7  	     
261.7  	     257.6  	     259.4  	     258.5  	     253.1  	     260.0  	     258.3  	     259.0  	     
261.3  	     256.0  	     258.6  	     257.4  	     250.9  	     259.5  	     257.6  	     258.1  	     
260.8  	     254.3  	     257.7  	     256.1  	     248.8  	     258.9  	     256.9  	     257.3  	     
260.4  	     252.4  	     256.7  	     254.7  	     246.7  	     258.2  	     255.9  	     256.1  	     
259.8  	     250.5  	     255.5  	     253.2  	     244.2  	     257.3  	     255.0  	     255.2  	     
258.9  	     248.3  	     254.2  	     251.4  	     241.7  	     256.5  	     254.0  	     254.0  	     
258.1  	     246.2  	     253.1  	     249.7  	     239.0  	     255.7  	     252.9  	     252.7  	     
257.1  	     243.9  	     251.7  	     248.0  	     236.8  	     254.5  	     251.8  	     251.6  	     
255.8  	     241.7  	     250.3  	     246.4  	     234.0  	     253.2  	     250.7  	     250.4  	     
254.5  	     239.4  	     248.7  	     244.5  	     231.7  	     252.1  	     249.4  	     249.1  	     
253.3  	     237.2  	     247.2  	     242.7  	     229.0  	     251.0  	     248.2  	     247.8  	     
251.9  	     234.8  	     245.5  	     240.8  	     227.0  	     249.8  	     246.9  	     246.4  	     
250.5  	     232.5  	     244.0  	     238.6  	     224.3  	     248.6  	     245.6  	     244.9  	     
249.1  	     230.4  	     242.3  	     236.9  	     221.9  	     247.4  	     244.2  	     243.5  	     
247.5  	     227.9  	     240.6  	     234.8  	     219.7  	     246.1  	     242.7  	     242.1  	     
246.6  	     226.7  	     239.6  	     233.6  	     218.3  	     245.3  	     241.8  	     241.2  	     
245.8  	     225.7  	     238.8  	     232.8  	     217.5  	     244.9  	     241.2  	     240.6  	     
244.2  	     223.6  	     237.2  	     230.9  	     214.8  	     243.3  	     239.8  	     239.2  	     
242.5  	     221.4  	     235.4  	     228.9  	     212.6  	     242.1  	     238.3  	     237.6  	     
240.9  	     219.2  	     233.7  	     227.0  	     211.3  	     240.7  	     236.8  	     236.1  	     
239.3  	     217.1  	     231.9  	     225.1  	     208.9  	     239.3  	     235.2  	     234.6  	     
237.6  	     215.0  	     230.2  	     223.2  	     206.8  	     237.9  	     233.5  	     233.1  	     
235.9  	     213.0  	     228.5  	     221.3  	     204.4  	     236.4  	     232.1  	     231.4  	     
234.1  	     211.0  	     226.7  	     219.4  	     202.6  	     234.9  	     230.5  	     229.8  	     
232.2  	     209.1  	     225.0  	     217.5  	     200.5  	     233.4  	     229.0  	     228.3  	     
230.4  	     207.1  	     223.2  	     215.5  	     199.2  	     232.1  	     227.6  	     226.9  	     
228.6  	     205.2  	     221.5  	     213.7  	     196.9  	     230.9  	     226.0  	     225.4  	     
226.8  	     203.3  	     219.8  	     211.9  	     195.6  	     229.2  	     224.4  	     223.7  	     
225.0  	     201.5  	     218.1  	     210.1  	     193.5  	     227.8  	     222.6  	     222.2  	     
223.2  	     199.6  	     216.4  	     208.3  	     191.9  	     226.5  	     221.2  	     220.7  	     
221.3  	     197.9  	     214.7  	     206.6  	     190.8  	     224.9  	     219.5  	     219.1  	     
219.6  	     196.1  	     213.0  	     204.8  	     188.7  	     223.6  	     218.0  	     217.5  	     
217.9  	     194.4  	     211.2  	     203.1  	     186.3  	     221.9  	     216.4  	     216.0  	     
216.1  	     192.7  	     209.7  	     201.3  	     185.6  	     220.6  	     214.9  	     214.5  	     
214.3  	     191.0  	     207.9  	     199.6  	     184.0  	     218.9  	     213.4  	     213.0  	     
212.5  	     189.5  	     206.2  	     198.0  	     182.5  	     217.6  	     211.8  	     211.5  	     
210.9  	     187.9  	     204.6  	     196.3  	     181.0  	     216.2  	     210.3  	     210.2  	     
209.0  	     186.4  	     203.1  	     194.8  	     179.9  	     214.6  	     208.9  	     208.7  	     
207.3  	     184.8  	     201.6  	     193.3  	     178.5  	     213.3  	     207.3  	     207.1  	     
205.5  	     183.4  	     200.1  	     191.6  	     176.9  	     211.7  	     205.8  	     205.7  	     
203.9  	     181.9  	     198.6  	     190.0  	     175.7  	     210.4  	     204.3  	     204.2  	     
202.2  	     180.5  	     197.1  	     188.4  	     173.9  	     208.9  	     202.7  	     202.6  	     
200.5  	     178.9  	     195.5  	     187.0  	     173.0  	     207.4  	     201.2  	     201.2  	     
198.9  	     177.7  	     194.1  	     185.5  	     171.7  	     206.0  	     199.8  	     199.8  	     
197.2  	     176.3  	     192.6  	     184.1  	     170.5  	     204.6  	     198.4  	     198.5  	     
195.5  	     174.9  	     191.2  	     182.8  	     169.2  	     203.2  	     196.8  	     196.9  	     
194.1  	     173.7  	     189.8  	     181.5  	     168.1  	     202.1  	     195.5  	     195.6  	     
192.5  	     172.4  	     188.4  	     180.0  	     167.3  	     200.6  	     194.1  	     194.4  	     
190.8  	     171.1  	     187.0  	     178.5  	     165.9  	     199.3  	     192.7  	     193.0  	     
189.4  	     170.0  	     185.7  	     177.3  	     164.9  	     198.1  	     191.2  	     191.8  	     
188.1  	     168.7  	     184.4  	     175.9  	     163.7  	     196.7  	     189.9  	     190.5  	     
186.4  	     167.6  	     183.1  	     174.7  	     162.6  	     195.3  	     188.5  	     189.0  	     
185.0  	     166.4  	     181.7  	     173.4  	     161.7  	     193.8  	     187.2  	     187.9  	     
183.7  	     165.3  	     180.4  	     172.1  	     160.6  	     192.6  	     185.9  	     186.4  	     
182.2  	     164.1  	     179.2  	     170.9  	     159.6  	     191.4  	     184.7  	     185.3  	     
180.8  	     163.1  	     177.8  	     169.7  	     158.8  	     189.9  	     183.3  	     184.0  	     
179.5  	     162.0  	     176.5  	     168.7  	     157.8  	     188.7  	     182.0  	     182.6  	     
178.2  	     160.9  	     175.2  	     167.4  	     156.7  	     187.6  	     180.9  	     181.5  	     
176.8  	     160.0  	     174.1  	     166.4  	     155.2  	     186.4  	     179.5  	     180.4  	     
175.4  	     158.8  	     172.8  	     165.1  	     155.0  	     185.0  	     178.3  	     179.2  	     
174.1  	     158.0  	     171.8  	     164.1  	     154.2  	     183.9  	     177.1  	     177.8  	     
172.9  	     157.1  	     170.8  	     163.1  	     153.3  	     182.6  	     175.9  	     176.8  	     
171.6  	     156.2  	     169.6  	     162.1  	     152.2  	     181.1  	     175.0  	     175.8  	     
170.4  	     155.3  	     168.4  	     161.1  	     152.0  	     180.3  	     173.8  	     174.7  	     
169.2  	     154.3  	     167.4  	     160.1  	     150.6  	     179.0  	     172.6  	     173.6  	     
168.1  	     153.5  	     166.4  	     159.0  	     149.7  	     177.8  	     171.5  	     172.5  	     
166.8  	     152.7  	     165.2  	     158.0  	     148.8  	     176.6  	     170.3  	     171.5  	     
165.8  	     151.6  	     164.1  	     157.1  	     148.3  	     175.6  	     169.1  	     170.2  	     
164.7  	     150.8  	     163.3  	     156.0  	     147.3  	     174.4  	     168.0  	     169.3  	     
163.5  	     150.0  	     162.2  	     155.1  	     146.8  	     173.5  	     167.0  	     168.0  	     
162.5  	     149.1  	     161.2  	     154.2  	     146.2  	     172.2  	     165.9  	     167.1  	     
161.4  	     148.3  	     160.1  	     153.3  	     145.3  	     171.1  	     164.9  	     166.1  	     
160.4  	     147.6  	     159.2  	     152.6  	     144.2  	     170.1  	     164.0  	     165.3  	     
159.4  	     146.8  	     158.2  	     151.7  	     144.5  	     168.9  	     163.0  	     164.2  	     
158.4  	     146.0  	     157.3  	     150.8  	     143.2  	     168.0  	     162.0  	     163.3  	     
157.5  	     145.3  	     156.4  	     150.1  	     142.9  	     166.9  	     161.1  	     162.3  	     
156.5  	     144.6  	     155.6  	     149.2  	     142.3  	     165.9  	     160.2  	     161.4  	     
155.6  	     143.9  	     154.7  	     148.4  	     141.4  	     165.0  	     159.1  	     160.4  	     
154.7  	     143.2  	     153.8  	     147.6  	     140.6  	     164.1  	     158.1  	     159.5  	     
153.7  	     142.5  	     153.1  	     146.8  	     139.7  	     163.2  	     157.3  	     158.7  	     
152.9  	     142.0  	     152.2  	     146.1  	     139.6  	     162.2  	     156.4  	     157.8  	     
151.9  	     141.3  	     151.5  	     145.4  	     138.9  	     161.2  	     155.6  	     157.0  	     
151.0  	     140.7  	     150.6  	     144.6  	     138.2  	     160.2  	     154.7  	     156.2  	     
150.2  	     140.1  	     149.8  	     143.9  	     137.6  	     159.4  	     153.8  	     155.3  	     
149.4  	     139.6  	     149.1  	     143.2  	     137.6  	     158.5  	     153.1  	     154.4  	     
148.5  	     139.0  	     148.3  	     142.6  	     136.7  	     157.6  	     152.2  	     153.6  	     
147.8  	     138.2  	     147.6  	     142.0  	     135.7  	     156.9  	     151.4  	     152.8  	     
147.0  	     137.7  	     146.8  	     141.3  	     135.3  	     155.9  	     150.6  	     152.1  	     
146.3  	     137.3  	     146.2  	     140.7  	     134.8  	     155.0  	     149.8  	     151.2  	     
145.5  	     136.7  	     145.5  	     140.1  	     134.9  	     154.2  	     149.0  	     150.5  	     
144.8  	     136.2  	     144.7  	     139.4  	     134.6  	     153.3  	     148.4  	     150.1  	     
144.1  	     135.6  	     144.0  	     139.0  	     133.3  	     152.6  	     147.5  	     149.1  	     
143.4  	     135.1  	     143.3  	     138.3  	     133.8  	     151.7  	     146.8  	     148.4  	     
142.6  	     134.7  	     142.7  	     137.7  	     133.1  	     150.9  	     146.1  	     147.5  	     
142.0  	     134.1  	     141.9  	     137.1  	     132.3  	     150.4  	     145.4  	     146.9  	     
141.3  	     133.7  	     141.4  	     136.6  	     131.6  	     149.7  	     144.7  	     146.3  	     
140.6  	     133.2  	     140.8  	     136.0  	     131.6  	     148.8  	     144.1  	     145.6  	     
140.0  	     132.6  	     140.0  	     135.5  	     130.9  	     147.9  	     143.3  	     145.0  	     
139.3  	     132.2  	     139.4  	     135.0  	     130.5  	     147.3  	     142.8  	     144.3  	     
138.7  	     131.6  	     138.8  	     134.4  	     129.8  	     146.7  	     142.0  	     143.8  	     
138.1  	     131.1  	     138.3  	     133.9  	     129.4  	     146.0  	     141.4  	     143.0  	     
137.5  	     130.7  	     137.6  	     133.4  	     129.1  	     145.3  	     140.7  	     142.3  	     
137.3  	     130.6  	     137.3  	     133.2  	     129.2  	     144.9  	     140.5  	     142.1  	     
137.0  	     130.4  	     137.2  	     132.8  	     128.9  	     144.5  	     140.0  	     141.8  	     
136.4  	     129.8  	     136.6  	     132.3  	     127.8  	     144.0  	     139.5  	     141.1  	     
135.8  	     129.4  	     136.0  	     131.7  	     127.8  	     143.1  	     138.8  	     140.3  	     
135.3  	     128.8  	     135.4  	     131.2  	     127.0  	     142.5  	     138.1  	     139.7  	     
134.7  	     128.4  	     134.8  	     130.7  	     126.4  	     141.9  	     137.5  	     139.1  	     
134.1  	     127.8  	     133.9  	     130.1  	     126.2  	     141.2  	     136.9  	     138.5  	     
133.6  	     127.1  	     133.5  	     129.7  	     125.5  	     140.7  	     136.2  	     137.9  	     
133.1  	     126.7  	     133.0  	     129.1  	     125.0  	     140.1  	     135.8  	     137.4  	     
132.5  	     126.0  	     132.4  	     128.5  	     124.7  	     139.3  	     135.1  	     136.9  	     
132.0  	     125.5  	     131.8  	     127.9  	     124.0  	     138.7  	     134.5  	     136.2  	     
131.6  	     125.1  	     131.4  	     127.4  	     123.6  	     138.2  	     134.0  	     135.7  	     
131.1  	     124.6  	     131.0  	     127.0  	     123.0  	     137.6  	     133.5  	     135.2  	     
130.6  	     124.0  	     130.4  	     126.4  	     122.6  	     136.7  	     132.9  	     134.8  	     
130.2  	     123.5  	     130.0  	     125.9  	     121.9  	     136.2  	     132.4  	     134.3  	     
129.7  	     123.0  	     129.4  	     125.4  	     121.5  	     135.6  	     131.9  	     133.7  	     
129.1  	     122.5  	     128.9  	     125.0  	     121.0  	     135.1  	     131.5  	     133.2  	     
128.7  	     122.1  	     128.4  	     124.5  	     120.8  	     134.8  	     131.0  	     132.7  	     
128.4  	     121.6  	     127.9  	     124.2  	     120.5  	     134.1  	     130.5  	     132.3  	     
127.8  	     121.3  	     127.5  	     123.8  	     120.2  	     133.9  	     130.0  	     132.0  	     
127.4  	     120.9  	     127.1  	     123.5  	     119.9  	     133.1  	     129.7  	     131.6  	     
127.0  	     120.5  	     126.8  	     123.1  	     120.0  	     132.8  	     129.2  	     131.2  	     
126.6  	     120.1  	     126.2  	     122.7  	     119.2  	     132.3  	     128.8  	     130.7  	     
126.2  	     119.8  	     125.9  	     122.4  	     118.9  	     132.0  	     128.5  	     130.4  	     
125.8  	     119.6  	     125.4  	     122.1  	     118.6  	     131.6  	     128.0  	     130.0  	     
125.4  	     119.3  	     125.1  	     121.7  	     118.6  	     131.1  	     127.6  	     129.6  	     
125.0  	     119.0  	     124.7  	     121.5  	     118.2  	     130.6  	     127.1  	     129.2  	     
124.6  	     118.7  	     124.4  	     121.1  	     117.8  	     130.1  	     126.8  	     128.9  	     
124.3  	     118.4  	     124.1  	     120.8  	     117.3  	     129.7  	     126.3  	     128.5  	     
124.4  	     118.0  	     123.8  	     120.4  	     117.1  	     129.3  	     125.9  	     128.1  	     
124.0  	     117.7  	     123.3  	     120.1  	     116.9  	     129.2  	     125.5  	     127.7  	     
123.6  	     117.5  	     123.0  	     119.9  	     116.6  	     128.6  	     125.2  	     127.4  	     
123.4  	     117.2  	     122.6  	     119.5  	     115.9  	     128.3  	     124.9  	     127.1  	     
123.0  	     117.0  	     122.2  	     119.2  	     116.0  	     127.8  	     124.5  	     126.6  	     
122.7  	     116.7  	     121.9  	     118.9  	     115.8  	     127.5  	     124.1  	     126.3  	     
122.3  	     116.4  	     121.5  	     118.6  	     115.6  	     127.2  	     123.8  	     126.0  	     
121.9  	     116.2  	     121.3  	     118.3  	     115.4  	     126.5  	     123.4  	     125.7  	     
121.6  	     115.9  	     120.9  	     118.0  	     115.3  	     126.1  	     123.1  	     125.3  	     
121.3  	     115.5  	     120.6  	     117.7  	     115.1  	     125.8  	     122.8  	     125.0  	     
121.1  	     115.3  	     120.2  	     117.6  	     114.7  	     125.5  	     122.5  	     124.7  	     
120.7  	     115.1  	     120.0  	     117.3  	     114.5  	     125.2  	     122.0  	     124.3  	     
120.4  	     114.8  	     119.6  	     117.0  	     114.4  	     124.7  	     121.7  	     124.1  	     
120.1  	     114.6  	     119.4  	     116.8  	     114.1  	     124.5  	     121.5  	     123.7  	     
119.9  	     114.3  	     119.1  	     116.5  	     114.0  	     124.1  	     121.2  	     123.3  	     
119.5  	     114.2  	     118.7  	     116.2  	     113.7  	     123.4  	     120.9  	     123.1  	     
119.3  	     114.1  	     118.5  	     116.0  	     113.5  	     123.5  	     120.5  	     122.7  	     
119.2  	     113.9  	     118.3  	     115.8  	     113.4  	     122.9  	     120.2  	     122.6  	     
119.1  	     113.8  	     118.2  	     115.6  	     113.4  	     122.7  	     120.1  	     122.4  	     
118.8  	     113.4  	     117.5  	     115.3  	     113.1  	     122.7  	     119.7  	     121.9  	     
118.5  	     112.9  	     117.7  	     115.0  	     112.6  	     122.3  	     119.2  	     121.6  	     
118.0  	     112.6  	     117.2  	     114.7  	     112.2  	     121.6  	     118.8  	     121.3  	     
118.0  	     112.3  	     116.8  	     114.3  	     112.0  	     121.4  	     118.6  	     121.1  	     
117.8  	     112.2  	     116.7  	     114.2  	     111.8  	     121.4  	     118.4  	     121.1  	     