
G34-PTC3  	G34-PTC7  	G34-PTC15  	G34-PTC17  	G34-PTC36  	G34-PTC37  	G34-PTC40  	G34-PTC42  	
Deg.F  	     Deg.F  	     Deg.F  	     Deg.F  	     Deg.F  	     Deg.F  	     Deg.F  	     Deg.F  	     
70.0  	     70.1  	     70.0  	     71.5  	     71.7  	     70.1  	     70.8  	     71.7  	     
70.0  	     70.1  	     70.0  	     71.5  	     71.7  	     70.1  	     70.8  	     71.7  	     
70.0  	     70.1  	     70.0  	     71.5  	     71.7  	     70.1  	     70.8  	     71.7  	     
70.0  	     70.1  	     70.1  	     71.6  	     72.0  	     70.1  	     70.9  	     72.0  	     
70.3  	     70.5  	     70.3  	     71.7  	     72.2  	     70.2  	     71.0  	     72.2  	     
70.5  	     70.7  	     70.4  	     71.7  	     72.3  	     70.2  	     71.1  	     72.3  	     
70.5  	     70.9  	     70.5  	     71.7  	     72.8  	     70.3  	     71.4  	     72.4  	     
70.7  	     71.2  	     70.7  	     72.0  	     72.8  	     70.3  	     71.5  	     72.6  	     
70.8  	     71.4  	     70.7  	     72.0  	     73.1  	     70.4  	     71.7  	     72.8  	     
71.0  	     71.7  	     70.9  	     72.2  	     73.4  	     70.6  	     71.8  	     73.0  	     
71.1  	     72.0  	     71.1  	     72.3  	     73.6  	     70.5  	     71.9  	     73.0  	     
71.3  	     72.4  	     71.2  	     72.5  	     73.8  	     70.8  	     72.2  	     73.2  	     
71.5  	     72.6  	     71.3  	     72.6  	     74.0  	     70.9  	     72.3  	     73.4  	     
71.8  	     72.8  	     71.5  	     72.7  	     74.0  	     71.1  	     72.4  	     73.5  	     
71.7  	     73.0  	     71.6  	     72.8  	     74.3  	     71.2  	     72.5  	     73.8  	     
72.0  	     73.3  	     71.9  	     72.9  	     74.5  	     71.3  	     72.7  	     73.9  	     
72.0  	     73.5  	     71.9  	     73.0  	     74.7  	     71.5  	     72.8  	     74.1  	     
72.2  	     73.7  	     72.0  	     73.1  	     75.0  	     71.6  	     73.1  	     74.2  	     
72.2  	     73.7  	     72.0  	     73.1  	     75.0  	     71.6  	     73.1  	     74.2  	     
72.2  	     73.7  	     72.0  	     73.1  	     75.0  	     71.6  	     73.1  	     74.3  	     
72.4  	     73.9  	     72.3  	     73.3  	     75.3  	     71.7  	     73.2  	     74.6  	     
72.4  	     74.2  	     72.3  	     73.4  	     75.3  	     71.8  	     73.3  	     74.6  	     
72.7  	     74.4  	     72.5  	     73.4  	     75.5  	     72.0  	     73.4  	     74.8  	     
72.7  	     74.5  	     72.6  	     73.7  	     75.7  	     72.2  	     73.6  	     74.9  	     
72.9  	     74.7  	     72.7  	     73.7  	     75.8  	     72.3  	     73.9  	     75.2  	     
72.9  	     74.8  	     72.7  	     73.7  	     76.0  	     72.2  	     73.8  	     75.2  	     
73.1  	     74.9  	     72.9  	     74.0  	     76.2  	     72.4  	     74.0  	     75.6  	     
73.3  	     75.2  	     73.2  	     74.1  	     76.6  	     72.5  	     74.3  	     75.7  	     
73.4  	     75.6  	     73.5  	     74.3  	     76.8  	     72.7  	     74.4  	     76.0  	     
73.4  	     76.1  	     73.8  	     74.5  	     77.2  	     72.8  	     74.8  	     76.5  	     
73.8  	     76.7  	     74.1  	     74.8  	     77.7  	     73.0  	     75.2  	     76.9  	     
74.0  	     77.4  	     74.4  	     75.1  	     78.3  	     73.1  	     75.4  	     77.5  	     
74.3  	     78.0  	     75.1  	     75.4  	     79.1  	     73.3  	     76.0  	     77.9  	     
74.8  	     78.8  	     75.6  	     75.9  	     79.6  	     73.5  	     76.6  	     78.2  	     
75.3  	     79.5  	     75.7  	     76.3  	     80.1  	     73.9  	     77.1  	     78.6  	     
75.6  	     80.3  	     76.3  	     76.7  	     81.0  	     74.2  	     77.6  	     79.1  	     
76.3  	     81.1  	     76.9  	     77.1  	     81.5  	     74.6  	     78.0  	     79.7  	     
76.9  	     81.9  	     77.3  	     77.7  	     82.2  	     74.9  	     78.5  	     80.1  	     
77.2  	     82.5  	     77.8  	     78.0  	     82.6  	     75.2  	     78.9  	     80.5  	     
77.4  	     82.8  	     77.9  	     78.2  	     82.9  	     75.3  	     79.0  	     80.6  	     
77.9  	     83.4  	     78.4  	     78.7  	     83.6  	     75.8  	     79.5  	     81.2  	     
78.3  	     84.2  	     78.8  	     79.2  	     84.3  	     76.4  	     80.2  	     81.8  	     
79.1  	     84.9  	     79.5  	     79.7  	     85.0  	     76.8  	     80.9  	     82.5  	     
79.5  	     85.7  	     79.9  	     80.3  	     85.6  	     77.3  	     81.4  	     82.9  	     
80.2  	     86.5  	     80.5  	     80.8  	     86.2  	     77.8  	     82.0  	     83.4  	     
80.9  	     87.2  	     81.1  	     81.4  	     86.7  	     78.3  	     82.5  	     84.1  	     
81.5  	     87.7  	     81.6  	     81.9  	     87.2  	     78.7  	     83.0  	     84.6  	     
82.0  	     88.3  	     82.1  	     82.3  	     87.9  	     79.3  	     83.6  	     85.1  	     
82.5  	     88.9  	     82.6  	     82.9  	     88.4  	     79.7  	     84.1  	     85.7  	     
83.0  	     89.4  	     83.1  	     83.3  	     88.9  	     80.1  	     84.6  	     86.1  	     
83.5  	     90.0  	     83.6  	     83.9  	     89.4  	     80.7  	     85.2  	     86.6  	     
84.0  	     90.4  	     84.2  	     84.3  	     89.9  	     81.1  	     85.6  	     87.1  	     
84.6  	     90.7  	     84.5  	     84.8  	     90.4  	     81.7  	     86.0  	     87.6  	     
85.0  	     91.1  	     85.1  	     85.3  	     91.0  	     82.1  	     86.7  	     88.1  	     
85.4  	     91.6  	     85.5  	     85.7  	     91.3  	     82.6  	     87.0  	     88.5  	     
85.7  	     92.0  	     86.1  	     86.3  	     91.5  	     83.0  	     87.7  	     89.1  	     
86.3  	     92.4  	     86.4  	     86.8  	     92.2  	     83.4  	     88.2  	     89.6  	     
86.8  	     92.8  	     86.9  	     87.1  	     92.6  	     83.9  	     88.6  	     90.0  	     
87.0  	     93.0  	     87.2  	     87.3  	     92.8  	     84.0  	     88.7  	     90.2  	     
87.2  	     93.3  	     87.4  	     87.5  	     93.1  	     84.4  	     89.1  	     90.3  	     
87.7  	     93.5  	     87.9  	     88.0  	     93.5  	     84.8  	     89.3  	     91.0  	     
88.2  	     94.1  	     88.4  	     88.5  	     94.0  	     85.2  	     89.9  	     91.6  	     
88.6  	     95.1  	     89.3  	     89.0  	     95.0  	     85.5  	     90.6  	     92.4  	     
89.2  	     96.7  	     90.1  	     89.5  	     96.3  	     86.1  	     91.5  	     93.4  	     
89.9  	     98.5  	     91.2  	     90.3  	     97.8  	     86.5  	     92.7  	     94.9  	     
90.8  	     100.8  	     92.6  	     91.3  	     100.1  	     87.0  	     94.0  	     96.4  	     
92.2  	     103.4  	     94.1  	     92.7  	     102.4  	     87.8  	     95.7  	     98.2  	     
93.7  	     106.5  	     95.6  	     94.1  	     105.2  	     88.7  	     97.8  	     100.4  	     
95.7  	     110.2  	     97.4  	     95.8  	     108.1  	     89.7  	     99.9  	     102.3  	     
98.0  	     113.5  	     99.2  	     97.9  	     111.3  	     90.9  	     102.6  	     104.7  	     
100.3  	     116.9  	     101.5  	     100.2  	     114.4  	     92.3  	     105.3  	     106.9  	     
102.9  	     121.1  	     104.0  	     102.4  	     118.1  	     93.6  	     107.9  	     109.5  	     
105.5  	     124.3  	     106.6  	     105.1  	     121.7  	     95.2  	     110.9  	     113.0  	     
108.5  	     128.5  	     108.9  	     107.7  	     125.4  	     97.1  	     114.1  	     116.0  	     
111.5  	     132.6  	     111.9  	     110.5  	     129.3  	     99.0  	     117.0  	     119.6  	     
114.5  	     136.4  	     115.0  	     113.3  	     133.2  	     101.0  	     120.4  	     122.9  	     
117.7  	     140.8  	     117.6  	     116.2  	     137.2  	     103.0  	     123.7  	     126.5  	     
120.9  	     145.0  	     121.0  	     119.3  	     141.0  	     105.3  	     127.1  	     129.8  	     
124.2  	     148.5  	     124.4  	     122.4  	     144.9  	     107.6  	     130.9  	     134.0  	     
127.6  	     152.6  	     127.4  	     125.9  	     149.0  	     109.8  	     134.4  	     137.5  	     
131.1  	     156.7  	     131.2  	     129.3  	     153.3  	     112.4  	     137.9  	     141.4  	     
134.3  	     161.2  	     134.6  	     132.7  	     157.4  	     115.0  	     141.8  	     145.0  	     
137.8  	     164.5  	     138.2  	     136.1  	     161.4  	     117.5  	     145.4  	     149.4  	     
141.2  	     168.7  	     141.9  	     139.5  	     165.6  	     120.3  	     149.3  	     153.4  	     
144.8  	     172.7  	     145.4  	     143.0  	     169.7  	     123.1  	     153.0  	     156.9  	     
147.1  	     175.4  	     148.0  	     145.2  	     172.5  	     124.9  	     155.4  	     159.1  	     
148.6  	     177.7  	     149.5  	     146.8  	     174.1  	     126.0  	     156.9  	     160.9  	     
152.0  	     181.4  	     152.8  	     150.3  	     178.0  	     128.9  	     160.6  	     165.2  	     
155.7  	     186.2  	     156.4  	     154.0  	     182.2  	     132.0  	     164.6  	     168.8  	     
159.2  	     190.2  	     160.0  	     157.8  	     186.4  	     135.0  	     168.5  	     173.1  	     
163.0  	     194.8  	     164.0  	     161.2  	     190.3  	     138.1  	     172.3  	     177.2  	     
166.7  	     199.2  	     167.7  	     164.8  	     194.3  	     141.2  	     176.2  	     181.0  	     
170.6  	     203.2  	     171.8  	     168.6  	     198.6  	     144.4  	     180.1  	     185.4  	     
174.2  	     207.8  	     175.6  	     172.3  	     202.7  	     147.7  	     183.7  	     189.6  	     
178.0  	     211.9  	     179.3  	     176.2  	     206.8  	     150.9  	     187.7  	     193.2  	     
181.2  	     215.1  	     182.5  	     179.0  	     209.9  	     153.6  	     190.6  	     196.1  	     
182.0  	     216.0  	     183.1  	     179.7  	     210.6  	     154.2  	     191.5  	     196.7  	     
185.7  	     220.0  	     186.9  	     183.4  	     214.5  	     157.6  	     194.9  	     200.3  	     
189.5  	     223.7  	     190.2  	     187.0  	     218.1  	     160.9  	     198.4  	     203.9  	     
193.0  	     227.5  	     193.4  	     190.3  	     221.5  	     164.4  	     201.8  	     206.8  	     
196.3  	     230.9  	     196.7  	     193.7  	     224.6  	     167.8  	     204.9  	     209.7  	     
199.9  	     233.9  	     199.5  	     196.8  	     227.4  	     171.1  	     207.9  	     212.8  	     
203.1  	     236.8  	     202.3  	     199.8  	     229.8  	     174.6  	     210.5  	     215.2  	     
206.1  	     238.9  	     205.1  	     202.4  	     232.2  	     177.9  	     213.0  	     217.4  	     
206.4  	     239.4  	     205.4  	     202.7  	     232.5  	     178.2  	     213.3  	     217.4  	     
208.9  	     241.3  	     207.6  	     204.9  	     234.8  	     181.1  	     215.6  	     219.8  	     
211.6  	     243.3  	     210.3  	     207.5  	     236.9  	     184.3  	     218.0  	     222.3  	     
214.1  	     245.1  	     212.4  	     209.8  	     239.0  	     187.2  	     220.1  	     224.1  	     
216.4  	     246.9  	     214.9  	     212.0  	     241.2  	     190.2  	     222.2  	     226.0  	     
216.4  	     247.0  	     214.8  	     211.9  	     241.3  	     190.2  	     222.3  	     226.0  	     
218.6  	     248.7  	     216.9  	     214.1  	     243.4  	     193.1  	     224.3  	     227.8  	     
220.8  	     250.2  	     218.8  	     216.3  	     245.8  	     195.8  	     226.1  	     229.6  	     
222.8  	     251.8  	     220.9  	     218.1  	     247.7  	     198.4  	     227.9  	     231.4  	     
224.8  	     253.1  	     223.2  	     220.0  	     250.0  	     201.0  	     229.8  	     233.0  	     
226.6  	     254.3  	     224.8  	     221.9  	     252.0  	     203.4  	     231.5  	     234.6  	     
228.4  	     255.5  	     226.3  	     223.6  	     253.9  	     205.8  	     233.2  	     236.1  	     
230.3  	     256.6  	     227.9  	     225.4  	     255.6  	     208.1  	     234.8  	     237.4  	     
231.9  	     257.8  	     229.5  	     227.0  	     257.1  	     210.4  	     236.5  	     238.7  	     
233.5  	     258.7  	     230.9  	     228.5  	     258.4  	     212.7  	     238.1  	     239.9  	     
235.1  	     259.5  	     232.2  	     229.9  	     259.4  	     214.9  	     239.7  	     241.1  	     
236.5  	     260.3  	     233.7  	     231.3  	     260.4  	     216.9  	     241.4  	     242.2  	     
238.1  	     260.9  	     235.1  	     232.8  	     261.1  	     219.0  	     242.9  	     243.3  	     
239.6  	     261.6  	     236.5  	     234.2  	     261.6  	     221.0  	     244.3  	     244.2  	     
241.0  	     262.0  	     237.7  	     235.6  	     262.3  	     223.0  	     245.7  	     245.3  	     
242.4  	     262.5  	     238.7  	     236.9  	     262.6  	     224.8  	     246.9  	     246.3  	     
243.7  	     262.9  	     239.8  	     238.1  	     262.9  	     226.7  	     248.1  	     247.1  	     
245.0  	     263.1  	     240.8  	     239.4  	     263.0  	     228.5  	     249.2  	     247.9  	     
246.1  	     263.2  	     241.8  	     240.3  	     263.1  	     230.1  	     250.1  	     248.7  	     
246.2  	     263.4  	     241.9  	     240.5  	     263.1  	     230.4  	     250.2  	     248.8  	     
247.2  	     263.5  	     242.7  	     241.7  	     263.3  	     232.3  	     251.0  	     249.6  	     
248.2  	     263.7  	     243.7  	     242.6  	     263.4  	     234.1  	     251.9  	     250.3  	     
249.3  	     263.8  	     244.5  	     243.6  	     263.5  	     235.9  	     252.6  	     251.1  	     
250.1  	     263.8  	     245.4  	     244.6  	     263.5  	     237.7  	     253.3  	     251.7  	     
251.1  	     264.0  	     246.2  	     245.6  	     263.7  	     239.5  	     254.0  	     252.2  	     
251.9  	     264.1  	     247.2  	     246.5  	     263.8  	     241.4  	     254.6  	     252.8  	     
252.8  	     264.2  	     247.7  	     247.2  	     263.8  	     243.2  	     255.1  	     253.5  	     
253.4  	     264.1  	     248.5  	     248.1  	     263.8  	     244.8  	     255.5  	     253.8  	     
254.1  	     264.1  	     249.1  	     248.8  	     263.9  	     246.3  	     255.9  	     254.3  	     
254.6  	     264.2  	     249.8  	     249.4  	     263.9  	     247.8  	     256.3  	     254.8  	     
255.2  	     264.3  	     250.3  	     250.1  	     263.9  	     249.1  	     256.6  	     255.3  	     
255.5  	     264.2  	     251.0  	     250.6  	     264.0  	     250.3  	     257.1  	     255.7  	     
256.1  	     264.2  	     251.4  	     251.4  	     264.0  	     251.4  	     257.4  	     256.0  	     
256.1  	     264.2  	     251.5  	     251.2  	     264.1  	     251.4  	     257.5  	     256.2  	     
256.5  	     264.3  	     252.0  	     251.6  	     264.1  	     252.4  	     257.8  	     256.6  	     
256.9  	     264.3  	     252.5  	     252.2  	     264.1  	     253.3  	     258.0  	     256.9  	     
257.4  	     264.3  	     253.1  	     252.6  	     264.1  	     253.9  	     258.2  	     257.4  	     
257.7  	     264.3  	     253.6  	     253.1  	     264.3  	     254.6  	     258.6  	     257.7  	     
258.0  	     264.4  	     254.1  	     253.6  	     264.3  	     255.3  	     258.8  	     257.9  	     
258.5  	     264.4  	     254.5  	     254.0  	     264.4  	     255.7  	     259.1  	     258.2  	     
258.8  	     264.3  	     254.9  	     254.3  	     264.4  	     256.1  	     259.2  	     258.6  	     
259.2  	     264.4  	     255.3  	     254.7  	     264.5  	     256.5  	     259.5  	     258.8  	     
259.3  	     264.2  	     255.8  	     255.2  	     264.5  	     256.9  	     259.6  	     259.1  	     
259.5  	     264.4  	     256.1  	     255.5  	     264.7  	     257.3  	     259.9  	     259.3  	     
259.8  	     264.3  	     256.5  	     255.8  	     264.7  	     257.5  	     260.1  	     259.6  	     
260.0  	     264.3  	     256.8  	     256.2  	     264.7  	     257.8  	     260.2  	     259.8  	     
260.4  	     264.2  	     257.2  	     256.4  	     264.6  	     258.2  	     260.4  	     259.9  	     
260.6  	     264.3  	     257.4  	     256.7  	     264.8  	     258.3  	     260.5  	     260.1  	     
260.8  	     264.1  	     257.7  	     257.0  	     264.7  	     258.5  	     260.7  	     260.3  	     
261.0  	     264.2  	     258.0  	     257.1  	     264.8  	     258.7  	     260.9  	     260.5  	     
261.1  	     264.3  	     258.2  	     257.4  	     264.7  	     259.0  	     261.0  	     260.7  	     
261.4  	     264.3  	     258.5  	     257.7  	     264.8  	     259.3  	     261.1  	     260.9  	     
261.6  	     264.2  	     258.7  	     257.9  	     264.8  	     259.4  	     261.2  	     261.0  	     
261.7  	     264.2  	     259.0  	     257.9  	     264.8  	     259.5  	     261.4  	     261.2  	     
261.8  	     264.3  	     259.3  	     258.2  	     264.9  	     259.7  	     261.5  	     261.2  	     
262.0  	     264.2  	     259.5  	     258.4  	     264.8  	     259.8  	     261.6  	     261.4  	     
262.1  	     264.2  	     259.7  	     258.6  	     265.0  	     260.1  	     261.8  	     261.6  	     
262.3  	     263.9  	     260.0  	     258.8  	     265.0  	     260.1  	     261.8  	     261.7  	     
262.4  	     264.1  	     260.2  	     258.9  	     265.0  	     260.3  	     261.8  	     261.8  	     
262.5  	     264.2  	     260.3  	     259.1  	     265.0  	     260.5  	     261.9  	     261.9  	     
262.6  	     264.0  	     260.5  	     259.3  	     265.1  	     260.6  	     262.1  	     262.1  	     
262.7  	     264.2  	     260.7  	     259.5  	     265.2  	     260.7  	     262.2  	     262.2  	     
262.9  	     264.2  	     260.9  	     259.6  	     265.2  	     260.7  	     262.2  	     262.3  	     
262.9  	     264.1  	     261.1  	     259.8  	     265.3  	     260.8  	     262.4  	     262.4  	     
263.0  	     264.2  	     261.2  	     259.9  	     265.2  	     261.0  	     262.4  	     262.5  	     
263.2  	     264.1  	     261.5  	     260.0  	     265.3  	     261.1  	     262.5  	     262.6  	     
263.3  	     264.2  	     261.5  	     260.2  	     265.3  	     261.2  	     262.5  	     262.6  	     
263.4  	     264.1  	     261.6  	     260.3  	     265.3  	     261.4  	     262.6  	     262.7  	     
263.5  	     264.2  	     261.9  	     260.5  	     265.3  	     261.4  	     262.7  	     262.8  	     
263.6  	     264.1  	     262.0  	     260.7  	     265.3  	     261.4  	     262.7  	     262.8  	     
263.7  	     264.2  	     262.1  	     260.8  	     265.3  	     261.6  	     262.8  	     262.9  	     
263.7  	     264.1  	     262.2  	     260.8  	     265.3  	     261.7  	     262.9  	     262.9  	     
263.7  	     264.1  	     262.3  	     260.9  	     265.5  	     261.7  	     263.0  	     263.1  	     
263.8  	     264.1  	     262.4  	     261.0  	     265.4  	     261.8  	     262.9  	     263.1  	     
263.9  	     264.1  	     262.4  	     261.1  	     265.3  	     261.9  	     263.0  	     263.1  	     
263.9  	     264.1  	     262.6  	     261.2  	     265.5  	     262.0  	     263.1  	     263.2  	     
264.0  	     264.1  	     262.6  	     261.2  	     265.4  	     262.1  	     263.1  	     263.2  	     
264.0  	     264.3  	     262.7  	     261.3  	     265.4  	     262.1  	     263.1  	     263.3  	     
264.1  	     264.3  	     262.8  	     261.4  	     265.5  	     262.1  	     263.2  	     263.3  	     
264.1  	     264.2  	     262.9  	     261.5  	     265.5  	     262.2  	     263.2  	     263.3  	     
264.1  	     264.2  	     262.9  	     261.6  	     265.5  	     262.2  	     263.3  	     263.3  	     
264.3  	     264.0  	     262.9  	     261.7  	     265.5  	     262.4  	     263.2  	     263.3  	     
264.2  	     264.1  	     263.0  	     261.7  	     265.5  	     262.3  	     263.3  	     263.4  	     
264.2  	     264.2  	     263.2  	     261.8  	     265.5  	     262.4  	     263.3  	     263.4  	     
264.2  	     264.2  	     263.3  	     261.9  	     265.5  	     262.4  	     263.3  	     263.5  	     
264.2  	     264.1  	     263.3  	     261.9  	     265.6  	     262.4  	     263.4  	     263.5  	     
264.4  	     264.0  	     263.4  	     262.0  	     265.6  	     262.4  	     263.5  	     263.5  	     
264.4  	     263.9  	     263.4  	     262.0  	     265.5  	     262.6  	     263.5  	     263.6  	     
264.4  	     263.9  	     263.5  	     262.1  	     265.6  	     262.7  	     263.5  	     263.6  	     
264.4  	     263.9  	     263.5  	     262.3  	     265.5  	     262.7  	     263.5  	     263.6  	     
264.5  	     263.9  	     263.6  	     262.2  	     265.6  	     262.7  	     263.6  	     263.7  	     
264.5  	     264.1  	     263.6  	     262.3  	     265.6  	     262.8  	     263.5  	     263.6  	     
264.6  	     264.1  	     263.6  	     262.3  	     265.6  	     262.7  	     263.7  	     263.9  	     
264.6  	     264.1  	     263.7  	     262.5  	     265.5  	     262.8  	     263.5  	     263.7  	     
264.5  	     264.1  	     263.6  	     262.4  	     265.5  	     262.9  	     263.6  	     263.9  	     
264.7  	     264.0  	     263.8  	     262.4  	     265.5  	     262.9  	     263.7  	     263.9  	     
264.8  	     264.1  	     263.9  	     262.5  	     265.5  	     262.9  	     263.7  	     264.0  	     
264.8  	     264.0  	     263.9  	     262.5  	     265.5  	     262.9  	     263.7  	     263.9  	     
264.8  	     264.1  	     263.9  	     262.6  	     265.5  	     262.9  	     263.6  	     263.9  	     
264.9  	     264.1  	     263.9  	     262.6  	     265.6  	     263.0  	     263.7  	     263.9  	     
264.7  	     264.1  	     263.9  	     262.7  	     265.6  	     263.1  	     263.7  	     264.0  	     
264.9  	     264.0  	     264.0  	     262.7  	     265.5  	     263.0  	     263.7  	     264.0  	     
264.9  	     264.1  	     264.0  	     262.7  	     265.6  	     263.1  	     263.8  	     264.0  	     
264.9  	     264.1  	     264.1  	     262.8  	     265.6  	     263.1  	     263.8  	     264.0  	     
264.9  	     264.1  	     264.1  	     262.8  	     265.6  	     263.2  	     263.8  	     264.0  	     
264.9  	     264.2  	     264.2  	     262.9  	     265.5  	     263.2  	     263.9  	     264.2  	     
264.9  	     264.1  	     264.2  	     262.9  	     265.6  	     263.2  	     263.7  	     264.1  	     
264.9  	     264.1  	     264.2  	     263.0  	     265.5  	     263.3  	     263.8  	     264.1  	     
265.0  	     264.1  	     264.3  	     263.0  	     265.7  	     263.4  	     263.8  	     264.2  	     
264.9  	     264.2  	     264.3  	     263.0  	     265.7  	     263.3  	     263.9  	     264.1  	     
265.0  	     264.2  	     264.3  	     263.0  	     265.6  	     263.3  	     263.9  	     264.2  	     
264.8  	     264.2  	     264.3  	     263.0  	     265.5  	     263.3  	     263.9  	     264.1  	     
265.1  	     264.0  	     264.2  	     263.1  	     265.7  	     263.4  	     263.8  	     264.2  	     
265.0  	     264.1  	     264.3  	     263.2  	     265.6  	     263.3  	     263.9  	     264.0  	     
265.0  	     264.1  	     264.3  	     263.1  	     265.7  	     263.5  	     263.8  	     264.2  	     
264.9  	     264.1  	     264.3  	     263.1  	     265.7  	     263.5  	     263.8  	     264.2  	     
264.9  	     264.1  	     264.3  	     263.2  	     265.7  	     263.3  	     263.9  	     264.2  	     
264.9  	     264.1  	     264.5  	     263.1  	     265.9  	     263.5  	     263.9  	     264.2  	     
265.0  	     264.1  	     264.3  	     263.2  	     265.7  	     263.4  	     264.0  	     264.2  	     
265.1  	     264.0  	     264.5  	     263.2  	     265.7  	     263.5  	     263.9  	     264.2  	     
265.1  	     264.2  	     264.4  	     263.2  	     265.6  	     263.5  	     263.9  	     264.2  	     
265.1  	     264.0  	     264.5  	     263.2  	     265.6  	     263.5  	     264.0  	     264.2  	     
265.0  	     264.1  	     264.5  	     263.2  	     265.5  	     263.5  	     263.9  	     264.3  	     
265.1  	     264.1  	     264.5  	     263.2  	     265.6  	     263.5  	     264.0  	     264.2  	     
265.1  	     264.0  	     264.3  	     263.3  	     265.6  	     263.5  	     264.0  	     264.2  	     
265.0  	     264.0  	     264.4  	     263.3  	     265.7  	     263.6  	     264.0  	     264.3  	     
265.1  	     264.1  	     264.4  	     263.2  	     265.6  	     263.5  	     263.9  	     264.2  	     
265.0  	     264.0  	     264.6  	     263.2  	     265.5  	     263.6  	     263.9  	     264.2  	     
265.1  	     264.0  	     264.4  	     263.3  	     265.6  	     263.6  	     263.9  	     264.3  	     
265.1  	     264.1  	     264.6  	     263.3  	     265.6  	     263.5  	     263.9  	     264.3  	     
265.3  	     264.1  	     264.5  	     263.3  	     265.6  	     263.6  	     263.9  	     264.2  	     
265.2  	     264.0  	     264.4  	     263.3  	     265.6  	     263.6  	     263.9  	     264.3  	     
265.1  	     264.0  	     264.5  	     263.4  	     265.5  	     263.6  	     263.9  	     264.1  	     
265.2  	     263.7  	     264.4  	     263.3  	     265.3  	     263.7  	     263.9  	     264.0  	     
265.3  	     263.1  	     263.9  	     263.2  	     264.6  	     263.7  	     263.7  	     263.4  	     
265.2  	     261.9  	     263.3  	     262.8  	     263.3  	     263.8  	     263.1  	     262.6  	     
264.7  	     260.6  	     262.4  	     262.3  	     262.0  	     263.8  	     262.5  	     262.0  	     
264.0  	     259.2  	     261.8  	     261.6  	     260.5  	     263.6  	     261.7  	     261.0  	     
263.4  	     257.7  	     261.0  	     260.8  	     259.0  	     263.4  	     261.0  	     259.9  	     
262.4  	     255.9  	     260.0  	     260.0  	     257.1  	     262.9  	     260.0  	     258.8  	     
261.4  	     253.9  	     258.9  	     259.1  	     255.4  	     262.5  	     258.7  	     257.5  	     
260.1  	     251.8  	     257.7  	     258.1  	     253.6  	     262.0  	     257.6  	     256.2  	     
258.9  	     249.5  	     256.3  	     257.0  	     251.3  	     261.3  	     256.2  	     254.5  	     
257.5  	     247.4  	     254.9  	     255.8  	     249.3  	     260.6  	     254.7  	     253.0  	     
256.2  	     245.0  	     253.5  	     254.4  	     246.9  	     259.8  	     253.1  	     251.4  	     
254.6  	     242.3  	     251.8  	     253.0  	     244.6  	     258.7  	     251.8  	     249.4  	     
252.9  	     239.7  	     250.1  	     251.6  	     242.2  	     257.7  	     249.9  	     247.5  	     
251.1  	     237.2  	     248.3  	     250.0  	     239.7  	     256.6  	     248.2  	     245.6  	     
249.3  	     234.5  	     246.6  	     248.3  	     237.4  	     255.4  	     246.5  	     243.5  	     
247.4  	     232.1  	     244.7  	     246.7  	     235.0  	     254.2  	     244.5  	     241.6  	     
245.5  	     229.6  	     242.7  	     245.1  	     232.3  	     252.9  	     242.8  	     239.3  	     
243.6  	     227.0  	     241.0  	     243.2  	     229.9  	     251.7  	     241.0  	     237.4  	     
241.7  	     224.4  	     239.0  	     241.6  	     227.3  	     250.2  	     238.8  	     235.2  	     
241.2  	     223.6  	     238.6  	     241.2  	     226.8  	     249.9  	     238.2  	     234.7  	     
239.8  	     221.8  	     237.0  	     240.0  	     224.8  	     248.6  	     236.8  	     232.9  	     
237.9  	     219.1  	     235.1  	     238.1  	     222.7  	     247.1  	     234.8  	     231.3  	     
235.9  	     216.7  	     232.9  	     236.3  	     220.2  	     245.7  	     233.1  	     229.0  	     
234.0  	     214.3  	     231.0  	     234.5  	     217.8  	     244.0  	     231.0  	     226.6  	     
232.0  	     211.4  	     228.9  	     232.8  	     215.6  	     242.5  	     229.1  	     224.6  	     
230.0  	     209.2  	     226.9  	     230.8  	     213.1  	     240.8  	     227.1  	     222.4  	     
228.0  	     206.9  	     224.8  	     229.0  	     211.0  	     239.1  	     225.1  	     220.3  	     
225.9  	     204.4  	     222.8  	     227.2  	     208.6  	     237.3  	     223.0  	     218.1  	     
224.0  	     201.9  	     220.6  	     225.5  	     206.4  	     235.6  	     220.8  	     215.8  	     
221.9  	     199.6  	     218.7  	     223.6  	     204.0  	     233.8  	     218.7  	     213.8  	     
220.1  	     197.2  	     216.7  	     221.9  	     202.1  	     232.0  	     216.6  	     211.8  	     
217.9  	     195.2  	     214.8  	     220.0  	     200.1  	     230.1  	     214.6  	     209.9  	     
216.0  	     193.0  	     212.9  	     218.2  	     197.9  	     228.3  	     212.6  	     207.7  	     
213.9  	     190.9  	     210.8  	     216.5  	     195.7  	     226.5  	     210.7  	     205.7  	     
212.0  	     188.9  	     208.7  	     214.6  	     193.9  	     224.7  	     208.7  	     203.5  	     
210.1  	     186.9  	     206.9  	     213.0  	     191.9  	     222.9  	     206.7  	     201.4  	     
208.2  	     184.6  	     204.9  	     211.0  	     190.0  	     221.1  	     204.9  	     199.6  	     
206.3  	     182.9  	     203.1  	     209.1  	     188.1  	     219.2  	     203.0  	     197.6  	     
204.5  	     181.0  	     201.3  	     207.3  	     186.2  	     217.4  	     201.0  	     195.7  	     
202.6  	     179.2  	     199.4  	     205.5  	     184.4  	     215.6  	     199.2  	     194.0  	     
200.9  	     177.1  	     197.4  	     203.7  	     182.6  	     213.8  	     197.4  	     192.0  	     
198.9  	     175.4  	     195.6  	     202.0  	     180.6  	     212.0  	     195.7  	     190.1  	     
197.2  	     173.3  	     193.7  	     200.3  	     178.8  	     210.2  	     193.9  	     188.3  	     
195.4  	     171.7  	     192.1  	     198.6  	     177.1  	     208.5  	     192.0  	     186.5  	     
193.8  	     169.9  	     190.4  	     196.9  	     175.5  	     206.6  	     190.2  	     184.9  	     
192.0  	     168.4  	     188.7  	     195.1  	     173.8  	     205.0  	     188.4  	     183.2  	     
190.2  	     166.8  	     186.9  	     193.6  	     172.3  	     203.1  	     186.6  	     181.6  	     
188.2  	     165.2  	     185.3  	     192.0  	     170.6  	     201.4  	     184.8  	     180.1  	     
186.5  	     163.7  	     183.6  	     190.2  	     169.2  	     199.6  	     183.1  	     178.4  	     
184.9  	     162.1  	     182.0  	     188.6  	     167.7  	     197.8  	     181.4  	     176.6  	     
183.3  	     160.8  	     180.6  	     187.1  	     166.1  	     196.1  	     179.9  	     175.0  	     
181.6  	     159.3  	     178.9  	     185.4  	     164.7  	     194.5  	     178.2  	     173.6  	     
180.1  	     157.8  	     177.4  	     183.9  	     163.4  	     192.8  	     176.7  	     172.1  	     
178.4  	     156.3  	     175.8  	     182.5  	     161.9  	     191.0  	     175.3  	     170.5  	     
176.9  	     155.3  	     174.4  	     180.8  	     160.6  	     189.5  	     173.8  	     169.2  	     
175.4  	     153.9  	     172.8  	     179.4  	     159.2  	     187.9  	     172.1  	     167.6  	     
173.8  	     152.7  	     171.3  	     178.0  	     158.1  	     186.2  	     170.7  	     166.3  	     
172.5  	     151.6  	     169.9  	     176.6  	     156.8  	     184.7  	     169.4  	     165.1  	     
171.0  	     150.5  	     168.5  	     175.1  	     155.7  	     183.2  	     168.0  	     163.6  	     
169.5  	     149.3  	     167.1  	     173.7  	     154.4  	     181.5  	     166.5  	     162.3  	     
168.1  	     148.1  	     165.7  	     172.3  	     153.3  	     180.0  	     165.2  	     160.9  	     
166.9  	     147.0  	     164.3  	     171.1  	     152.2  	     178.5  	     163.8  	     159.7  	     
165.4  	     145.8  	     163.1  	     169.7  	     151.0  	     177.1  	     162.5  	     158.5  	     
164.3  	     144.8  	     161.8  	     168.4  	     149.8  	     175.6  	     161.2  	     157.4  	     
162.9  	     143.9  	     160.5  	     167.1  	     148.7  	     174.2  	     160.0  	     156.2  	     
161.7  	     142.9  	     159.3  	     165.8  	     147.9  	     172.8  	     158.8  	     155.0  	     
160.5  	     142.0  	     158.0  	     164.5  	     146.8  	     171.4  	     157.6  	     153.8  	     
159.1  	     141.1  	     156.9  	     163.3  	     146.0  	     170.0  	     156.4  	     152.7  	     
158.1  	     140.1  	     155.7  	     162.2  	     145.1  	     168.7  	     155.4  	     151.6  	     
156.8  	     139.1  	     154.6  	     161.0  	     143.9  	     167.3  	     154.1  	     150.7  	     
155.6  	     138.3  	     153.6  	     159.9  	     143.1  	     166.2  	     153.2  	     149.7  	     
154.6  	     137.4  	     152.6  	     158.8  	     142.4  	     164.9  	     152.1  	     148.7  	     
153.5  	     136.7  	     151.6  	     157.7  	     141.5  	     163.7  	     151.0  	     147.6  	     
152.3  	     135.9  	     150.5  	     156.7  	     140.6  	     162.3  	     149.9  	     146.6  	     
151.3  	     135.2  	     149.6  	     155.4  	     139.8  	     161.1  	     148.9  	     145.6  	     
150.2  	     134.5  	     148.3  	     154.4  	     139.1  	     160.0  	     148.0  	     144.7  	     
149.2  	     134.0  	     147.4  	     153.4  	     138.3  	     158.8  	     146.9  	     143.9  	     
148.2  	     133.2  	     146.6  	     152.5  	     137.6  	     157.7  	     146.0  	     143.1  	     
147.1  	     132.5  	     145.7  	     151.6  	     136.7  	     156.6  	     145.0  	     142.2  	     
146.1  	     131.8  	     144.8  	     150.7  	     136.0  	     155.5  	     144.1  	     141.3  	     
145.2  	     131.1  	     143.8  	     149.6  	     135.3  	     154.4  	     143.3  	     140.6  	     
144.4  	     130.4  	     143.0  	     148.7  	     134.7  	     153.4  	     142.3  	     139.8  	     
143.3  	     129.8  	     142.1  	     147.7  	     133.9  	     152.2  	     141.5  	     139.1  	     
142.7  	     129.2  	     141.2  	     146.8  	     133.3  	     151.2  	     140.6  	     138.3  	     
141.8  	     128.5  	     140.5  	     145.9  	     132.8  	     150.1  	     139.8  	     137.5  	     
141.1  	     127.9  	     139.5  	     145.0  	     132.1  	     149.1  	     139.0  	     136.9  	     
140.1  	     127.4  	     138.8  	     144.2  	     131.3  	     148.2  	     138.0  	     136.1  	     
139.3  	     126.8  	     138.2  	     143.3  	     130.6  	     147.3  	     137.3  	     135.3  	     
138.5  	     126.3  	     137.3  	     142.4  	     130.1  	     146.3  	     136.5  	     134.6  	     
137.7  	     125.9  	     136.4  	     141.5  	     129.5  	     145.4  	     135.8  	     133.8  	     
136.9  	     125.2  	     135.7  	     140.7  	     128.8  	     144.5  	     135.1  	     133.3  	     
136.1  	     124.6  	     135.0  	     140.0  	     128.4  	     143.8  	     134.5  	     132.7  	     
135.3  	     124.1  	     134.3  	     139.2  	     127.8  	     142.8  	     133.8  	     132.1  	     
134.7  	     123.6  	     133.6  	     138.5  	     127.2  	     141.9  	     133.0  	     131.3  	     
133.9  	     123.3  	     132.9  	     137.8  	     126.7  	     141.2  	     132.4  	     130.8  	     
133.3  	     122.6  	     132.3  	     137.1  	     126.1  	     140.4  	     131.8  	     130.2  	     
132.5  	     122.2  	     131.5  	     136.3  	     125.6  	     139.5  	     131.1  	     129.5  	     
131.9  	     121.7  	     131.0  	     135.5  	     125.2  	     138.8  	     130.4  	     128.9  	     
131.4  	     121.2  	     130.2  	     134.8  	     124.7  	     138.1  	     129.9  	     128.5  	     
130.7  	     120.7  	     129.7  	     134.3  	     124.2  	     137.3  	     129.2  	     128.0  	     
130.0  	     120.3  	     129.2  	     133.6  	     123.7  	     136.6  	     128.7  	     127.3  	     
129.3  	     119.9  	     128.6  	     133.1  	     123.2  	     135.9  	     128.1  	     126.8  	     
128.9  	     119.5  	     128.0  	     132.4  	     122.9  	     135.1  	     127.5  	     126.2  	     
128.1  	     119.0  	     127.5  	     131.7  	     122.3  	     134.5  	     127.0  	     125.8  	     
127.8  	     118.7  	     127.0  	     131.1  	     121.8  	     133.6  	     126.4  	     125.3  	     
127.1  	     118.3  	     126.3  	     130.5  	     121.3  	     132.9  	     125.9  	     124.8  	     
126.7  	     117.9  	     125.8  	     130.0  	     120.9  	     132.4  	     125.3  	     124.3  	     
126.0  	     117.6  	     125.4  	     129.5  	     120.6  	     131.7  	     124.8  	     123.8  	     
125.6  	     117.3  	     124.8  	     128.9  	     120.0  	     131.0  	     124.2  	     123.3  	     
125.1  	     116.8  	     124.3  	     128.2  	     119.7  	     130.5  	     123.7  	     122.9  	     
124.4  	     116.5  	     123.6  	     127.7  	     119.2  	     129.8  	     123.3  	     122.3  	     
124.0  	     116.1  	     123.2  	     127.2  	     119.0  	     129.2  	     122.8  	     122.0  	     
123.4  	     115.7  	     122.8  	     126.7  	     118.5  	     128.6  	     122.3  	     121.5  	     
123.0  	     115.5  	     122.3  	     126.2  	     118.2  	     128.1  	     121.9  	     121.0  	     
122.5  	     115.2  	     121.7  	     125.6  	     117.9  	     127.5  	     121.4  	     120.6  	     
121.9  	     114.8  	     121.2  	     125.0  	     117.5  	     126.9  	     121.0  	     120.2  	     
121.5  	     114.5  	     120.7  	     124.6  	     117.1  	     126.4  	     120.5  	     119.8  	     
121.1  	     114.2  	     120.4  	     124.0  	     116.8  	     125.8  	     120.2  	     119.3  	     
120.7  	     114.0  	     120.0  	     123.6  	     116.5  	     125.4  	     119.8  	     119.1  	     
120.2  	     113.6  	     119.5  	     123.2  	     116.1  	     124.9  	     119.2  	     118.7  	     
119.9  	     113.3  	     119.2  	     122.7  	     115.9  	     124.5  	     119.0  	     118.4  	     
119.5  	     113.1  	     118.8  	     122.2  	     115.5  	     123.8  	     118.5  	     118.1  	     
119.1  	     112.8  	     118.4  	     121.7  	     115.2  	     123.3  	     118.1  	     117.7  	     
118.8  	     112.5  	     118.0  	     121.4  	     114.9  	     122.9  	     117.8  	     117.1  	     
118.7  	     112.4  	     118.0  	     121.3  	     114.8  	     122.8  	     117.8  	     117.1  	     
118.3  	     112.0  	     117.4  	     120.9  	     114.4  	     122.3  	     117.3  	     116.5  	     
117.8  	     111.2  	     116.8  	     120.3  	     113.5  	     121.9  	     116.7  	     115.9  	     
117.3  	     110.3  	     116.1  	     119.7  	     112.6  	     121.4  	     116.0  	     115.2  	     
116.6  	     109.8  	     115.5  	     119.1  	     111.8  	     121.0  	     115.5  	     114.6  	     
116.0  	     109.1  	     115.0  	     118.6  	     111.3  	     120.6  	     115.0  	     114.1  	     
115.6  	     108.4  	     114.5  	     118.0  	     110.6  	     120.1  	     114.5  	     113.5  	     
115.1  	     107.8  	     114.2  	     117.6  	     110.1  	     119.6  	     114.0  	     112.9  	     
114.9  	     107.7  	     113.8  	     117.4  	     110.0  	     119.3  	     113.9  	     112.7  	     