
G34-PTC1  	G34-PTC12  	G34-PTC14  	G34-PTC17  	G34-PTC20  	G34-PTC30  	G34-PTC34  	G34-PTC42  	
Deg.F  	     Deg.F  	     Deg.F  	     Deg.F  	     Deg.F  	     Deg.F  	     Deg.F  	     Deg.F  	     
76.7  	     77.7  	     81.1  	     79.9  	     80.2  	     79.2  	     79.3  	     80.5  	     
76.7  	     77.7  	     81.1  	     79.9  	     80.2  	     79.2  	     79.3  	     80.5  	     
76.7  	     77.7  	     81.1  	     79.9  	     80.2  	     79.3  	     79.4  	     80.5  	     
76.9  	     77.7  	     81.3  	     80.2  	     80.2  	     79.5  	     79.7  	     80.9  	     
76.9  	     78.0  	     81.4  	     80.4  	     80.2  	     79.6  	     79.7  	     81.0  	     
77.0  	     78.2  	     81.4  	     80.6  	     80.3  	     79.7  	     79.7  	     81.2  	     
77.0  	     78.3  	     81.5  	     81.0  	     80.3  	     79.9  	     79.8  	     81.4  	     
77.3  	     78.8  	     81.7  	     81.1  	     80.4  	     79.9  	     79.8  	     81.4  	     
77.4  	     79.1  	     81.9  	     81.4  	     80.6  	     80.2  	     80.0  	     81.4  	     
77.5  	     79.1  	     81.9  	     81.6  	     80.8  	     80.3  	     80.2  	     81.7  	     
77.8  	     79.4  	     82.1  	     81.9  	     81.0  	     80.4  	     80.3  	     81.8  	     
77.9  	     79.6  	     82.3  	     82.1  	     80.9  	     80.5  	     80.4  	     81.9  	     
78.1  	     79.7  	     82.1  	     82.2  	     81.3  	     80.7  	     80.6  	     82.0  	     
78.2  	     80.0  	     82.2  	     82.5  	     81.6  	     80.8  	     80.6  	     82.4  	     
78.5  	     80.3  	     82.5  	     82.7  	     81.6  	     81.1  	     80.9  	     82.5  	     
78.6  	     80.3  	     82.5  	     82.9  	     81.8  	     81.3  	     81.0  	     82.4  	     
78.8  	     80.7  	     82.7  	     83.1  	     82.0  	     81.3  	     81.3  	     82.9  	     
78.9  	     80.8  	     82.7  	     83.3  	     82.1  	     81.5  	     81.4  	     82.9  	     
78.9  	     80.8  	     82.7  	     83.3  	     82.1  	     81.5  	     81.4  	     82.9  	     
79.3  	     81.0  	     82.8  	     83.5  	     82.3  	     81.8  	     81.6  	     83.2  	     
79.4  	     81.3  	     82.8  	     83.6  	     82.3  	     81.8  	     81.7  	     83.4  	     
79.7  	     81.5  	     83.1  	     83.8  	     82.8  	     82.0  	     81.9  	     83.6  	     
79.7  	     81.7  	     83.3  	     84.0  	     82.8  	     82.2  	     81.9  	     83.7  	     
79.9  	     81.9  	     83.4  	     84.3  	     83.1  	     82.4  	     82.0  	     83.9  	     
80.0  	     81.9  	     83.4  	     84.2  	     82.9  	     82.2  	     82.1  	     83.8  	     
80.1  	     82.1  	     83.5  	     84.7  	     83.2  	     82.6  	     82.3  	     83.9  	     
80.3  	     82.4  	     83.9  	     85.2  	     83.2  	     82.8  	     82.7  	     84.1  	     
80.6  	     82.7  	     84.1  	     85.5  	     83.5  	     83.1  	     82.6  	     84.6  	     
80.8  	     83.1  	     84.4  	     85.9  	     83.7  	     83.7  	     83.1  	     85.2  	     
81.0  	     83.6  	     84.9  	     86.6  	     84.0  	     84.0  	     83.3  	     85.6  	     
81.3  	     84.1  	     85.2  	     87.1  	     84.3  	     84.5  	     83.6  	     86.1  	     
81.6  	     84.5  	     85.5  	     87.5  	     84.9  	     84.9  	     84.0  	     86.5  	     
82.0  	     85.1  	     85.8  	     88.2  	     85.3  	     85.2  	     84.2  	     86.9  	     
82.3  	     85.4  	     86.3  	     88.7  	     85.7  	     85.6  	     84.8  	     87.2  	     
82.8  	     86.2  	     86.6  	     89.3  	     86.2  	     86.0  	     85.0  	     87.6  	     
83.2  	     86.7  	     87.2  	     89.9  	     86.6  	     86.6  	     85.4  	     88.4  	     
83.7  	     87.4  	     87.6  	     90.4  	     87.3  	     86.9  	     86.0  	     88.7  	     
83.9  	     87.3  	     87.9  	     90.7  	     87.6  	     87.2  	     86.1  	     89.0  	     
84.2  	     87.6  	     88.1  	     91.1  	     87.8  	     87.4  	     86.4  	     89.3  	     
84.5  	     88.4  	     88.6  	     91.6  	     88.3  	     87.9  	     86.7  	     89.8  	     
85.1  	     88.8  	     89.0  	     92.3  	     89.6  	     88.5  	     87.2  	     90.2  	     
85.6  	     89.5  	     89.5  	     92.8  	     89.3  	     89.0  	     87.6  	     90.9  	     
86.3  	     90.2  	     90.1  	     93.4  	     89.8  	     89.4  	     88.1  	     91.2  	     
86.7  	     90.6  	     90.4  	     94.1  	     90.4  	     89.9  	     88.7  	     91.9  	     
87.3  	     91.4  	     91.0  	     94.7  	     92.0  	     90.5  	     89.2  	     92.6  	     
87.8  	     92.0  	     91.5  	     95.5  	     91.6  	     91.1  	     89.9  	     93.1  	     
88.5  	     92.6  	     92.0  	     95.8  	     92.0  	     91.8  	     90.4  	     93.6  	     
89.0  	     93.3  	     92.8  	     96.7  	     92.7  	     92.4  	     90.9  	     94.4  	     
89.5  	     94.0  	     93.2  	     97.4  	     93.3  	     92.9  	     91.5  	     94.8  	     
90.1  	     94.7  	     93.7  	     98.0  	     93.7  	     93.5  	     92.0  	     95.5  	     
90.4  	     95.5  	     94.2  	     98.7  	     94.4  	     94.1  	     92.5  	     96.2  	     
91.3  	     96.0  	     94.8  	     99.4  	     94.9  	     94.8  	     93.2  	     96.8  	     
91.8  	     96.7  	     95.5  	     100.2  	     95.6  	     95.3  	     93.7  	     97.4  	     
92.5  	     97.3  	     96.1  	     100.8  	     96.2  	     96.0  	     94.4  	     98.0  	     
93.1  	     98.0  	     96.8  	     101.5  	     96.9  	     96.8  	     95.2  	     98.6  	     
93.8  	     98.7  	     97.3  	     102.2  	     97.4  	     97.5  	     95.8  	     99.3  	     
94.4  	     99.4  	     98.1  	     102.8  	     97.9  	     98.1  	     96.5  	     99.8  	     
94.5  	     99.5  	     98.2  	     103.1  	     98.2  	     98.3  	     96.7  	     100.0  	     
95.1  	     100.2  	     98.6  	     103.4  	     98.6  	     98.9  	     97.2  	     100.6  	     
95.7  	     101.0  	     99.3  	     104.3  	     99.2  	     99.5  	     97.9  	     101.4  	     
96.5  	     101.5  	     99.7  	     104.6  	     99.9  	     99.9  	     98.3  	     101.9  	     
97.3  	     102.1  	     100.4  	     105.1  	     100.7  	     100.5  	     98.9  	     102.4  	     
97.8  	     102.7  	     101.0  	     106.1  	     101.2  	     101.2  	     99.5  	     103.1  	     
98.2  	     103.8  	     102.2  	     107.4  	     101.5  	     102.6  	     100.4  	     104.4  	     
98.7  	     105.2  	     103.6  	     109.3  	     102.0  	     104.0  	     101.4  	     105.9  	     
99.6  	     107.2  	     105.2  	     111.5  	     102.8  	     105.7  	     102.9  	     107.7  	     
100.6  	     109.3  	     107.3  	     114.2  	     104.0  	     107.8  	     104.2  	     109.4  	     
101.7  	     111.6  	     109.3  	     117.1  	     105.6  	     110.1  	     105.8  	     112.2  	     
103.2  	     114.4  	     111.9  	     120.2  	     107.8  	     112.9  	     107.6  	     114.9  	     
105.1  	     117.3  	     114.8  	     123.9  	     110.4  	     115.6  	     109.9  	     117.6  	     
107.2  	     120.2  	     117.6  	     127.5  	     113.0  	     118.8  	     111.7  	     120.7  	     
109.5  	     123.2  	     121.1  	     131.4  	     115.8  	     122.0  	     113.9  	     123.9  	     
112.4  	     126.3  	     124.1  	     135.4  	     119.2  	     125.2  	     116.6  	     127.2  	     
115.3  	     129.6  	     127.5  	     139.5  	     122.8  	     128.8  	     119.1  	     130.8  	     
118.2  	     132.8  	     130.5  	     143.5  	     126.5  	     132.3  	     121.9  	     133.8  	     
121.5  	     136.1  	     134.4  	     148.0  	     130.5  	     136.2  	     124.7  	     137.9  	     
125.1  	     139.4  	     137.8  	     152.7  	     134.6  	     140.0  	     127.8  	     141.6  	     
128.8  	     143.2  	     141.9  	     156.9  	     138.8  	     143.7  	     130.7  	     146.5  	     
132.4  	     146.5  	     145.8  	     161.7  	     143.3  	     148.0  	     133.7  	     150.4  	     
136.4  	     150.2  	     150.1  	     166.2  	     147.7  	     151.9  	     136.9  	     154.4  	     
139.2  	     152.6  	     152.7  	     169.7  	     150.7  	     154.4  	     139.2  	     157.6  	     
140.4  	     153.9  	     153.6  	     170.8  	     152.3  	     155.8  	     140.1  	     159.1  	     
144.3  	     157.5  	     158.2  	     175.9  	     156.8  	     159.9  	     143.3  	     163.1  	     
148.7  	     161.5  	     161.9  	     180.3  	     161.4  	     163.9  	     147.0  	     167.4  	     
153.3  	     165.0  	     166.1  	     184.9  	     166.0  	     167.9  	     150.0  	     171.7  	     
157.4  	     169.2  	     170.7  	     189.6  	     170.6  	     172.4  	     153.4  	     176.5  	     
161.0  	     172.8  	     174.4  	     194.3  	     175.1  	     176.7  	     156.9  	     180.6  	     
165.3  	     176.7  	     178.7  	     199.1  	     179.7  	     180.7  	     160.3  	     184.6  	     
169.9  	     180.6  	     182.8  	     203.7  	     184.3  	     185.1  	     164.1  	     189.4  	     
170.9  	     181.2  	     183.7  	     204.8  	     185.2  	     186.1  	     164.6  	     190.1  	     
174.3  	     184.4  	     187.0  	     208.3  	     188.7  	     189.1  	     167.8  	     193.9  	     
178.5  	     188.5  	     191.2  	     212.7  	     193.1  	     193.4  	     171.5  	     198.4  	     
183.2  	     192.3  	     195.5  	     217.3  	     197.5  	     197.2  	     174.6  	     202.2  	     
187.9  	     196.1  	     199.0  	     221.3  	     202.1  	     200.8  	     178.0  	     206.5  	     
191.0  	     199.0  	     201.6  	     224.0  	     205.2  	     203.6  	     180.8  	     209.1  	     
192.2  	     199.9  	     202.7  	     224.6  	     206.4  	     204.5  	     181.8  	     209.7  	     
196.6  	     203.5  	     205.7  	     227.7  	     210.6  	     207.8  	     185.2  	     213.5  	     
200.5  	     206.9  	     208.8  	     230.9  	     214.4  	     210.7  	     188.5  	     216.4  	     
204.3  	     210.0  	     212.0  	     233.5  	     217.8  	     213.1  	     191.6  	     219.7  	     
207.7  	     213.2  	     214.9  	     236.1  	     221.0  	     216.0  	     195.2  	     222.5  	     
211.0  	     216.1  	     217.3  	     238.0  	     223.6  	     218.2  	     197.8  	     224.4  	     
214.0  	     218.6  	     219.6  	     240.1  	     226.1  	     220.8  	     201.3  	     226.6  	     
216.9  	     221.1  	     221.7  	     242.3  	     228.6  	     222.8  	     203.8  	     229.2  	     
219.4  	     223.5  	     223.7  	     243.3  	     230.3  	     224.8  	     206.0  	     231.4  	     
219.7  	     223.6  	     223.7  	     243.5  	     230.7  	     224.8  	     206.6  	     231.3  	     
222.2  	     225.8  	     225.8  	     245.1  	     232.5  	     226.9  	     209.3  	     233.6  	     
224.2  	     227.5  	     227.4  	     246.4  	     234.3  	     228.6  	     212.1  	     234.6  	     
226.6  	     229.6  	     229.2  	     248.0  	     236.6  	     230.3  	     214.2  	     237.3  	     
228.5  	     231.8  	     230.9  	     248.9  	     237.5  	     232.0  	     216.5  	     238.4  	     
230.5  	     233.5  	     232.5  	     249.7  	     239.1  	     233.4  	     218.5  	     240.3  	     
232.5  	     235.4  	     234.1  	     250.9  	     240.4  	     234.9  	     221.0  	     241.5  	     
234.3  	     236.5  	     235.3  	     252.0  	     241.8  	     236.1  	     222.5  	     242.7  	     
236.5  	     242.5  	     231.0  	     252.6  	     242.6  	     237.7  	     217.5  	     241.4  	     
237.5  	     240.1  	     238.3  	     253.0  	     244.2  	     238.8  	     226.2  	     245.3  	     
239.0  	     241.5  	     239.5  	     254.0  	     245.4  	     239.9  	     228.2  	     246.2  	     
240.2  	     242.8  	     240.7  	     254.8  	     246.5  	     241.2  	     229.8  	     247.2  	     
241.8  	     244.3  	     241.7  	     255.7  	     247.5  	     242.4  	     231.2  	     248.1  	     
243.0  	     245.6  	     242.9  	     256.3  	     248.6  	     243.4  	     232.7  	     249.3  	     
244.4  	     246.7  	     243.9  	     256.8  	     249.4  	     244.5  	     234.5  	     249.7  	     
245.3  	     248.0  	     244.7  	     257.3  	     250.3  	     245.4  	     235.8  	     250.6  	     
246.5  	     249.1  	     245.7  	     257.9  	     251.8  	     246.3  	     237.0  	     251.2  	     
247.7  	     250.4  	     246.6  	     258.2  	     252.1  	     247.1  	     238.4  	     252.3  	     
248.5  	     251.6  	     247.5  	     258.8  	     252.8  	     248.0  	     239.7  	     252.9  	     
249.5  	     252.4  	     248.6  	     259.2  	     253.4  	     248.7  	     240.9  	     253.8  	     
250.4  	     253.5  	     249.3  	     259.4  	     254.0  	     249.6  	     241.8  	     254.2  	     
251.3  	     254.1  	     249.9  	     259.7  	     254.5  	     250.3  	     242.9  	     254.7  	     
252.1  	     254.9  	     250.6  	     260.3  	     255.2  	     251.0  	     243.9  	     255.2  	     
252.2  	     255.2  	     250.9  	     260.2  	     255.4  	     251.3  	     244.2  	     255.5  	     
252.6  	     255.7  	     251.3  	     260.3  	     255.7  	     251.8  	     244.7  	     255.6  	     
253.7  	     256.3  	     251.9  	     261.7  	     256.2  	     252.3  	     245.8  	     256.1  	     
254.4  	     256.9  	     252.7  	     261.1  	     256.6  	     252.8  	     246.6  	     256.7  	     
254.9  	     257.5  	     253.5  	     261.3  	     257.1  	     253.6  	     247.7  	     256.9  	     
255.6  	     258.3  	     254.1  	     261.8  	     258.5  	     254.1  	     248.3  	     257.6  	     
256.0  	     258.7  	     254.6  	     262.1  	     257.8  	     254.5  	     249.0  	     257.7  	     
256.8  	     259.2  	     255.2  	     262.3  	     258.3  	     255.1  	     249.7  	     258.3  	     
257.0  	     259.6  	     255.7  	     262.5  	     258.6  	     255.6  	     250.6  	     258.6  	     
257.6  	     259.9  	     256.0  	     262.7  	     258.9  	     256.1  	     251.4  	     259.0  	     
258.0  	     260.3  	     256.4  	     262.9  	     259.3  	     256.5  	     252.0  	     259.1  	     
258.5  	     260.7  	     257.1  	     263.1  	     259.6  	     256.9  	     252.7  	     259.6  	     
258.9  	     261.3  	     257.3  	     263.1  	     259.9  	     257.3  	     253.2  	     259.8  	     
259.4  	     261.5  	     257.8  	     263.4  	     260.1  	     257.7  	     253.8  	     260.0  	     
259.7  	     261.7  	     258.1  	     263.5  	     260.3  	     258.1  	     254.4  	     260.2  	     
260.0  	     261.8  	     258.5  	     263.0  	     260.6  	     258.4  	     254.9  	     260.3  	     
260.3  	     262.3  	     258.8  	     264.0  	     260.8  	     258.8  	     255.5  	     260.8  	     
260.5  	     262.4  	     259.1  	     264.0  	     261.0  	     259.0  	     256.0  	     261.2  	     
260.8  	     262.8  	     259.4  	     264.1  	     261.3  	     259.4  	     256.3  	     261.3  	     
261.1  	     263.0  	     259.9  	     264.4  	     261.3  	     259.6  	     256.8  	     261.7  	     
261.5  	     263.1  	     260.2  	     264.5  	     261.5  	     260.0  	     257.2  	     261.7  	     
261.5  	     263.4  	     260.4  	     264.6  	     261.7  	     260.2  	     257.7  	     261.9  	     
261.7  	     263.7  	     260.7  	     265.0  	     261.9  	     260.5  	     258.1  	     262.2  	     
262.0  	     263.8  	     261.4  	     265.0  	     261.8  	     260.7  	     258.2  	     263.5  	     
261.9  	     263.8  	     261.1  	     265.0  	     262.0  	     260.7  	     258.4  	     262.4  	     
262.3  	     264.0  	     261.4  	     265.3  	     262.2  	     261.1  	     258.7  	     262.6  	     
262.3  	     264.2  	     261.6  	     265.5  	     262.4  	     261.4  	     259.2  	     262.9  	     
262.8  	     264.5  	     261.8  	     265.7  	     262.6  	     261.7  	     259.6  	     262.9  	     
262.9  	     264.7  	     261.9  	     265.5  	     262.8  	     261.8  	     259.9  	     263.0  	     
263.2  	     264.9  	     262.3  	     265.5  	     262.9  	     261.8  	     259.9  	     263.2  	     
263.3  	     264.6  	     262.5  	     265.4  	     263.0  	     261.8  	     260.0  	     263.1  	     
263.4  	     264.4  	     262.5  	     265.5  	     263.1  	     262.0  	     260.3  	     262.9  	     
263.4  	     264.9  	     262.1  	     265.0  	     263.1  	     262.0  	     260.5  	     263.1  	     
263.5  	     264.7  	     262.3  	     265.0  	     263.2  	     262.0  	     260.7  	     262.7  	     
263.5  	     264.6  	     262.1  	     264.6  	     263.0  	     262.0  	     260.7  	     262.9  	     
263.6  	     264.6  	     262.2  	     264.6  	     263.0  	     262.1  	     261.0  	     263.2  	     
263.5  	     264.7  	     262.4  	     264.6  	     263.0  	     262.2  	     261.2  	     263.0  	     
263.6  	     264.9  	     262.5  	     264.6  	     262.9  	     262.1  	     261.3  	     262.9  	     
263.6  	     264.9  	     262.7  	     264.7  	     262.9  	     262.3  	     261.3  	     262.9  	     
263.7  	     264.8  	     262.6  	     264.4  	     262.8  	     262.2  	     261.5  	     262.9  	     
263.7  	     264.9  	     262.8  	     264.5  	     262.7  	     262.5  	     261.7  	     263.3  	     
263.6  	     264.6  	     262.8  	     264.9  	     262.7  	     262.6  	     262.3  	     262.6  	     
263.6  	     264.9  	     262.9  	     264.5  	     262.7  	     262.7  	     262.1  	     263.1  	     
263.5  	     265.1  	     262.9  	     264.9  	     263.0  	     262.7  	     262.3  	     263.1  	     
263.5  	     264.7  	     263.0  	     264.6  	     262.8  	     262.7  	     262.2  	     263.3  	     
263.4  	     264.7  	     263.0  	     264.9  	     262.8  	     262.8  	     262.4  	     263.0  	     
263.5  	     264.8  	     263.1  	     264.9  	     262.9  	     262.8  	     262.6  	     263.1  	     
263.6  	     265.3  	     263.3  	     265.1  	     262.9  	     262.9  	     262.7  	     263.0  	     
263.7  	     265.4  	     263.1  	     265.1  	     262.9  	     263.0  	     262.9  	     263.3  	     
263.7  	     265.3  	     263.3  	     265.0  	     263.1  	     263.1  	     263.0  	     263.2  	     
263.9  	     265.2  	     263.4  	     265.1  	     263.0  	     263.2  	     263.0  	     263.6  	     
263.9  	     265.4  	     263.4  	     265.2  	     263.2  	     263.2  	     263.2  	     263.7  	     
263.9  	     265.4  	     263.6  	     265.3  	     263.2  	     263.4  	     263.3  	     263.6  	     
263.9  	     265.4  	     263.4  	     265.4  	     263.3  	     263.4  	     263.4  	     263.6  	     
263.9  	     265.7  	     263.9  	     265.5  	     263.3  	     263.6  	     263.4  	     263.9  	     
264.0  	     265.6  	     263.7  	     265.6  	     263.5  	     263.6  	     263.8  	     263.6  	     
264.0  	     265.7  	     264.0  	     265.6  	     263.5  	     263.8  	     263.8  	     263.9  	     
263.9  	     265.8  	     264.0  	     265.9  	     263.5  	     263.9  	     263.9  	     264.0  	     
264.4  	     265.8  	     264.0  	     265.9  	     263.7  	     264.2  	     264.1  	     264.2  	     
264.5  	     265.9  	     264.3  	     265.9  	     263.7  	     264.3  	     264.3  	     264.1  	     
264.5  	     266.1  	     264.2  	     266.1  	     263.4  	     264.3  	     264.1  	     264.4  	     
264.4  	     266.1  	     264.3  	     266.1  	     263.9  	     264.4  	     264.4  	     264.5  	     
264.9  	     266.0  	     264.5  	     266.1  	     264.1  	     264.3  	     264.5  	     264.2  	     
265.0  	     265.9  	     264.3  	     265.8  	     264.2  	     264.0  	     264.6  	     264.3  	     
264.8  	     266.2  	     264.4  	     265.6  	     264.1  	     264.1  	     264.5  	     264.1  	     
264.7  	     265.8  	     264.0  	     265.7  	     264.1  	     264.0  	     264.7  	     263.6  	     
264.8  	     265.8  	     263.9  	     265.6  	     264.1  	     264.0  	     264.5  	     264.4  	     
264.7  	     265.6  	     263.9  	     265.0  	     263.9  	     264.0  	     264.3  	     263.7  	     
264.7  	     265.8  	     264.0  	     265.2  	     263.9  	     263.9  	     264.5  	     264.1  	     
264.5  	     265.9  	     263.8  	     265.4  	     263.8  	     263.9  	     264.2  	     263.9  	     
264.4  	     265.8  	     264.1  	     265.1  	     263.6  	     263.8  	     264.1  	     263.6  	     
264.5  	     265.5  	     264.0  	     265.0  	     263.7  	     263.8  	     264.5  	     263.6  	     
264.3  	     265.5  	     264.0  	     265.0  	     263.5  	     263.7  	     264.3  	     263.6  	     
264.3  	     265.5  	     264.0  	     265.1  	     263.5  	     263.7  	     264.3  	     263.7  	     
264.2  	     265.3  	     263.9  	     264.9  	     263.4  	     263.7  	     264.2  	     263.4  	     
263.9  	     265.6  	     263.9  	     265.0  	     263.5  	     263.7  	     264.2  	     263.6  	     
263.9  	     265.4  	     264.0  	     265.0  	     263.2  	     263.8  	     264.3  	     263.1  	     
264.2  	     265.4  	     264.0  	     265.0  	     263.2  	     263.7  	     264.2  	     263.5  	     
264.0  	     265.5  	     264.1  	     264.9  	     263.3  	     263.7  	     264.4  	     263.6  	     
264.2  	     265.6  	     264.1  	     265.1  	     263.3  	     263.8  	     264.4  	     263.6  	     
264.0  	     265.6  	     264.0  	     265.2  	     263.0  	     263.7  	     264.4  	     263.9  	     
264.1  	     265.6  	     264.0  	     265.2  	     263.3  	     263.8  	     264.5  	     263.6  	     
264.1  	     265.7  	     264.2  	     265.2  	     263.4  	     263.8  	     264.6  	     263.6  	     
264.0  	     265.7  	     264.2  	     265.2  	     263.4  	     263.9  	     264.6  	     263.7  	     
264.0  	     265.6  	     264.2  	     265.1  	     263.4  	     263.9  	     264.6  	     263.9  	     
264.0  	     265.6  	     264.3  	     265.3  	     263.4  	     264.0  	     264.7  	     263.9  	     
264.2  	     265.6  	     264.3  	     265.3  	     263.5  	     264.0  	     264.7  	     264.0  	     
264.1  	     265.8  	     264.4  	     265.2  	     263.5  	     264.1  	     264.9  	     264.0  	     
264.1  	     265.8  	     264.3  	     265.5  	     263.7  	     264.2  	     265.0  	     264.1  	     
264.1  	     265.8  	     264.4  	     265.5  	     263.6  	     264.3  	     264.9  	     264.2  	     
264.3  	     265.9  	     264.5  	     265.7  	     263.6  	     264.4  	     265.1  	     264.3  	     
264.2  	     266.0  	     264.5  	     265.7  	     263.8  	     264.5  	     265.2  	     264.4  	     
264.4  	     266.0  	     264.7  	     266.0  	     263.7  	     264.6  	     265.2  	     264.4  	     
264.3  	     266.3  	     264.8  	     266.1  	     264.0  	     264.6  	     265.2  	     264.7  	     
264.1  	     266.2  	     264.8  	     266.2  	     264.1  	     264.7  	     265.2  	     264.7  	     
264.8  	     266.1  	     264.8  	     266.1  	     264.1  	     264.6  	     265.2  	     264.7  	     
264.8  	     266.3  	     264.7  	     266.2  	     264.2  	     264.4  	     265.0  	     264.2  	     
264.5  	     265.9  	     264.8  	     266.0  	     264.2  	     264.4  	     265.2  	     264.4  	     
264.8  	     265.7  	     264.7  	     265.7  	     264.3  	     264.4  	     265.2  	     264.4  	     
264.8  	     266.0  	     264.6  	     265.5  	     264.9  	     264.2  	     265.4  	     264.1  	     
264.8  	     265.6  	     264.3  	     265.1  	     264.2  	     264.1  	     265.2  	     264.1  	     
264.7  	     265.7  	     264.4  	     265.4  	     263.9  	     264.2  	     264.8  	     263.9  	     
264.5  	     265.6  	     264.3  	     265.0  	     262.9  	     264.0  	     265.2  	     263.7  	     
264.4  	     265.6  	     264.2  	     265.1  	     263.7  	     263.9  	     265.0  	     263.5  	     
264.8  	     265.7  	     264.2  	     264.9  	     263.7  	     264.0  	     265.0  	     263.7  	     
264.3  	     265.6  	     264.2  	     264.9  	     263.6  	     263.8  	     264.9  	     263.6  	     
264.1  	     265.6  	     264.0  	     264.9  	     263.5  	     264.0  	     264.9  	     263.9  	     
264.2  	     265.6  	     264.1  	     264.9  	     263.4  	     263.9  	     265.0  	     263.6  	     
264.2  	     265.4  	     264.2  	     265.0  	     263.4  	     263.8  	     264.9  	     263.7  	     
264.2  	     265.4  	     264.2  	     264.6  	     263.5  	     263.7  	     265.0  	     263.4  	     
264.0  	     265.4  	     264.1  	     265.0  	     263.5  	     263.8  	     264.9  	     263.9  	     
263.9  	     265.4  	     264.1  	     265.0  	     263.4  	     263.8  	     264.9  	     263.6  	     
264.0  	     265.3  	     264.1  	     264.7  	     263.4  	     263.7  	     264.8  	     263.6  	     
263.9  	     265.4  	     264.1  	     264.9  	     263.4  	     263.9  	     264.7  	     263.9  	     
263.9  	     265.6  	     264.2  	     265.0  	     263.4  	     263.8  	     264.7  	     263.9  	     
263.9  	     265.5  	     264.1  	     265.0  	     263.4  	     263.9  	     264.7  	     263.7  	     
264.0  	     265.4  	     264.1  	     265.0  	     263.4  	     263.9  	     264.8  	     263.7  	     
263.9  	     265.5  	     264.1  	     264.9  	     263.5  	     263.9  	     264.8  	     263.6  	     
264.0  	     265.6  	     264.1  	     264.9  	     263.5  	     263.9  	     264.9  	     263.9  	     
264.1  	     265.4  	     264.3  	     265.1  	     263.5  	     264.0  	     264.9  	     263.9  	     
263.9  	     265.4  	     264.3  	     265.2  	     263.5  	     263.9  	     265.1  	     263.9  	     
264.1  	     265.6  	     264.3  	     265.2  	     263.6  	     264.1  	     264.9  	     264.0  	     
264.4  	     265.7  	     264.3  	     265.3  	     263.6  	     264.0  	     265.0  	     264.0  	     
264.0  	     265.7  	     264.5  	     265.4  	     263.5  	     264.2  	     264.9  	     264.2  	     
264.2  	     265.7  	     264.0  	     264.6  	     263.7  	     263.5  	     264.7  	     263.4  	     
264.3  	     265.0  	     263.3  	     263.4  	     263.9  	     262.7  	     264.3  	     262.2  	     
264.2  	     264.1  	     262.6  	     261.9  	     263.8  	     261.9  	     263.7  	     261.3  	     
263.9  	     263.0  	     261.7  	     260.3  	     263.5  	     260.9  	     263.0  	     260.4  	     
263.5  	     261.9  	     260.6  	     258.7  	     262.9  	     259.8  	     262.1  	     259.1  	     
262.8  	     260.6  	     259.5  	     256.7  	     261.9  	     258.5  	     260.9  	     257.8  	     
262.2  	     259.0  	     258.4  	     254.6  	     260.9  	     257.0  	     259.8  	     256.3  	     
261.2  	     257.2  	     256.9  	     252.2  	     259.7  	     255.5  	     258.4  	     254.7  	     
260.1  	     255.8  	     255.3  	     250.1  	     258.4  	     253.9  	     257.2  	     252.6  	     
259.1  	     254.0  	     253.8  	     247.4  	     256.7  	     252.2  	     255.5  	     250.9  	     
257.8  	     252.0  	     252.0  	     245.0  	     254.9  	     250.3  	     254.1  	     248.9  	     
256.2  	     250.0  	     250.3  	     242.3  	     253.3  	     248.6  	     252.6  	     246.8  	     
254.8  	     247.6  	     248.6  	     239.7  	     251.3  	     246.5  	     251.0  	     244.4  	     
253.2  	     245.5  	     246.6  	     236.8  	     249.2  	     244.6  	     248.9  	     242.8  	     
251.3  	     243.6  	     244.6  	     234.2  	     247.2  	     242.6  	     247.1  	     240.2  	     
249.5  	     241.2  	     242.3  	     231.4  	     245.1  	     240.5  	     245.0  	     237.6  	     
249.1  	     240.7  	     242.1  	     230.6  	     244.6  	     239.8  	     245.0  	     237.4  	     
247.7  	     239.0  	     240.6  	     228.6  	     242.8  	     238.4  	     243.2  	     235.5  	     
245.8  	     236.6  	     238.2  	     225.9  	     240.7  	     236.0  	     241.2  	     233.3  	     
243.6  	     234.3  	     235.8  	     223.2  	     238.4  	     234.0  	     239.2  	     230.9  	     
241.6  	     232.2  	     234.0  	     220.7  	     236.1  	     231.8  	     237.0  	     228.9  	     
239.5  	     229.6  	     231.8  	     218.1  	     233.8  	     229.7  	     235.1  	     226.5  	     
237.4  	     227.5  	     229.7  	     215.5  	     231.5  	     227.4  	     232.8  	     224.2  	     
235.1  	     225.3  	     227.5  	     212.9  	     229.3  	     225.1  	     230.7  	     222.3  	     
233.1  	     222.9  	     225.8  	     210.5  	     227.1  	     223.1  	     228.7  	     220.0  	     
230.9  	     220.7  	     223.5  	     208.2  	     224.7  	     220.9  	     226.7  	     217.5  	     
228.5  	     218.6  	     221.4  	     206.1  	     222.5  	     218.8  	     224.8  	     215.0  	     
226.2  	     216.2  	     219.2  	     203.4  	     220.2  	     216.6  	     222.8  	     213.0  	     
224.2  	     214.2  	     217.1  	     201.3  	     217.9  	     214.5  	     221.0  	     210.7  	     
222.2  	     212.0  	     215.3  	     199.2  	     215.7  	     212.4  	     218.9  	     208.8  	     
220.0  	     209.6  	     213.2  	     197.0  	     213.4  	     210.3  	     216.9  	     206.6  	     
218.1  	     207.5  	     211.4  	     194.8  	     211.3  	     208.2  	     215.0  	     204.3  	     
215.7  	     205.4  	     209.3  	     192.8  	     209.1  	     206.0  	     213.1  	     202.4  	     
213.7  	     203.5  	     207.3  	     190.6  	     207.0  	     204.1  	     211.3  	     200.5  	     
211.6  	     201.4  	     205.3  	     188.6  	     205.0  	     202.1  	     209.3  	     198.3  	     
209.4  	     199.4  	     203.5  	     186.7  	     202.8  	     200.1  	     207.1  	     196.4  	     
207.4  	     197.7  	     201.5  	     184.8  	     200.9  	     198.2  	     205.4  	     194.5  	     
205.2  	     195.5  	     199.6  	     183.0  	     198.8  	     196.4  	     203.3  	     192.5  	     
203.3  	     193.7  	     197.7  	     181.2  	     196.9  	     194.6  	     201.4  	     190.6  	     
201.2  	     192.1  	     195.7  	     179.4  	     195.0  	     192.6  	     199.6  	     188.6  	     
199.3  	     190.1  	     194.0  	     177.9  	     193.0  	     190.8  	     197.9  	     187.4  	     
197.2  	     188.4  	     192.5  	     176.1  	     191.3  	     189.1  	     196.2  	     185.5  	     
195.4  	     186.5  	     190.6  	     174.2  	     188.6  	     187.1  	     194.3  	     183.6  	     
193.7  	     184.6  	     188.9  	     173.0  	     187.7  	     185.4  	     192.6  	     182.1  	     
191.4  	     183.1  	     187.3  	     171.2  	     185.9  	     183.9  	     190.9  	     180.0  	     
189.8  	     181.3  	     185.4  	     169.8  	     184.1  	     181.9  	     189.3  	     178.5  	     
187.7  	     179.7  	     183.7  	     168.4  	     182.2  	     180.4  	     187.6  	     177.2  	     
186.0  	     178.0  	     182.2  	     166.9  	     180.6  	     178.7  	     185.9  	     175.4  	     
184.3  	     176.3  	     180.6  	     165.5  	     179.0  	     177.2  	     184.5  	     173.8  	     
182.4  	     174.8  	     179.0  	     164.0  	     177.4  	     175.6  	     182.7  	     172.5  	     
180.8  	     173.4  	     177.4  	     162.7  	     175.9  	     174.2  	     181.2  	     170.9  	     
179.2  	     171.8  	     175.9  	     161.4  	     174.2  	     172.7  	     179.8  	     169.5  	     
177.5  	     170.3  	     174.5  	     160.2  	     172.9  	     171.3  	     178.0  	     167.8  	     
176.1  	     168.6  	     173.0  	     158.8  	     171.3  	     169.6  	     176.6  	     166.7  	     
174.5  	     167.5  	     171.6  	     157.9  	     169.9  	     168.4  	     175.1  	     165.1  	     
173.0  	     166.1  	     169.9  	     156.7  	     168.5  	     167.0  	     173.5  	     164.0  	     
171.6  	     164.8  	     168.5  	     155.4  	     166.9  	     165.6  	     172.3  	     162.6  	     
170.0  	     163.6  	     167.3  	     154.2  	     165.7  	     164.3  	     170.8  	     161.0  	     
168.5  	     162.1  	     165.9  	     153.1  	     164.2  	     162.9  	     169.7  	     159.7  	     
167.1  	     160.9  	     164.7  	     152.0  	     162.9  	     161.6  	     168.2  	     158.8  	     
165.7  	     159.7  	     163.4  	     151.0  	     161.8  	     160.5  	     166.8  	     157.6  	     
164.3  	     158.4  	     162.0  	     149.9  	     160.4  	     159.3  	     165.5  	     156.5  	     
163.0  	     157.0  	     160.9  	     148.9  	     159.0  	     157.9  	     164.4  	     155.4  	     
161.6  	     155.9  	     159.8  	     147.9  	     157.9  	     156.8  	     163.1  	     154.3  	     
160.5  	     154.9  	     158.6  	     146.9  	     156.7  	     155.8  	     161.9  	     153.3  	     
159.2  	     153.8  	     157.4  	     145.8  	     155.5  	     154.6  	     160.7  	     152.1  	     
157.8  	     152.6  	     156.4  	     145.0  	     154.4  	     153.5  	     159.5  	     151.1  	     
156.7  	     151.7  	     155.1  	     144.1  	     153.3  	     152.4  	     158.3  	     150.0  	     
155.7  	     150.6  	     154.1  	     143.3  	     152.2  	     151.5  	     157.2  	     149.1  	     
154.5  	     149.7  	     153.0  	     142.4  	     151.0  	     150.3  	     156.2  	     148.1  	     
153.3  	     148.5  	     152.0  	     141.6  	     150.0  	     149.3  	     155.0  	     147.1  	     
152.2  	     147.3  	     151.0  	     140.8  	     149.0  	     148.2  	     154.0  	     146.1  	     
151.2  	     146.7  	     149.8  	     140.0  	     148.0  	     147.2  	     152.9  	     145.2  	     
150.1  	     145.9  	     148.8  	     139.2  	     147.0  	     146.3  	     151.9  	     144.3  	     
149.0  	     144.8  	     147.8  	     138.3  	     146.1  	     145.2  	     150.7  	     143.4  	     
148.0  	     143.8  	     146.9  	     137.6  	     145.2  	     144.5  	     149.7  	     142.5  	     
146.9  	     143.0  	     146.0  	     137.0  	     144.1  	     143.6  	     149.0  	     141.8  	     
145.9  	     142.3  	     145.1  	     136.2  	     143.2  	     142.7  	     147.9  	     140.9  	     
145.2  	     141.3  	     144.2  	     135.5  	     142.6  	     141.9  	     146.9  	     140.1  	     
143.8  	     140.5  	     143.2  	     134.8  	     141.5  	     141.1  	     146.1  	     139.2  	     
143.1  	     139.4  	     142.3  	     134.1  	     140.7  	     140.1  	     145.3  	     138.6  	     
142.3  	     139.0  	     141.5  	     133.4  	     139.8  	     139.3  	     144.5  	     137.7  	     
141.5  	     137.9  	     140.7  	     132.7  	     139.1  	     138.5  	     143.6  	     137.2  	     
140.5  	     137.1  	     139.9  	     132.2  	     138.3  	     137.8  	     142.7  	     136.5  	     
139.7  	     136.5  	     139.2  	     131.6  	     137.6  	     136.9  	     141.9  	     135.8  	     
138.9  	     135.8  	     138.3  	     131.0  	     136.9  	     136.3  	     141.1  	     135.1  	     
138.0  	     135.0  	     137.6  	     130.5  	     136.1  	     135.5  	     140.4  	     134.5  	     
137.5  	     134.5  	     137.0  	     129.8  	     135.4  	     134.8  	     139.6  	     133.8  	     
136.9  	     133.7  	     136.1  	     129.3  	     134.7  	     134.2  	     138.9  	     133.2  	     
136.6  	     133.8  	     136.1  	     129.2  	     134.6  	     134.1  	     138.8  	     132.9  	     
135.8  	     133.0  	     135.5  	     128.9  	     134.0  	     133.4  	     138.1  	     132.4  	     
135.2  	     132.5  	     134.6  	     128.1  	     133.4  	     132.8  	     137.2  	     131.7  	     
134.2  	     131.7  	     133.9  	     127.7  	     132.7  	     132.0  	     136.3  	     130.9  	     
133.6  	     131.0  	     133.1  	     126.7  	     132.0  	     131.3  	     135.8  	     130.2  	     
132.8  	     130.3  	     132.5  	     126.2  	     131.2  	     130.4  	     135.0  	     129.6  	     
132.1  	     129.4  	     131.9  	     125.5  	     130.5  	     129.7  	     134.3  	     128.9  	     
131.4  	     128.7  	     131.1  	     124.7  	     129.7  	     129.2  	     133.5  	     128.3  	     
130.7  	     128.1  	     130.6  	     124.2  	     128.9  	     128.5  	     132.9  	     127.6  	     
130.0  	     127.5  	     129.8  	     123.6  	     128.2  	     127.9  	     132.3  	     127.0  	     
129.2  	     127.0  	     129.1  	     122.9  	     127.6  	     127.4  	     131.7  	     126.3  	     
128.7  	     126.3  	     128.4  	     122.3  	     126.9  	     126.7  	     131.0  	     125.6  	     
127.9  	     125.6  	     127.8  	     121.7  	     126.2  	     126.1  	     130.4  	     125.1  	     
127.4  	     125.2  	     127.2  	     121.1  	     125.7  	     125.5  	     129.7  	     124.4  	     
126.7  	     124.5  	     126.7  	     120.6  	     125.0  	     124.9  	     129.0  	     123.8  	     
126.1  	     124.0  	     126.0  	     119.9  	     124.4  	     124.3  	     128.5  	     123.3  	     
125.4  	     123.5  	     125.6  	     119.6  	     123.8  	     123.8  	     128.0  	     122.9  	     
124.9  	     123.0  	     125.1  	     119.1  	     123.1  	     123.3  	     127.5  	     122.4  	     
124.2  	     122.7  	     124.7  	     118.8  	     122.7  	     122.8  	     126.7  	     122.0  	     
123.7  	     122.0  	     124.3  	     118.4  	     122.1  	     122.4  	     126.5  	     121.5  	     
123.2  	     121.6  	     123.8  	     118.1  	     121.4  	     122.0  	     126.0  	     121.1  	     
122.8  	     121.1  	     123.3  	     117.7  	     121.0  	     121.7  	     125.4  	     120.7  	     
122.2  	     120.9  	     122.9  	     117.3  	     120.6  	     121.2  	     125.0  	     120.4  	     
121.7  	     120.6  	     122.5  	     117.1  	     120.3  	     120.9  	     124.5  	     119.9  	     
121.2  	     120.2  	     122.2  	     116.8  	     119.9  	     120.5  	     124.2  	     119.6  	     
120.9  	     119.9  	     121.7  	     116.6  	     119.6  	     120.2  	     123.7  	     119.3  	     
120.4  	     119.4  	     121.1  	     116.1  	     119.4  	     119.9  	     123.4  	     118.9  	     
120.1  	     119.1  	     121.0  	     116.0  	     118.9  	     119.4  	     123.1  	     118.6  	     
119.8  	     118.8  	     120.5  	     115.5  	     118.5  	     119.1  	     122.4  	     118.2  	     
119.4  	     118.5  	     120.2  	     115.2  	     118.2  	     118.7  	     122.2  	     117.9  	     
118.9  	     118.2  	     119.9  	     114.9  	     117.8  	     118.3  	     121.7  	     117.6  	     
118.6  	     117.8  	     119.5  	     114.8  	     117.6  	     117.9  	     121.4  	     117.1  	     
118.3  	     117.6  	     119.2  	     114.5  	     117.2  	     117.7  	     120.9  	     116.9  	     
117.9  	     117.1  	     118.8  	     114.2  	     116.8  	     117.3  	     120.6  	     116.5  	     
117.5  	     116.9  	     118.5  	     114.1  	     116.5  	     117.1  	     120.3  	     116.1  	     
117.2  	     116.6  	     118.2  	     113.9  	     116.3  	     116.7  	     120.0  	     115.9  	     
116.8  	     116.3  	     117.9  	     113.6  	     116.0  	     116.4  	     119.7  	     115.9  	     
116.5  	     116.0  	     117.6  	     113.3  	     115.6  	     116.1  	     119.4  	     115.3  	     
116.2  	     115.7  	     117.3  	     113.0  	     115.3  	     115.8  	     119.1  	     115.2  	     
116.0  	     115.5  	     116.9  	     112.8  	     115.0  	     115.6  	     118.8  	     114.8  	     
115.6  	     115.2  	     116.5  	     112.5  	     114.7  	     115.2  	     118.4  	     114.5  	     
115.1  	     114.8  	     116.3  	     112.4  	     114.4  	     115.1  	     118.1  	     114.3  	     
114.8  	     114.7  	     115.9  	     112.2  	     114.1  	     114.8  	     117.9  	     114.1  	     
114.6  	     114.5  	     115.8  	     112.1  	     113.8  	     114.6  	     117.6  	     113.6  	     
114.6  	     114.6  	     115.7  	     111.9  	     113.7  	     114.4  	     117.4  	     113.5  	     
114.3  	     114.2  	     115.4  	     111.7  	     113.6  	     114.3  	     117.2  	     113.3  	     
113.9  	     114.0  	     114.8  	     111.1  	     113.4  	     113.8  	     116.7  	     112.8  	     
113.6  	     113.2  	     114.5  	     110.7  	     113.1  	     113.3  	     116.2  	     112.3  	     
113.4  	     112.6  	     114.1  	     110.2  	     112.7  	     112.9  	     116.0  	     111.8  	     
113.2  	     112.6  	     114.0  	     110.1  	     112.7  	     112.9  	     115.9  	     111.8  	     